// XtraLGS y resolución directa de hecho_DAFJS29_cross_Final2_11_8_3_14_5_3DAinst2__95ops10m8w8jobs  Alobruto 1888modos mks751 en 22722s
//  27mar26 9:35 ¿?¿?¿. Con lags en horquilla [1,4]
IS_ALOBRUTO=1;

// DAFJSP029... pero DRC con uno mío // DAFJSP029... pero DRC con uno mío hecho_DAFJS29_cross_Final2_11_8_3_14_5_3DAinst2__95ops10m8w8jobs.txt
//        Ntaks, nMachs, nWORKERs
Params = <95,10,8>;

precedences ={
<	1	,	2	,	0	>,
<	2	,	3	,	0	>,
<	3	,	4	,	0	>,
<	4	,	5	,	0	>,
<	5	,	6	,	0	>,
<	6	,	11	,	0	>,
<	2	,	7	,	0	>,
<	7	,	8	,	0	>,
<	8	,	9	,	0	>,
<	9	,	10	,	0	>,
<	10	,	11	,	0	>,
<	11	,	12	,	0	>,
<	12	,	13	,	0	>,
<	14	,	15	,	0	>,
<	15	,	16	,	0	>,
<	16	,	17	,	0	>,
<	17	,	18	,	0	>,
<	18	,	20	,	0	>,
<	17	,	19	,	0	>,
<	19	,	20	,	0	>,
<	20	,	21	,	0	>,
<	22	,	23	,	0	>,
<	23	,	24	,	0	>,
<	24	,	25	,	0	>,
<	25	,	26	,	0	>,
<	24	,	27	,	0	>,
<	27	,	28	,	0	>,
<	24	,	29	,	0	>,
<	29	,	30	,	0	>,
<	31	,	32	,	0	>,
<	32	,	33	,	0	>,
<	33	,	34	,	0	>,
<	34	,	35	,	0	>,
<	35	,	36	,	0	>,
<	36	,	37	,	0	>,
<	37	,	39	,	0	>,
<	36	,	38	,	0	>,
<	38	,	39	,	0	>,
<	40	,	41	,	0	>,
<	41	,	44	,	0	>,
<	40	,	42	,	0	>,
<	42	,	44	,	0	>,
<	40	,	43	,	0	>,
<	43	,	44	,	0	>,
<	44	,	45	,	0	>,
<	45	,	46	,	0	>,
<	47	,	48	,	0	>,
<	48	,	49	,	0	>,
<	49	,	50	,	0	>,
<	50	,	51	,	0	>,
<	51	,	52	,	0	>,
<	52	,	65	,	0	>,
<	53	,	54	,	0	>,
<	54	,	55	,	0	>,
<	55	,	56	,	0	>,
<	56	,	57	,	0	>,
<	57	,	58	,	0	>,
<	58	,	65	,	0	>,
<	59	,	60	,	0	>,
<	60	,	61	,	0	>,
<	61	,	62	,	0	>,
<	62	,	63	,	0	>,
<	63	,	64	,	0	>,
<	64	,	65	,	0	>,
<	66	,	67	,	0	>,
<	67	,	68	,	0	>,
<	68	,	69	,	0	>,
<	69	,	70	,	0	>,
<	70	,	71	,	0	>,
<	71	,	82	,	0	>,
<	66	,	72	,	0	>,
<	72	,	73	,	0	>,
<	73	,	74	,	0	>,
<	74	,	75	,	0	>,
<	75	,	76	,	0	>,
<	76	,	82	,	0	>,
<	66	,	77	,	0	>,
<	77	,	78	,	0	>,
<	78	,	79	,	0	>,
<	79	,	80	,	0	>,
<	80	,	81	,	0	>,
<	81	,	82	,	0	>,
<	82	,	83	,	0	>,
<	83	,	84	,	0	>,
<	85	,	86	,	0	>,
<	86	,	87	,	0	>,
<	87	,	88	,	0	>,
<	88	,	89	,	0	>,
<	89	,	90	,	0	>,
<	85	,	91	,	0	>,
<	91	,	92	,	0	>,
<	92	,	93	,	0	>,
<	93	,	94	,	0	>,
<	94	,	95	,	0	>
};


Modes = {
<0	,	1	,	2	,	1	,	45	,	0	>
<1	,	1	,	2	,	3	,	45	,	1	>
<2	,	1	,	2	,	4	,	45	,	0	>
<3	,	1	,	2	,	5	,	45	,	1	>
<4	,	1	,	2	,	7	,	45	,	0	>
<5	,	1	,	4	,	1	,	95	,	0	>
<6	,	1	,	4	,	3	,	95	,	1	>
<7	,	1	,	4	,	4	,	95	,	0	>
<8	,	1	,	4	,	5	,	95	,	1	>
<9	,	1	,	4	,	7	,	95	,	0	>
<10	,	1	,	5	,	1	,	54	,	0	>
<11	,	1	,	5	,	3	,	54	,	1	>
<12	,	1	,	5	,	4	,	54	,	0	>
<13	,	1	,	5	,	5	,	54	,	1	>
<14	,	1	,	5	,	7	,	54	,	0	>
<15	,	1	,	6	,	1	,	87	,	0	>
<16	,	1	,	6	,	3	,	87	,	1	>
<17	,	1	,	6	,	4	,	87	,	0	>
<18	,	1	,	6	,	5	,	87	,	1	>
<19	,	1	,	6	,	7	,	87	,	0	>
<20	,	1	,	7	,	1	,	43	,	0	>
<21	,	1	,	7	,	3	,	43	,	1	>
<22	,	1	,	7	,	4	,	43	,	0	>
<23	,	1	,	7	,	5	,	43	,	1	>
<24	,	1	,	7	,	7	,	43	,	0	>
<25	,	1	,	8	,	1	,	69	,	0	>
<26	,	1	,	8	,	3	,	69	,	1	>
<27	,	1	,	8	,	4	,	69	,	0	>
<28	,	1	,	8	,	5	,	69	,	1	>
<29	,	1	,	8	,	7	,	69	,	0	>
<30	,	1	,	9	,	1	,	33	,	0	>
<31	,	1	,	9	,	3	,	33	,	0	>
<32	,	1	,	9	,	4	,	33	,	0	>
<33	,	1	,	9	,	5	,	33	,	0	>
<34	,	1	,	9	,	7	,	33	,	0	>
<35	,	2	,	2	,	1	,	95	,	0	>
<36	,	2	,	2	,	2	,	95	,	2	>
<37	,	2	,	2	,	7	,	95	,	0	>
<38	,	2	,	2	,	8	,	95	,	2	>
<39	,	2	,	3	,	1	,	95	,	0	>
<40	,	2	,	3	,	2	,	95	,	2	>
<41	,	2	,	3	,	7	,	95	,	0	>
<42	,	2	,	3	,	8	,	95	,	2	>
<43	,	2	,	5	,	1	,	97	,	0	>
<44	,	2	,	5	,	2	,	97	,	2	>
<45	,	2	,	5	,	7	,	97	,	0	>
<46	,	2	,	5	,	8	,	97	,	2	>
<47	,	2	,	6	,	1	,	95	,	0	>
<48	,	2	,	6	,	2	,	95	,	2	>
<49	,	2	,	6	,	7	,	95	,	0	>
<50	,	2	,	6	,	8	,	95	,	2	>
<51	,	2	,	8	,	1	,	99	,	0	>
<52	,	2	,	8	,	2	,	99	,	2	>
<53	,	2	,	8	,	7	,	99	,	0	>
<54	,	2	,	8	,	8	,	99	,	2	>
<55	,	2	,	10	,	1	,	98	,	0	>
<56	,	2	,	10	,	2	,	98	,	2	>
<57	,	2	,	10	,	7	,	98	,	0	>
<58	,	2	,	10	,	8	,	98	,	2	>
<59	,	3	,	1	,	2	,	13	,	0	>
<60	,	3	,	1	,	4	,	13	,	0	>
<61	,	3	,	1	,	5	,	13	,	0	>
<62	,	3	,	1	,	6	,	13	,	0	>
<63	,	3	,	2	,	2	,	39	,	0	>
<64	,	3	,	2	,	4	,	39	,	1	>
<65	,	3	,	2	,	5	,	39	,	0	>
<66	,	3	,	2	,	6	,	39	,	1	>
<67	,	3	,	3	,	2	,	38	,	0	>
<68	,	3	,	3	,	4	,	38	,	1	>
<69	,	3	,	3	,	5	,	38	,	0	>
<70	,	3	,	3	,	6	,	38	,	1	>
<71	,	3	,	6	,	2	,	15	,	0	>
<72	,	3	,	6	,	4	,	15	,	0	>
<73	,	3	,	6	,	5	,	15	,	0	>
<74	,	3	,	6	,	6	,	15	,	0	>
<75	,	3	,	8	,	2	,	36	,	0	>
<76	,	3	,	8	,	4	,	36	,	1	>
<77	,	3	,	8	,	5	,	36	,	0	>
<78	,	3	,	8	,	6	,	36	,	1	>
<79	,	3	,	9	,	2	,	16	,	0	>
<80	,	3	,	9	,	4	,	16	,	0	>
<81	,	3	,	9	,	5	,	16	,	0	>
<82	,	3	,	9	,	6	,	16	,	0	>
<83	,	3	,	10	,	2	,	16	,	0	>
<84	,	3	,	10	,	4	,	16	,	0	>
<85	,	3	,	10	,	5	,	16	,	0	>
<86	,	3	,	10	,	6	,	16	,	0	>
<87	,	4	,	1	,	3	,	73	,	0	>
<88	,	4	,	1	,	6	,	73	,	3	>
<89	,	4	,	1	,	8	,	73	,	0	>
<90	,	4	,	2	,	3	,	78	,	0	>
<91	,	4	,	2	,	6	,	78	,	3	>
<92	,	4	,	2	,	8	,	78	,	0	>
<93	,	4	,	3	,	3	,	87	,	0	>
<94	,	4	,	3	,	6	,	87	,	4	>
<95	,	4	,	3	,	8	,	87	,	0	>
<96	,	4	,	5	,	3	,	73	,	0	>
<97	,	4	,	5	,	6	,	73	,	3	>
<98	,	4	,	5	,	8	,	73	,	0	>
<99	,	4	,	8	,	3	,	82	,	0	>
<100	,	4	,	8	,	6	,	82	,	3	>
<101	,	4	,	8	,	8	,	82	,	0	>
<102	,	4	,	9	,	3	,	92	,	0	>
<103	,	4	,	9	,	6	,	92	,	4	>
<104	,	4	,	9	,	8	,	92	,	0	>
<105	,	4	,	10	,	3	,	96	,	0	>
<106	,	4	,	10	,	6	,	96	,	4	>
<107	,	4	,	10	,	8	,	96	,	0	>
<108	,	5	,	1	,	1	,	99	,	0	>
<109	,	5	,	1	,	4	,	99	,	4	>
<110	,	5	,	1	,	6	,	99	,	0	>
<111	,	5	,	7	,	1	,	99	,	0	>
<112	,	5	,	7	,	4	,	99	,	4	>
<113	,	5	,	7	,	6	,	99	,	0	>
<114	,	5	,	9	,	1	,	91	,	0	>
<115	,	5	,	9	,	4	,	91	,	4	>
<116	,	5	,	9	,	6	,	91	,	0	>
<117	,	6	,	4	,	2	,	86	,	0	>
<118	,	6	,	4	,	4	,	86	,	2	>
<119	,	6	,	4	,	6	,	86	,	0	>
<120	,	6	,	4	,	7	,	86	,	2	>
<121	,	6	,	5	,	2	,	89	,	0	>
<122	,	6	,	5	,	4	,	89	,	2	>
<123	,	6	,	5	,	6	,	89	,	0	>
<124	,	6	,	5	,	7	,	89	,	2	>
<125	,	6	,	6	,	2	,	68	,	0	>
<126	,	6	,	6	,	4	,	68	,	2	>
<127	,	6	,	6	,	6	,	68	,	0	>
<128	,	6	,	6	,	7	,	68	,	2	>
<129	,	6	,	7	,	2	,	72	,	0	>
<130	,	6	,	7	,	4	,	72	,	2	>
<131	,	6	,	7	,	6	,	72	,	0	>
<132	,	6	,	7	,	7	,	72	,	2	>
<133	,	7	,	3	,	3	,	59	,	0	>
<134	,	7	,	3	,	5	,	59	,	1	>
<135	,	7	,	3	,	6	,	59	,	0	>
<136	,	7	,	3	,	8	,	59	,	1	>
<137	,	7	,	4	,	3	,	73	,	0	>
<138	,	7	,	4	,	5	,	73	,	2	>
<139	,	7	,	4	,	6	,	73	,	0	>
<140	,	7	,	4	,	8	,	73	,	2	>
<141	,	7	,	7	,	3	,	78	,	0	>
<142	,	7	,	7	,	5	,	78	,	2	>
<143	,	7	,	7	,	6	,	78	,	0	>
<144	,	7	,	7	,	8	,	78	,	2	>
<145	,	7	,	8	,	3	,	98	,	0	>
<146	,	7	,	8	,	5	,	98	,	2	>
<147	,	7	,	8	,	6	,	98	,	0	>
<148	,	7	,	8	,	8	,	98	,	2	>
<149	,	7	,	9	,	3	,	69	,	0	>
<150	,	7	,	9	,	5	,	69	,	2	>
<151	,	7	,	9	,	6	,	69	,	0	>
<152	,	7	,	9	,	8	,	69	,	2	>
<153	,	7	,	10	,	3	,	65	,	0	>
<154	,	7	,	10	,	5	,	65	,	2	>
<155	,	7	,	10	,	6	,	65	,	0	>
<156	,	7	,	10	,	8	,	65	,	2	>
<157	,	8	,	3	,	1	,	97	,	0	>
<158	,	8	,	3	,	2	,	97	,	1	>
<159	,	8	,	3	,	3	,	97	,	0	>
<160	,	8	,	3	,	6	,	97	,	1	>
<161	,	8	,	3	,	7	,	97	,	0	>
<162	,	8	,	4	,	1	,	89	,	0	>
<163	,	8	,	4	,	2	,	89	,	1	>
<164	,	8	,	4	,	3	,	89	,	0	>
<165	,	8	,	4	,	6	,	89	,	1	>
<166	,	8	,	4	,	7	,	89	,	0	>
<167	,	8	,	6	,	1	,	84	,	0	>
<168	,	8	,	6	,	2	,	84	,	1	>
<169	,	8	,	6	,	3	,	84	,	0	>
<170	,	8	,	6	,	6	,	84	,	1	>
<171	,	8	,	6	,	7	,	84	,	0	>
<172	,	8	,	7	,	1	,	81	,	0	>
<173	,	8	,	7	,	2	,	81	,	1	>
<174	,	8	,	7	,	3	,	81	,	0	>
<175	,	8	,	7	,	6	,	81	,	1	>
<176	,	8	,	7	,	7	,	81	,	0	>
<177	,	8	,	9	,	1	,	83	,	0	>
<178	,	8	,	9	,	2	,	83	,	1	>
<179	,	8	,	9	,	3	,	83	,	0	>
<180	,	8	,	9	,	6	,	83	,	1	>
<181	,	8	,	9	,	7	,	83	,	0	>
<182	,	9	,	1	,	1	,	99	,	0	>
<183	,	9	,	1	,	2	,	99	,	1	>
<184	,	9	,	1	,	3	,	99	,	0	>
<185	,	9	,	1	,	7	,	99	,	1	>
<186	,	9	,	1	,	8	,	99	,	0	>
<187	,	9	,	2	,	1	,	99	,	0	>
<188	,	9	,	2	,	2	,	99	,	1	>
<189	,	9	,	2	,	3	,	99	,	0	>
<190	,	9	,	2	,	7	,	99	,	1	>
<191	,	9	,	2	,	8	,	99	,	0	>
<192	,	9	,	4	,	1	,	99	,	0	>
<193	,	9	,	4	,	2	,	99	,	1	>
<194	,	9	,	4	,	3	,	99	,	0	>
<195	,	9	,	4	,	7	,	99	,	1	>
<196	,	9	,	4	,	8	,	99	,	0	>
<197	,	9	,	5	,	1	,	99	,	0	>
<198	,	9	,	5	,	2	,	99	,	1	>
<199	,	9	,	5	,	3	,	99	,	0	>
<200	,	9	,	5	,	7	,	99	,	1	>
<201	,	9	,	5	,	8	,	99	,	0	>
<202	,	9	,	7	,	1	,	99	,	0	>
<203	,	9	,	7	,	2	,	99	,	1	>
<204	,	9	,	7	,	3	,	99	,	0	>
<205	,	9	,	7	,	7	,	99	,	1	>
<206	,	9	,	7	,	8	,	99	,	0	>
<207	,	9	,	9	,	1	,	98	,	0	>
<208	,	9	,	9	,	2	,	98	,	1	>
<209	,	9	,	9	,	3	,	98	,	0	>
<210	,	9	,	9	,	7	,	98	,	1	>
<211	,	9	,	9	,	8	,	98	,	0	>
<212	,	9	,	10	,	1	,	98	,	0	>
<213	,	9	,	10	,	2	,	98	,	1	>
<214	,	9	,	10	,	3	,	98	,	0	>
<215	,	9	,	10	,	7	,	98	,	1	>
<216	,	9	,	10	,	8	,	98	,	0	>
<217	,	10	,	5	,	4	,	2	,	0	>
<218	,	10	,	5	,	5	,	2	,	0	>
<219	,	10	,	5	,	6	,	2	,	0	>
<220	,	10	,	5	,	7	,	2	,	0	>
<221	,	10	,	7	,	4	,	3	,	0	>
<222	,	10	,	7	,	5	,	3	,	0	>
<223	,	10	,	7	,	6	,	3	,	0	>
<224	,	10	,	7	,	7	,	3	,	0	>
<225	,	10	,	9	,	4	,	6	,	0	>
<226	,	10	,	9	,	5	,	6	,	0	>
<227	,	10	,	9	,	6	,	6	,	0	>
<228	,	10	,	9	,	7	,	6	,	0	>
<229	,	10	,	10	,	4	,	6	,	0	>
<230	,	10	,	10	,	5	,	6	,	0	>
<231	,	10	,	10	,	6	,	6	,	0	>
<232	,	10	,	10	,	7	,	6	,	0	>
<233	,	11	,	1	,	3	,	91	,	0	>
<234	,	11	,	1	,	6	,	91	,	4	>
<235	,	11	,	1	,	8	,	91	,	0	>
<236	,	11	,	2	,	3	,	90	,	0	>
<237	,	11	,	2	,	6	,	90	,	4	>
<238	,	11	,	2	,	8	,	90	,	0	>
<239	,	11	,	3	,	3	,	72	,	0	>
<240	,	11	,	3	,	6	,	72	,	3	>
<241	,	11	,	3	,	8	,	72	,	0	>
<242	,	11	,	8	,	3	,	81	,	0	>
<243	,	11	,	8	,	6	,	81	,	3	>
<244	,	11	,	8	,	8	,	81	,	0	>
<245	,	11	,	9	,	3	,	74	,	0	>
<246	,	11	,	9	,	6	,	74	,	3	>
<247	,	11	,	9	,	8	,	74	,	0	>
<248	,	12	,	3	,	1	,	92	,	0	>
<249	,	12	,	3	,	2	,	92	,	1	>
<250	,	12	,	3	,	3	,	92	,	0	>
<251	,	12	,	3	,	5	,	92	,	1	>
<252	,	12	,	3	,	6	,	92	,	0	>
<253	,	12	,	4	,	1	,	70	,	0	>
<254	,	12	,	4	,	2	,	70	,	1	>
<255	,	12	,	4	,	3	,	70	,	0	>
<256	,	12	,	4	,	5	,	70	,	1	>
<257	,	12	,	4	,	6	,	70	,	0	>
<258	,	12	,	6	,	1	,	72	,	0	>
<259	,	12	,	6	,	2	,	72	,	1	>
<260	,	12	,	6	,	3	,	72	,	0	>
<261	,	12	,	6	,	5	,	72	,	1	>
<262	,	12	,	6	,	6	,	72	,	0	>
<263	,	12	,	9	,	1	,	77	,	0	>
<264	,	12	,	9	,	2	,	77	,	1	>
<265	,	12	,	9	,	3	,	77	,	0	>
<266	,	12	,	9	,	5	,	77	,	1	>
<267	,	12	,	9	,	6	,	77	,	0	>
<268	,	13	,	1	,	3	,	94	,	0	>
<269	,	13	,	1	,	6	,	94	,	4	>
<270	,	13	,	1	,	7	,	94	,	0	>
<271	,	13	,	3	,	3	,	97	,	0	>
<272	,	13	,	3	,	6	,	97	,	4	>
<273	,	13	,	3	,	7	,	97	,	0	>
<274	,	13	,	8	,	3	,	94	,	0	>
<275	,	13	,	8	,	6	,	94	,	4	>
<276	,	13	,	8	,	7	,	94	,	0	>
<277	,	13	,	9	,	3	,	97	,	0	>
<278	,	13	,	9	,	6	,	97	,	4	>
<279	,	13	,	9	,	7	,	97	,	0	>
<280	,	14	,	1	,	3	,	77	,	0	>
<281	,	14	,	1	,	4	,	77	,	2	>
<282	,	14	,	1	,	6	,	77	,	0	>
<283	,	14	,	1	,	8	,	77	,	2	>
<284	,	14	,	4	,	3	,	83	,	0	>
<285	,	14	,	4	,	4	,	83	,	2	>
<286	,	14	,	4	,	6	,	83	,	0	>
<287	,	14	,	4	,	8	,	83	,	2	>
<288	,	14	,	6	,	3	,	95	,	0	>
<289	,	14	,	6	,	4	,	95	,	2	>
<290	,	14	,	6	,	6	,	95	,	0	>
<291	,	14	,	6	,	8	,	95	,	2	>
<292	,	14	,	7	,	3	,	91	,	0	>
<293	,	14	,	7	,	4	,	91	,	2	>
<294	,	14	,	7	,	6	,	91	,	0	>
<295	,	14	,	7	,	8	,	91	,	2	>
<296	,	14	,	8	,	3	,	86	,	0	>
<297	,	14	,	8	,	4	,	86	,	2	>
<298	,	14	,	8	,	6	,	86	,	0	>
<299	,	14	,	8	,	8	,	86	,	2	>
<300	,	15	,	5	,	3	,	13	,	0	>
<301	,	15	,	5	,	4	,	13	,	0	>
<302	,	15	,	5	,	5	,	13	,	0	>
<303	,	15	,	5	,	7	,	13	,	0	>
<304	,	15	,	6	,	3	,	22	,	0	>
<305	,	15	,	6	,	4	,	22	,	1	>
<306	,	15	,	6	,	5	,	22	,	0	>
<307	,	15	,	6	,	7	,	22	,	1	>
<308	,	15	,	8	,	3	,	26	,	0	>
<309	,	15	,	8	,	4	,	26	,	1	>
<310	,	15	,	8	,	5	,	26	,	0	>
<311	,	15	,	8	,	7	,	26	,	1	>
<312	,	16	,	1	,	3	,	6	,	0	>
<313	,	16	,	1	,	4	,	6	,	0	>
<314	,	16	,	1	,	6	,	6	,	0	>
<315	,	16	,	1	,	7	,	6	,	0	>
<316	,	16	,	1	,	8	,	6	,	0	>
<317	,	16	,	2	,	3	,	5	,	0	>
<318	,	16	,	2	,	4	,	5	,	0	>
<319	,	16	,	2	,	6	,	5	,	0	>
<320	,	16	,	2	,	7	,	5	,	0	>
<321	,	16	,	2	,	8	,	5	,	0	>
<322	,	16	,	5	,	3	,	10	,	0	>
<323	,	16	,	5	,	4	,	10	,	0	>
<324	,	16	,	5	,	6	,	10	,	0	>
<325	,	16	,	5	,	7	,	10	,	0	>
<326	,	16	,	5	,	8	,	10	,	0	>
<327	,	16	,	6	,	3	,	12	,	0	>
<328	,	16	,	6	,	4	,	12	,	0	>
<329	,	16	,	6	,	6	,	12	,	0	>
<330	,	16	,	6	,	7	,	12	,	0	>
<331	,	16	,	6	,	8	,	12	,	0	>
<332	,	16	,	8	,	3	,	11	,	0	>
<333	,	16	,	8	,	4	,	11	,	0	>
<334	,	16	,	8	,	6	,	11	,	0	>
<335	,	16	,	8	,	7	,	11	,	0	>
<336	,	16	,	8	,	8	,	11	,	0	>
<337	,	16	,	9	,	3	,	10	,	0	>
<338	,	16	,	9	,	4	,	10	,	0	>
<339	,	16	,	9	,	6	,	10	,	0	>
<340	,	16	,	9	,	7	,	10	,	0	>
<341	,	16	,	9	,	8	,	10	,	0	>
<342	,	16	,	10	,	3	,	9	,	0	>
<343	,	16	,	10	,	4	,	9	,	0	>
<344	,	16	,	10	,	6	,	9	,	0	>
<345	,	16	,	10	,	7	,	9	,	0	>
<346	,	16	,	10	,	8	,	9	,	0	>
<347	,	17	,	1	,	1	,	82	,	0	>
<348	,	17	,	1	,	3	,	82	,	1	>
<349	,	17	,	1	,	4	,	82	,	0	>
<350	,	17	,	1	,	6	,	82	,	1	>
<351	,	17	,	1	,	8	,	82	,	0	>
<352	,	17	,	2	,	1	,	96	,	0	>
<353	,	17	,	2	,	3	,	96	,	1	>
<354	,	17	,	2	,	4	,	96	,	0	>
<355	,	17	,	2	,	6	,	96	,	1	>
<356	,	17	,	2	,	8	,	96	,	0	>
<357	,	17	,	4	,	1	,	84	,	0	>
<358	,	17	,	4	,	3	,	84	,	1	>
<359	,	17	,	4	,	4	,	84	,	0	>
<360	,	17	,	4	,	6	,	84	,	1	>
<361	,	17	,	4	,	8	,	84	,	0	>
<362	,	17	,	5	,	1	,	98	,	0	>
<363	,	17	,	5	,	3	,	98	,	1	>
<364	,	17	,	5	,	4	,	98	,	0	>
<365	,	17	,	5	,	6	,	98	,	1	>
<366	,	17	,	5	,	8	,	98	,	0	>
<367	,	17	,	10	,	1	,	99	,	0	>
<368	,	17	,	10	,	3	,	99	,	1	>
<369	,	17	,	10	,	4	,	99	,	0	>
<370	,	17	,	10	,	6	,	99	,	1	>
<371	,	17	,	10	,	8	,	99	,	0	>
<372	,	18	,	3	,	1	,	56	,	0	>
<373	,	18	,	3	,	2	,	56	,	1	>
<374	,	18	,	3	,	4	,	56	,	0	>
<375	,	18	,	3	,	7	,	56	,	1	>
<376	,	18	,	3	,	8	,	56	,	0	>
<377	,	18	,	5	,	1	,	91	,	0	>
<378	,	18	,	5	,	2	,	91	,	1	>
<379	,	18	,	5	,	4	,	91	,	0	>
<380	,	18	,	5	,	7	,	91	,	1	>
<381	,	18	,	5	,	8	,	91	,	0	>
<382	,	18	,	6	,	1	,	55	,	0	>
<383	,	18	,	6	,	2	,	55	,	1	>
<384	,	18	,	6	,	4	,	55	,	0	>
<385	,	18	,	6	,	7	,	55	,	1	>
<386	,	18	,	6	,	8	,	55	,	0	>
<387	,	18	,	7	,	1	,	94	,	0	>
<388	,	18	,	7	,	2	,	94	,	1	>
<389	,	18	,	7	,	4	,	94	,	0	>
<390	,	18	,	7	,	7	,	94	,	1	>
<391	,	18	,	7	,	8	,	94	,	0	>
<392	,	18	,	8	,	1	,	87	,	0	>
<393	,	18	,	8	,	2	,	87	,	1	>
<394	,	18	,	8	,	4	,	87	,	0	>
<395	,	18	,	8	,	7	,	87	,	1	>
<396	,	18	,	8	,	8	,	87	,	0	>
<397	,	19	,	1	,	2	,	73	,	0	>
<398	,	19	,	1	,	3	,	73	,	3	>
<399	,	19	,	1	,	8	,	73	,	0	>
<400	,	19	,	2	,	2	,	98	,	0	>
<401	,	19	,	2	,	3	,	98	,	4	>
<402	,	19	,	2	,	8	,	98	,	0	>
<403	,	19	,	4	,	2	,	75	,	0	>
<404	,	19	,	4	,	3	,	75	,	3	>
<405	,	19	,	4	,	8	,	75	,	0	>
<406	,	19	,	6	,	2	,	88	,	0	>
<407	,	19	,	6	,	3	,	88	,	4	>
<408	,	19	,	6	,	8	,	88	,	0	>
<409	,	19	,	8	,	2	,	72	,	0	>
<410	,	19	,	8	,	3	,	72	,	3	>
<411	,	19	,	8	,	8	,	72	,	0	>
<412	,	19	,	9	,	2	,	99	,	0	>
<413	,	19	,	9	,	3	,	99	,	4	>
<414	,	19	,	9	,	8	,	99	,	0	>
<415	,	20	,	2	,	1	,	20	,	0	>
<416	,	20	,	2	,	5	,	20	,	0	>
<417	,	20	,	2	,	6	,	20	,	0	>
<418	,	20	,	2	,	8	,	20	,	0	>
<419	,	20	,	4	,	1	,	26	,	0	>
<420	,	20	,	4	,	5	,	26	,	1	>
<421	,	20	,	4	,	6	,	26	,	0	>
<422	,	20	,	4	,	8	,	26	,	1	>
<423	,	20	,	5	,	1	,	20	,	0	>
<424	,	20	,	5	,	5	,	20	,	0	>
<425	,	20	,	5	,	6	,	20	,	0	>
<426	,	20	,	5	,	8	,	20	,	0	>
<427	,	20	,	7	,	1	,	16	,	0	>
<428	,	20	,	7	,	5	,	16	,	0	>
<429	,	20	,	7	,	6	,	16	,	0	>
<430	,	20	,	7	,	8	,	16	,	0	>
<431	,	20	,	8	,	1	,	9	,	0	>
<432	,	20	,	8	,	5	,	9	,	0	>
<433	,	20	,	8	,	6	,	9	,	0	>
<434	,	20	,	8	,	8	,	9	,	0	>
<435	,	20	,	9	,	1	,	27	,	0	>
<436	,	20	,	9	,	5	,	27	,	1	>
<437	,	20	,	9	,	6	,	27	,	0	>
<438	,	20	,	9	,	8	,	27	,	1	>
<439	,	20	,	10	,	1	,	9	,	0	>
<440	,	20	,	10	,	5	,	9	,	0	>
<441	,	20	,	10	,	6	,	9	,	0	>
<442	,	20	,	10	,	8	,	9	,	0	>
<443	,	21	,	3	,	2	,	69	,	0	>
<444	,	21	,	3	,	5	,	69	,	2	>
<445	,	21	,	3	,	6	,	69	,	0	>
<446	,	21	,	3	,	7	,	69	,	2	>
<447	,	21	,	6	,	2	,	78	,	0	>
<448	,	21	,	6	,	5	,	78	,	2	>
<449	,	21	,	6	,	6	,	78	,	0	>
<450	,	21	,	6	,	7	,	78	,	2	>
<451	,	21	,	7	,	2	,	93	,	0	>
<452	,	21	,	7	,	5	,	93	,	2	>
<453	,	21	,	7	,	6	,	93	,	0	>
<454	,	21	,	7	,	7	,	93	,	2	>
<455	,	21	,	8	,	2	,	47	,	0	>
<456	,	21	,	8	,	5	,	47	,	1	>
<457	,	21	,	8	,	6	,	47	,	0	>
<458	,	21	,	8	,	7	,	47	,	1	>
<459	,	21	,	9	,	2	,	42	,	0	>
<460	,	21	,	9	,	5	,	42	,	1	>
<461	,	21	,	9	,	6	,	42	,	0	>
<462	,	21	,	9	,	7	,	42	,	1	>
<463	,	21	,	10	,	2	,	41	,	0	>
<464	,	21	,	10	,	5	,	41	,	1	>
<465	,	21	,	10	,	6	,	41	,	0	>
<466	,	21	,	10	,	7	,	41	,	1	>
<467	,	22	,	1	,	3	,	83	,	0	>
<468	,	22	,	1	,	4	,	83	,	2	>
<469	,	22	,	1	,	5	,	83	,	0	>
<470	,	22	,	1	,	6	,	83	,	2	>
<471	,	22	,	3	,	3	,	61	,	0	>
<472	,	22	,	3	,	4	,	61	,	2	>
<473	,	22	,	3	,	5	,	61	,	0	>
<474	,	22	,	3	,	6	,	61	,	2	>
<475	,	22	,	5	,	3	,	70	,	0	>
<476	,	22	,	5	,	4	,	70	,	2	>
<477	,	22	,	5	,	5	,	70	,	0	>
<478	,	22	,	5	,	6	,	70	,	2	>
<479	,	22	,	6	,	3	,	61	,	0	>
<480	,	22	,	6	,	4	,	61	,	2	>
<481	,	22	,	6	,	5	,	61	,	0	>
<482	,	22	,	6	,	6	,	61	,	2	>
<483	,	22	,	8	,	3	,	60	,	0	>
<484	,	22	,	8	,	4	,	60	,	2	>
<485	,	22	,	8	,	5	,	60	,	0	>
<486	,	22	,	8	,	6	,	60	,	2	>
<487	,	22	,	9	,	3	,	73	,	0	>
<488	,	22	,	9	,	4	,	73	,	2	>
<489	,	22	,	9	,	5	,	73	,	0	>
<490	,	22	,	9	,	6	,	73	,	2	>
<491	,	22	,	10	,	3	,	60	,	0	>
<492	,	22	,	10	,	4	,	60	,	2	>
<493	,	22	,	10	,	5	,	60	,	0	>
<494	,	22	,	10	,	6	,	60	,	2	>
<495	,	23	,	1	,	1	,	86	,	0	>
<496	,	23	,	1	,	3	,	86	,	2	>
<497	,	23	,	1	,	5	,	86	,	0	>
<498	,	23	,	1	,	7	,	86	,	2	>
<499	,	23	,	2	,	1	,	84	,	0	>
<500	,	23	,	2	,	3	,	84	,	2	>
<501	,	23	,	2	,	5	,	84	,	0	>
<502	,	23	,	2	,	7	,	84	,	2	>
<503	,	23	,	3	,	1	,	83	,	0	>
<504	,	23	,	3	,	3	,	83	,	2	>
<505	,	23	,	3	,	5	,	83	,	0	>
<506	,	23	,	3	,	7	,	83	,	2	>
<507	,	23	,	5	,	1	,	80	,	0	>
<508	,	23	,	5	,	3	,	80	,	2	>
<509	,	23	,	5	,	5	,	80	,	0	>
<510	,	23	,	5	,	7	,	80	,	2	>
<511	,	23	,	6	,	1	,	99	,	0	>
<512	,	23	,	6	,	3	,	99	,	2	>
<513	,	23	,	6	,	5	,	99	,	0	>
<514	,	23	,	6	,	7	,	99	,	2	>
<515	,	23	,	7	,	1	,	80	,	0	>
<516	,	23	,	7	,	3	,	80	,	2	>
<517	,	23	,	7	,	5	,	80	,	0	>
<518	,	23	,	7	,	7	,	80	,	2	>
<519	,	23	,	8	,	1	,	82	,	0	>
<520	,	23	,	8	,	3	,	82	,	2	>
<521	,	23	,	8	,	5	,	82	,	0	>
<522	,	23	,	8	,	7	,	82	,	2	>
<523	,	24	,	4	,	3	,	3	,	0	>
<524	,	24	,	4	,	4	,	3	,	0	>
<525	,	24	,	4	,	7	,	3	,	0	>
<526	,	24	,	6	,	3	,	7	,	0	>
<527	,	24	,	6	,	4	,	7	,	0	>
<528	,	24	,	6	,	7	,	7	,	0	>
<529	,	24	,	9	,	3	,	7	,	0	>
<530	,	24	,	9	,	4	,	7	,	0	>
<531	,	24	,	9	,	7	,	7	,	0	>
<532	,	24	,	10	,	3	,	8	,	0	>
<533	,	24	,	10	,	4	,	8	,	0	>
<534	,	24	,	10	,	7	,	8	,	0	>
<535	,	25	,	3	,	1	,	87	,	0	>
<536	,	25	,	3	,	3	,	87	,	2	>
<537	,	25	,	3	,	5	,	87	,	0	>
<538	,	25	,	3	,	8	,	87	,	2	>
<539	,	25	,	5	,	1	,	98	,	0	>
<540	,	25	,	5	,	3	,	98	,	2	>
<541	,	25	,	5	,	5	,	98	,	0	>
<542	,	25	,	5	,	8	,	98	,	2	>
<543	,	25	,	6	,	1	,	94	,	0	>
<544	,	25	,	6	,	3	,	94	,	2	>
<545	,	25	,	6	,	5	,	94	,	0	>
<546	,	25	,	6	,	8	,	94	,	2	>
<547	,	25	,	10	,	1	,	99	,	0	>
<548	,	25	,	10	,	3	,	99	,	2	>
<549	,	25	,	10	,	5	,	99	,	0	>
<550	,	25	,	10	,	8	,	99	,	2	>
<551	,	26	,	1	,	1	,	99	,	0	>
<552	,	26	,	1	,	2	,	99	,	2	>
<553	,	26	,	1	,	4	,	99	,	0	>
<554	,	26	,	1	,	5	,	99	,	2	>
<555	,	26	,	2	,	1	,	97	,	0	>
<556	,	26	,	2	,	2	,	97	,	2	>
<557	,	26	,	2	,	4	,	97	,	0	>
<558	,	26	,	2	,	5	,	97	,	2	>
<559	,	26	,	3	,	1	,	91	,	0	>
<560	,	26	,	3	,	2	,	91	,	2	>
<561	,	26	,	3	,	4	,	91	,	0	>
<562	,	26	,	3	,	5	,	91	,	2	>
<563	,	26	,	4	,	1	,	93	,	0	>
<564	,	26	,	4	,	2	,	93	,	2	>
<565	,	26	,	4	,	4	,	93	,	0	>
<566	,	26	,	4	,	5	,	93	,	2	>
<567	,	26	,	5	,	1	,	92	,	0	>
<568	,	26	,	5	,	2	,	92	,	2	>
<569	,	26	,	5	,	4	,	92	,	0	>
<570	,	26	,	5	,	5	,	92	,	2	>
<571	,	26	,	6	,	1	,	96	,	0	>
<572	,	26	,	6	,	2	,	96	,	2	>
<573	,	26	,	6	,	4	,	96	,	0	>
<574	,	26	,	6	,	5	,	96	,	2	>
<575	,	26	,	9	,	1	,	97	,	0	>
<576	,	26	,	9	,	2	,	97	,	2	>
<577	,	26	,	9	,	4	,	97	,	0	>
<578	,	26	,	9	,	5	,	97	,	2	>
<579	,	27	,	1	,	1	,	92	,	0	>
<580	,	27	,	1	,	2	,	92	,	1	>
<581	,	27	,	1	,	4	,	92	,	0	>
<582	,	27	,	1	,	5	,	92	,	1	>
<583	,	27	,	1	,	6	,	92	,	0	>
<584	,	27	,	4	,	1	,	77	,	0	>
<585	,	27	,	4	,	2	,	77	,	1	>
<586	,	27	,	4	,	4	,	77	,	0	>
<587	,	27	,	4	,	5	,	77	,	1	>
<588	,	27	,	4	,	6	,	77	,	0	>
<589	,	27	,	6	,	1	,	82	,	0	>
<590	,	27	,	6	,	2	,	82	,	1	>
<591	,	27	,	6	,	4	,	82	,	0	>
<592	,	27	,	6	,	5	,	82	,	1	>
<593	,	27	,	6	,	6	,	82	,	0	>
<594	,	28	,	3	,	3	,	34	,	0	>
<595	,	28	,	3	,	4	,	34	,	1	>
<596	,	28	,	3	,	5	,	34	,	0	>
<597	,	28	,	3	,	7	,	34	,	1	>
<598	,	28	,	4	,	3	,	12	,	0	>
<599	,	28	,	4	,	4	,	12	,	0	>
<600	,	28	,	4	,	5	,	12	,	0	>
<601	,	28	,	4	,	7	,	12	,	0	>
<602	,	28	,	6	,	3	,	33	,	0	>
<603	,	28	,	6	,	4	,	33	,	1	>
<604	,	28	,	6	,	5	,	33	,	0	>
<605	,	28	,	6	,	7	,	33	,	1	>
<606	,	28	,	8	,	3	,	17	,	0	>
<607	,	28	,	8	,	4	,	17	,	0	>
<608	,	28	,	8	,	5	,	17	,	0	>
<609	,	28	,	8	,	7	,	17	,	0	>
<610	,	28	,	9	,	3	,	27	,	0	>
<611	,	28	,	9	,	4	,	27	,	1	>
<612	,	28	,	9	,	5	,	27	,	0	>
<613	,	28	,	9	,	7	,	27	,	1	>
<614	,	29	,	2	,	2	,	98	,	0	>
<615	,	29	,	2	,	4	,	98	,	4	>
<616	,	29	,	2	,	8	,	98	,	0	>
<617	,	29	,	3	,	2	,	89	,	0	>
<618	,	29	,	3	,	4	,	89	,	4	>
<619	,	29	,	3	,	8	,	89	,	0	>
<620	,	29	,	4	,	2	,	61	,	0	>
<621	,	29	,	4	,	4	,	61	,	3	>
<622	,	29	,	4	,	8	,	61	,	0	>
<623	,	29	,	6	,	2	,	68	,	0	>
<624	,	29	,	6	,	4	,	68	,	3	>
<625	,	29	,	6	,	8	,	68	,	0	>
<626	,	29	,	7	,	2	,	56	,	0	>
<627	,	29	,	7	,	4	,	56	,	2	>
<628	,	29	,	7	,	8	,	56	,	0	>
<629	,	29	,	9	,	2	,	86	,	0	>
<630	,	29	,	9	,	4	,	86	,	4	>
<631	,	29	,	9	,	8	,	86	,	0	>
<632	,	30	,	2	,	2	,	28	,	0	>
<633	,	30	,	2	,	3	,	28	,	0	>
<634	,	30	,	2	,	5	,	28	,	0	>
<635	,	30	,	2	,	6	,	28	,	0	>
<636	,	30	,	2	,	8	,	28	,	0	>
<637	,	30	,	5	,	2	,	38	,	0	>
<638	,	30	,	5	,	3	,	38	,	1	>
<639	,	30	,	5	,	5	,	38	,	0	>
<640	,	30	,	5	,	6	,	38	,	1	>
<641	,	30	,	5	,	8	,	38	,	0	>
<642	,	30	,	9	,	2	,	16	,	0	>
<643	,	30	,	9	,	3	,	16	,	0	>
<644	,	30	,	9	,	5	,	16	,	0	>
<645	,	30	,	9	,	6	,	16	,	0	>
<646	,	30	,	9	,	8	,	16	,	0	>
<647	,	31	,	1	,	1	,	94	,	0	>
<648	,	31	,	1	,	2	,	94	,	1	>
<649	,	31	,	1	,	5	,	94	,	0	>
<650	,	31	,	1	,	6	,	94	,	1	>
<651	,	31	,	1	,	7	,	94	,	0	>
<652	,	31	,	4	,	1	,	94	,	0	>
<653	,	31	,	4	,	2	,	94	,	1	>
<654	,	31	,	4	,	5	,	94	,	0	>
<655	,	31	,	4	,	6	,	94	,	1	>
<656	,	31	,	4	,	7	,	94	,	0	>
<657	,	31	,	7	,	1	,	91	,	0	>
<658	,	31	,	7	,	2	,	91	,	1	>
<659	,	31	,	7	,	5	,	91	,	0	>
<660	,	31	,	7	,	6	,	91	,	1	>
<661	,	31	,	7	,	7	,	91	,	0	>
<662	,	31	,	8	,	1	,	97	,	0	>
<663	,	31	,	8	,	2	,	97	,	1	>
<664	,	31	,	8	,	5	,	97	,	0	>
<665	,	31	,	8	,	6	,	97	,	1	>
<666	,	31	,	8	,	7	,	97	,	0	>
<667	,	32	,	6	,	2	,	99	,	0	>
<668	,	32	,	6	,	5	,	99	,	4	>
<669	,	32	,	6	,	7	,	99	,	0	>
<670	,	32	,	9	,	2	,	99	,	0	>
<671	,	32	,	9	,	5	,	99	,	4	>
<672	,	32	,	9	,	7	,	99	,	0	>
<673	,	32	,	10	,	2	,	99	,	0	>
<674	,	32	,	10	,	5	,	99	,	4	>
<675	,	32	,	10	,	7	,	99	,	0	>
<676	,	33	,	1	,	4	,	99	,	0	>
<677	,	33	,	1	,	6	,	99	,	2	>
<678	,	33	,	1	,	7	,	99	,	0	>
<679	,	33	,	1	,	8	,	99	,	2	>
<680	,	33	,	4	,	4	,	85	,	0	>
<681	,	33	,	4	,	6	,	85	,	2	>
<682	,	33	,	4	,	7	,	85	,	0	>
<683	,	33	,	4	,	8	,	85	,	2	>
<684	,	33	,	5	,	4	,	96	,	0	>
<685	,	33	,	5	,	6	,	96	,	2	>
<686	,	33	,	5	,	7	,	96	,	0	>
<687	,	33	,	5	,	8	,	96	,	2	>
<688	,	33	,	6	,	4	,	82	,	0	>
<689	,	33	,	6	,	6	,	82	,	2	>
<690	,	33	,	6	,	7	,	82	,	0	>
<691	,	33	,	6	,	8	,	82	,	2	>
<692	,	33	,	9	,	4	,	87	,	0	>
<693	,	33	,	9	,	6	,	87	,	2	>
<694	,	33	,	9	,	7	,	87	,	0	>
<695	,	33	,	9	,	8	,	87	,	2	>
<696	,	34	,	1	,	2	,	95	,	0	>
<697	,	34	,	1	,	3	,	95	,	1	>
<698	,	34	,	1	,	4	,	95	,	0	>
<699	,	34	,	1	,	5	,	95	,	1	>
<700	,	34	,	1	,	8	,	95	,	0	>
<701	,	34	,	2	,	2	,	98	,	0	>
<702	,	34	,	2	,	3	,	98	,	1	>
<703	,	34	,	2	,	4	,	98	,	0	>
<704	,	34	,	2	,	5	,	98	,	1	>
<705	,	34	,	2	,	8	,	98	,	0	>
<706	,	34	,	5	,	2	,	99	,	0	>
<707	,	34	,	5	,	3	,	99	,	1	>
<708	,	34	,	5	,	4	,	99	,	0	>
<709	,	34	,	5	,	5	,	99	,	1	>
<710	,	34	,	5	,	8	,	99	,	0	>
<711	,	34	,	6	,	2	,	87	,	0	>
<712	,	34	,	6	,	3	,	87	,	1	>
<713	,	34	,	6	,	4	,	87	,	0	>
<714	,	34	,	6	,	5	,	87	,	1	>
<715	,	34	,	6	,	8	,	87	,	0	>
<716	,	34	,	8	,	2	,	85	,	0	>
<717	,	34	,	8	,	3	,	85	,	1	>
<718	,	34	,	8	,	4	,	85	,	0	>
<719	,	34	,	8	,	5	,	85	,	1	>
<720	,	34	,	8	,	8	,	85	,	0	>
<721	,	35	,	3	,	1	,	66	,	0	>
<722	,	35	,	3	,	3	,	66	,	1	>
<723	,	35	,	3	,	4	,	66	,	0	>
<724	,	35	,	3	,	6	,	66	,	1	>
<725	,	35	,	3	,	7	,	66	,	0	>
<726	,	35	,	8	,	1	,	66	,	0	>
<727	,	35	,	8	,	3	,	66	,	1	>
<728	,	35	,	8	,	4	,	66	,	0	>
<729	,	35	,	8	,	6	,	66	,	1	>
<730	,	35	,	8	,	7	,	66	,	0	>
<731	,	35	,	9	,	1	,	52	,	0	>
<732	,	35	,	9	,	3	,	52	,	1	>
<733	,	35	,	9	,	4	,	52	,	0	>
<734	,	35	,	9	,	6	,	52	,	1	>
<735	,	35	,	9	,	7	,	52	,	0	>
<736	,	36	,	3	,	2	,	78	,	0	>
<737	,	36	,	3	,	4	,	78	,	3	>
<738	,	36	,	3	,	5	,	78	,	0	>
<739	,	36	,	5	,	2	,	62	,	0	>
<740	,	36	,	5	,	4	,	62	,	3	>
<741	,	36	,	5	,	5	,	62	,	0	>
<742	,	36	,	6	,	2	,	35	,	0	>
<743	,	36	,	6	,	4	,	35	,	1	>
<744	,	36	,	6	,	5	,	35	,	0	>
<745	,	36	,	8	,	2	,	35	,	0	>
<746	,	36	,	8	,	4	,	35	,	1	>
<747	,	36	,	8	,	5	,	35	,	0	>
<748	,	37	,	1	,	1	,	3	,	0	>
<749	,	37	,	1	,	4	,	3	,	0	>
<750	,	37	,	1	,	7	,	3	,	0	>
<751	,	37	,	1	,	8	,	3	,	0	>
<752	,	37	,	4	,	1	,	2	,	0	>
<753	,	37	,	4	,	4	,	2	,	0	>
<754	,	37	,	4	,	7	,	2	,	0	>
<755	,	37	,	4	,	8	,	2	,	0	>
<756	,	37	,	5	,	1	,	3	,	0	>
<757	,	37	,	5	,	4	,	3	,	0	>
<758	,	37	,	5	,	7	,	3	,	0	>
<759	,	37	,	5	,	8	,	3	,	0	>
<760	,	37	,	6	,	1	,	1	,	0	>
<761	,	37	,	6	,	4	,	1	,	0	>
<762	,	37	,	6	,	7	,	1	,	0	>
<763	,	37	,	6	,	8	,	1	,	0	>
<764	,	37	,	8	,	1	,	3	,	0	>
<765	,	37	,	8	,	4	,	3	,	0	>
<766	,	37	,	8	,	7	,	3	,	0	>
<767	,	37	,	8	,	8	,	3	,	0	>
<768	,	37	,	10	,	1	,	1	,	0	>
<769	,	37	,	10	,	4	,	1	,	0	>
<770	,	37	,	10	,	7	,	1	,	0	>
<771	,	37	,	10	,	8	,	1	,	0	>
<772	,	38	,	3	,	2	,	11	,	0	>
<773	,	38	,	3	,	5	,	11	,	0	>
<774	,	38	,	3	,	8	,	11	,	0	>
<775	,	38	,	5	,	2	,	11	,	0	>
<776	,	38	,	5	,	5	,	11	,	0	>
<777	,	38	,	5	,	8	,	11	,	0	>
<778	,	38	,	7	,	2	,	10	,	0	>
<779	,	38	,	7	,	5	,	10	,	0	>
<780	,	38	,	7	,	8	,	10	,	0	>
<781	,	38	,	8	,	2	,	25	,	0	>
<782	,	38	,	8	,	5	,	25	,	1	>
<783	,	38	,	8	,	8	,	25	,	0	>
<784	,	38	,	9	,	2	,	23	,	0	>
<785	,	38	,	9	,	5	,	23	,	1	>
<786	,	38	,	9	,	8	,	23	,	0	>
<787	,	38	,	10	,	2	,	21	,	0	>
<788	,	38	,	10	,	5	,	21	,	1	>
<789	,	38	,	10	,	8	,	21	,	0	>
<790	,	39	,	1	,	2	,	93	,	0	>
<791	,	39	,	1	,	3	,	93	,	2	>
<792	,	39	,	1	,	5	,	93	,	0	>
<793	,	39	,	1	,	6	,	93	,	2	>
<794	,	39	,	2	,	2	,	99	,	0	>
<795	,	39	,	2	,	3	,	99	,	2	>
<796	,	39	,	2	,	5	,	99	,	0	>
<797	,	39	,	2	,	6	,	99	,	2	>
<798	,	39	,	3	,	2	,	94	,	0	>
<799	,	39	,	3	,	3	,	94	,	2	>
<800	,	39	,	3	,	5	,	94	,	0	>
<801	,	39	,	3	,	6	,	94	,	2	>
<802	,	39	,	6	,	2	,	92	,	0	>
<803	,	39	,	6	,	3	,	92	,	2	>
<804	,	39	,	6	,	5	,	92	,	0	>
<805	,	39	,	6	,	6	,	92	,	2	>
<806	,	39	,	7	,	2	,	94	,	0	>
<807	,	39	,	7	,	3	,	94	,	2	>
<808	,	39	,	7	,	5	,	94	,	0	>
<809	,	39	,	7	,	6	,	94	,	2	>
<810	,	39	,	9	,	2	,	96	,	0	>
<811	,	39	,	9	,	3	,	96	,	2	>
<812	,	39	,	9	,	5	,	96	,	0	>
<813	,	39	,	9	,	6	,	96	,	2	>
<814	,	40	,	1	,	1	,	24	,	0	>
<815	,	40	,	1	,	2	,	24	,	1	>
<816	,	40	,	1	,	5	,	24	,	0	>
<817	,	40	,	3	,	1	,	18	,	0	>
<818	,	40	,	3	,	2	,	18	,	1	>
<819	,	40	,	3	,	5	,	18	,	0	>
<820	,	40	,	5	,	1	,	45	,	0	>
<821	,	40	,	5	,	2	,	45	,	2	>
<822	,	40	,	5	,	5	,	45	,	0	>
<823	,	40	,	6	,	1	,	43	,	0	>
<824	,	40	,	6	,	2	,	43	,	2	>
<825	,	40	,	6	,	5	,	43	,	0	>
<826	,	40	,	7	,	1	,	26	,	0	>
<827	,	40	,	7	,	2	,	26	,	1	>
<828	,	40	,	7	,	5	,	26	,	0	>
<829	,	40	,	8	,	1	,	43	,	0	>
<830	,	40	,	8	,	2	,	43	,	2	>
<831	,	40	,	8	,	5	,	43	,	0	>
<832	,	41	,	2	,	1	,	97	,	0	>
<833	,	41	,	2	,	2	,	97	,	2	>
<834	,	41	,	2	,	4	,	97	,	0	>
<835	,	41	,	2	,	6	,	97	,	2	>
<836	,	41	,	3	,	1	,	96	,	0	>
<837	,	41	,	3	,	2	,	96	,	2	>
<838	,	41	,	3	,	4	,	96	,	0	>
<839	,	41	,	3	,	6	,	96	,	2	>
<840	,	41	,	4	,	1	,	98	,	0	>
<841	,	41	,	4	,	2	,	98	,	2	>
<842	,	41	,	4	,	4	,	98	,	0	>
<843	,	41	,	4	,	6	,	98	,	2	>
<844	,	41	,	5	,	1	,	97	,	0	>
<845	,	41	,	5	,	2	,	97	,	2	>
<846	,	41	,	5	,	4	,	97	,	0	>
<847	,	41	,	5	,	6	,	97	,	2	>
<848	,	41	,	6	,	1	,	96	,	0	>
<849	,	41	,	6	,	2	,	96	,	2	>
<850	,	41	,	6	,	4	,	96	,	0	>
<851	,	41	,	6	,	6	,	96	,	2	>
<852	,	41	,	8	,	1	,	98	,	0	>
<853	,	41	,	8	,	2	,	98	,	2	>
<854	,	41	,	8	,	4	,	98	,	0	>
<855	,	41	,	8	,	6	,	98	,	2	>
<856	,	41	,	10	,	1	,	96	,	0	>
<857	,	41	,	10	,	2	,	96	,	2	>
<858	,	41	,	10	,	4	,	96	,	0	>
<859	,	41	,	10	,	6	,	96	,	2	>
<860	,	42	,	1	,	3	,	60	,	0	>
<861	,	42	,	1	,	4	,	60	,	1	>
<862	,	42	,	1	,	5	,	60	,	0	>
<863	,	42	,	1	,	6	,	60	,	1	>
<864	,	42	,	1	,	8	,	60	,	0	>
<865	,	42	,	6	,	3	,	36	,	0	>
<866	,	42	,	6	,	4	,	36	,	1	>
<867	,	42	,	6	,	5	,	36	,	0	>
<868	,	42	,	6	,	6	,	36	,	1	>
<869	,	42	,	6	,	8	,	36	,	0	>
<870	,	42	,	10	,	3	,	47	,	0	>
<871	,	42	,	10	,	4	,	47	,	1	>
<872	,	42	,	10	,	5	,	47	,	0	>
<873	,	42	,	10	,	6	,	47	,	1	>
<874	,	42	,	10	,	8	,	47	,	0	>
<875	,	43	,	2	,	1	,	87	,	0	>
<876	,	43	,	2	,	4	,	87	,	2	>
<877	,	43	,	2	,	5	,	87	,	0	>
<878	,	43	,	2	,	7	,	87	,	2	>
<879	,	43	,	3	,	1	,	95	,	0	>
<880	,	43	,	3	,	4	,	95	,	2	>
<881	,	43	,	3	,	5	,	95	,	0	>
<882	,	43	,	3	,	7	,	95	,	2	>
<883	,	43	,	4	,	1	,	94	,	0	>
<884	,	43	,	4	,	4	,	94	,	2	>
<885	,	43	,	4	,	5	,	94	,	0	>
<886	,	43	,	4	,	7	,	94	,	2	>
<887	,	43	,	6	,	1	,	92	,	0	>
<888	,	43	,	6	,	4	,	92	,	2	>
<889	,	43	,	6	,	5	,	92	,	0	>
<890	,	43	,	6	,	7	,	92	,	2	>
<891	,	43	,	8	,	1	,	90	,	0	>
<892	,	43	,	8	,	4	,	90	,	2	>
<893	,	43	,	8	,	5	,	90	,	0	>
<894	,	43	,	8	,	7	,	90	,	2	>
<895	,	43	,	9	,	1	,	95	,	0	>
<896	,	43	,	9	,	4	,	95	,	2	>
<897	,	43	,	9	,	5	,	95	,	0	>
<898	,	43	,	9	,	7	,	95	,	2	>
<899	,	43	,	10	,	1	,	96	,	0	>
<900	,	43	,	10	,	4	,	96	,	2	>
<901	,	43	,	10	,	5	,	96	,	0	>
<902	,	43	,	10	,	7	,	96	,	2	>
<903	,	44	,	3	,	1	,	99	,	0	>
<904	,	44	,	3	,	3	,	99	,	2	>
<905	,	44	,	3	,	4	,	99	,	0	>
<906	,	44	,	3	,	5	,	99	,	2	>
<907	,	44	,	4	,	1	,	80	,	0	>
<908	,	44	,	4	,	3	,	80	,	2	>
<909	,	44	,	4	,	4	,	80	,	0	>
<910	,	44	,	4	,	5	,	80	,	2	>
<911	,	44	,	5	,	1	,	97	,	0	>
<912	,	44	,	5	,	3	,	97	,	2	>
<913	,	44	,	5	,	4	,	97	,	0	>
<914	,	44	,	5	,	5	,	97	,	2	>
<915	,	44	,	7	,	1	,	69	,	0	>
<916	,	44	,	7	,	3	,	69	,	2	>
<917	,	44	,	7	,	4	,	69	,	0	>
<918	,	44	,	7	,	5	,	69	,	2	>
<919	,	45	,	5	,	1	,	97	,	0	>
<920	,	45	,	5	,	5	,	97	,	2	>
<921	,	45	,	5	,	7	,	97	,	0	>
<922	,	45	,	5	,	8	,	97	,	2	>
<923	,	45	,	6	,	1	,	99	,	0	>
<924	,	45	,	6	,	5	,	99	,	2	>
<925	,	45	,	6	,	7	,	99	,	0	>
<926	,	45	,	6	,	8	,	99	,	2	>
<927	,	45	,	9	,	1	,	98	,	0	>
<928	,	45	,	9	,	5	,	98	,	2	>
<929	,	45	,	9	,	7	,	98	,	0	>
<930	,	45	,	9	,	8	,	98	,	2	>
<931	,	45	,	10	,	1	,	97	,	0	>
<932	,	45	,	10	,	5	,	97	,	2	>
<933	,	45	,	10	,	7	,	97	,	0	>
<934	,	45	,	10	,	8	,	97	,	2	>
<935	,	46	,	8	,	1	,	8	,	0	>
<936	,	46	,	8	,	2	,	8	,	0	>
<937	,	46	,	8	,	3	,	8	,	0	>
<938	,	46	,	8	,	5	,	8	,	0	>
<939	,	46	,	8	,	6	,	8	,	0	>
<940	,	46	,	9	,	1	,	3	,	0	>
<941	,	46	,	9	,	2	,	3	,	0	>
<942	,	46	,	9	,	3	,	3	,	0	>
<943	,	46	,	9	,	5	,	3	,	0	>
<944	,	46	,	9	,	6	,	3	,	0	>
<945	,	46	,	10	,	1	,	8	,	0	>
<946	,	46	,	10	,	2	,	8	,	0	>
<947	,	46	,	10	,	3	,	8	,	0	>
<948	,	46	,	10	,	5	,	8	,	0	>
<949	,	46	,	10	,	6	,	8	,	0	>
<950	,	47	,	1	,	1	,	99	,	0	>
<951	,	47	,	1	,	2	,	99	,	2	>
<952	,	47	,	1	,	5	,	99	,	0	>
<953	,	47	,	1	,	7	,	99	,	2	>
<954	,	47	,	4	,	1	,	97	,	0	>
<955	,	47	,	4	,	2	,	97	,	2	>
<956	,	47	,	4	,	5	,	97	,	0	>
<957	,	47	,	4	,	7	,	97	,	2	>
<958	,	47	,	6	,	1	,	97	,	0	>
<959	,	47	,	6	,	2	,	97	,	2	>
<960	,	47	,	6	,	5	,	97	,	0	>
<961	,	47	,	6	,	7	,	97	,	2	>
<962	,	48	,	3	,	2	,	56	,	0	>
<963	,	48	,	3	,	4	,	56	,	2	>
<964	,	48	,	3	,	7	,	56	,	0	>
<965	,	48	,	5	,	2	,	88	,	0	>
<966	,	48	,	5	,	4	,	88	,	4	>
<967	,	48	,	5	,	7	,	88	,	0	>
<968	,	48	,	6	,	2	,	77	,	0	>
<969	,	48	,	6	,	4	,	77	,	3	>
<970	,	48	,	6	,	7	,	77	,	0	>
<971	,	48	,	7	,	2	,	99	,	0	>
<972	,	48	,	7	,	4	,	99	,	4	>
<973	,	48	,	7	,	7	,	99	,	0	>
<974	,	48	,	10	,	2	,	65	,	0	>
<975	,	48	,	10	,	4	,	65	,	3	>
<976	,	48	,	10	,	7	,	65	,	0	>
<977	,	49	,	1	,	1	,	99	,	0	>
<978	,	49	,	1	,	3	,	99	,	4	>
<979	,	49	,	1	,	7	,	99	,	0	>
<980	,	49	,	2	,	1	,	97	,	0	>
<981	,	49	,	2	,	3	,	97	,	4	>
<982	,	49	,	2	,	7	,	97	,	0	>
<983	,	49	,	3	,	1	,	97	,	0	>
<984	,	49	,	3	,	3	,	97	,	4	>
<985	,	49	,	3	,	7	,	97	,	0	>
<986	,	49	,	5	,	1	,	98	,	0	>
<987	,	49	,	5	,	3	,	98	,	4	>
<988	,	49	,	5	,	7	,	98	,	0	>
<989	,	49	,	8	,	1	,	97	,	0	>
<990	,	49	,	8	,	3	,	97	,	4	>
<991	,	49	,	8	,	7	,	97	,	0	>
<992	,	49	,	9	,	1	,	98	,	0	>
<993	,	49	,	9	,	3	,	98	,	4	>
<994	,	49	,	9	,	7	,	98	,	0	>
<995	,	50	,	3	,	4	,	97	,	0	>
<996	,	50	,	3	,	5	,	97	,	1	>
<997	,	50	,	3	,	6	,	97	,	0	>
<998	,	50	,	3	,	7	,	97	,	1	>
<999	,	50	,	3	,	8	,	97	,	0	>
<1000	,	50	,	4	,	4	,	94	,	0	>
<1001	,	50	,	4	,	5	,	94	,	1	>
<1002	,	50	,	4	,	6	,	94	,	0	>
<1003	,	50	,	4	,	7	,	94	,	1	>
<1004	,	50	,	4	,	8	,	94	,	0	>
<1005	,	50	,	6	,	4	,	94	,	0	>
<1006	,	50	,	6	,	5	,	94	,	1	>
<1007	,	50	,	6	,	6	,	94	,	0	>
<1008	,	50	,	6	,	7	,	94	,	1	>
<1009	,	50	,	6	,	8	,	94	,	0	>
<1010	,	50	,	8	,	4	,	87	,	0	>
<1011	,	50	,	8	,	5	,	87	,	1	>
<1012	,	50	,	8	,	6	,	87	,	0	>
<1013	,	50	,	8	,	7	,	87	,	1	>
<1014	,	50	,	8	,	8	,	87	,	0	>
<1015	,	51	,	5	,	1	,	90	,	0	>
<1016	,	51	,	5	,	2	,	90	,	2	>
<1017	,	51	,	5	,	3	,	90	,	0	>
<1018	,	51	,	5	,	8	,	90	,	2	>
<1019	,	51	,	6	,	1	,	90	,	0	>
<1020	,	51	,	6	,	2	,	90	,	2	>
<1021	,	51	,	6	,	3	,	90	,	0	>
<1022	,	51	,	6	,	8	,	90	,	2	>
<1023	,	51	,	7	,	1	,	69	,	0	>
<1024	,	51	,	7	,	2	,	69	,	2	>
<1025	,	51	,	7	,	3	,	69	,	0	>
<1026	,	51	,	7	,	8	,	69	,	2	>
<1027	,	51	,	8	,	1	,	98	,	0	>
<1028	,	51	,	8	,	2	,	98	,	2	>
<1029	,	51	,	8	,	3	,	98	,	0	>
<1030	,	51	,	8	,	8	,	98	,	2	>
<1031	,	52	,	2	,	1	,	36	,	0	>
<1032	,	52	,	2	,	3	,	36	,	1	>
<1033	,	52	,	2	,	5	,	36	,	0	>
<1034	,	52	,	2	,	8	,	36	,	1	>
<1035	,	52	,	3	,	1	,	69	,	0	>
<1036	,	52	,	3	,	3	,	69	,	2	>
<1037	,	52	,	3	,	5	,	69	,	0	>
<1038	,	52	,	3	,	8	,	69	,	2	>
<1039	,	52	,	5	,	1	,	58	,	0	>
<1040	,	52	,	5	,	3	,	58	,	1	>
<1041	,	52	,	5	,	5	,	58	,	0	>
<1042	,	52	,	5	,	8	,	58	,	1	>
<1043	,	52	,	6	,	1	,	81	,	0	>
<1044	,	52	,	6	,	3	,	81	,	2	>
<1045	,	52	,	6	,	5	,	81	,	0	>
<1046	,	52	,	6	,	8	,	81	,	2	>
<1047	,	52	,	8	,	1	,	27	,	0	>
<1048	,	52	,	8	,	3	,	27	,	1	>
<1049	,	52	,	8	,	5	,	27	,	0	>
<1050	,	52	,	8	,	8	,	27	,	1	>
<1051	,	53	,	3	,	1	,	97	,	0	>
<1052	,	53	,	3	,	2	,	97	,	1	>
<1053	,	53	,	3	,	6	,	97	,	0	>
<1054	,	53	,	3	,	7	,	97	,	1	>
<1055	,	53	,	3	,	8	,	97	,	0	>
<1056	,	53	,	7	,	1	,	73	,	0	>
<1057	,	53	,	7	,	2	,	73	,	1	>
<1058	,	53	,	7	,	6	,	73	,	0	>
<1059	,	53	,	7	,	7	,	73	,	1	>
<1060	,	53	,	7	,	8	,	73	,	0	>
<1061	,	53	,	9	,	1	,	86	,	0	>
<1062	,	53	,	9	,	2	,	86	,	1	>
<1063	,	53	,	9	,	6	,	86	,	0	>
<1064	,	53	,	9	,	7	,	86	,	1	>
<1065	,	53	,	9	,	8	,	86	,	0	>
<1066	,	54	,	2	,	1	,	69	,	0	>
<1067	,	54	,	2	,	2	,	69	,	2	>
<1068	,	54	,	2	,	6	,	69	,	0	>
<1069	,	54	,	2	,	8	,	69	,	2	>
<1070	,	54	,	3	,	1	,	77	,	0	>
<1071	,	54	,	3	,	2	,	77	,	2	>
<1072	,	54	,	3	,	6	,	77	,	0	>
<1073	,	54	,	3	,	8	,	77	,	2	>
<1074	,	54	,	7	,	1	,	74	,	0	>
<1075	,	54	,	7	,	2	,	74	,	2	>
<1076	,	54	,	7	,	6	,	74	,	0	>
<1077	,	54	,	7	,	8	,	74	,	2	>
<1078	,	54	,	9	,	1	,	66	,	0	>
<1079	,	54	,	9	,	2	,	66	,	2	>
<1080	,	54	,	9	,	6	,	66	,	0	>
<1081	,	54	,	9	,	8	,	66	,	2	>
<1082	,	55	,	2	,	2	,	81	,	0	>
<1083	,	55	,	2	,	3	,	81	,	2	>
<1084	,	55	,	2	,	4	,	81	,	0	>
<1085	,	55	,	2	,	6	,	81	,	2	>
<1086	,	55	,	5	,	2	,	75	,	0	>
<1087	,	55	,	5	,	3	,	75	,	2	>
<1088	,	55	,	5	,	4	,	75	,	0	>
<1089	,	55	,	5	,	6	,	75	,	2	>
<1090	,	55	,	6	,	2	,	74	,	0	>
<1091	,	55	,	6	,	3	,	74	,	2	>
<1092	,	55	,	6	,	4	,	74	,	0	>
<1093	,	55	,	6	,	6	,	74	,	2	>
<1094	,	55	,	8	,	2	,	81	,	0	>
<1095	,	55	,	8	,	3	,	81	,	2	>
<1096	,	55	,	8	,	4	,	81	,	0	>
<1097	,	55	,	8	,	6	,	81	,	2	>
<1098	,	56	,	2	,	1	,	94	,	0	>
<1099	,	56	,	2	,	3	,	94	,	4	>
<1100	,	56	,	2	,	5	,	94	,	0	>
<1101	,	56	,	4	,	1	,	93	,	0	>
<1102	,	56	,	4	,	3	,	93	,	4	>
<1103	,	56	,	4	,	5	,	93	,	0	>
<1104	,	56	,	5	,	1	,	99	,	0	>
<1105	,	56	,	5	,	3	,	99	,	4	>
<1106	,	56	,	5	,	5	,	99	,	0	>
<1107	,	56	,	9	,	1	,	98	,	0	>
<1108	,	56	,	9	,	3	,	98	,	4	>
<1109	,	56	,	9	,	5	,	98	,	0	>
<1110	,	57	,	4	,	4	,	89	,	0	>
<1111	,	57	,	4	,	5	,	89	,	2	>
<1112	,	57	,	4	,	7	,	89	,	0	>
<1113	,	57	,	4	,	8	,	89	,	2	>
<1114	,	57	,	6	,	4	,	94	,	0	>
<1115	,	57	,	6	,	5	,	94	,	2	>
<1116	,	57	,	6	,	7	,	94	,	0	>
<1117	,	57	,	6	,	8	,	94	,	2	>
<1118	,	57	,	7	,	4	,	76	,	0	>
<1119	,	57	,	7	,	5	,	76	,	2	>
<1120	,	57	,	7	,	7	,	76	,	0	>
<1121	,	57	,	7	,	8	,	76	,	2	>
<1122	,	58	,	1	,	2	,	94	,	0	>
<1123	,	58	,	1	,	3	,	94	,	2	>
<1124	,	58	,	1	,	6	,	94	,	0	>
<1125	,	58	,	1	,	7	,	94	,	2	>
<1126	,	58	,	3	,	2	,	99	,	0	>
<1127	,	58	,	3	,	3	,	99	,	2	>
<1128	,	58	,	3	,	6	,	99	,	0	>
<1129	,	58	,	3	,	7	,	99	,	2	>
<1130	,	58	,	4	,	2	,	91	,	0	>
<1131	,	58	,	4	,	3	,	91	,	2	>
<1132	,	58	,	4	,	6	,	91	,	0	>
<1133	,	58	,	4	,	7	,	91	,	2	>
<1134	,	58	,	8	,	2	,	91	,	0	>
<1135	,	58	,	8	,	3	,	91	,	2	>
<1136	,	58	,	8	,	6	,	91	,	0	>
<1137	,	58	,	8	,	7	,	91	,	2	>
<1138	,	58	,	10	,	2	,	92	,	0	>
<1139	,	58	,	10	,	3	,	92	,	2	>
<1140	,	58	,	10	,	6	,	92	,	0	>
<1141	,	58	,	10	,	7	,	92	,	2	>
<1142	,	59	,	1	,	2	,	98	,	0	>
<1143	,	59	,	1	,	3	,	98	,	2	>
<1144	,	59	,	1	,	4	,	98	,	0	>
<1145	,	59	,	1	,	5	,	98	,	2	>
<1146	,	59	,	2	,	2	,	88	,	0	>
<1147	,	59	,	2	,	3	,	88	,	2	>
<1148	,	59	,	2	,	4	,	88	,	0	>
<1149	,	59	,	2	,	5	,	88	,	2	>
<1150	,	59	,	6	,	2	,	69	,	0	>
<1151	,	59	,	6	,	3	,	69	,	2	>
<1152	,	59	,	6	,	4	,	69	,	0	>
<1153	,	59	,	6	,	5	,	69	,	2	>
<1154	,	59	,	8	,	2	,	67	,	0	>
<1155	,	59	,	8	,	3	,	67	,	2	>
<1156	,	59	,	8	,	4	,	67	,	0	>
<1157	,	59	,	8	,	5	,	67	,	2	>
<1158	,	59	,	10	,	2	,	70	,	0	>
<1159	,	59	,	10	,	3	,	70	,	2	>
<1160	,	59	,	10	,	4	,	70	,	0	>
<1161	,	59	,	10	,	5	,	70	,	2	>
<1162	,	60	,	1	,	1	,	72	,	0	>
<1163	,	60	,	1	,	2	,	72	,	2	>
<1164	,	60	,	1	,	5	,	72	,	0	>
<1165	,	60	,	1	,	6	,	72	,	2	>
<1166	,	60	,	2	,	1	,	49	,	0	>
<1167	,	60	,	2	,	2	,	49	,	1	>
<1168	,	60	,	2	,	5	,	49	,	0	>
<1169	,	60	,	2	,	6	,	49	,	1	>
<1170	,	60	,	3	,	1	,	72	,	0	>
<1171	,	60	,	3	,	2	,	72	,	2	>
<1172	,	60	,	3	,	5	,	72	,	0	>
<1173	,	60	,	3	,	6	,	72	,	2	>
<1174	,	60	,	4	,	1	,	57	,	0	>
<1175	,	60	,	4	,	2	,	57	,	1	>
<1176	,	60	,	4	,	5	,	57	,	0	>
<1177	,	60	,	4	,	6	,	57	,	1	>
<1178	,	60	,	6	,	1	,	71	,	0	>
<1179	,	60	,	6	,	2	,	71	,	2	>
<1180	,	60	,	6	,	5	,	71	,	0	>
<1181	,	60	,	6	,	6	,	71	,	2	>
<1182	,	60	,	9	,	1	,	49	,	0	>
<1183	,	60	,	9	,	2	,	49	,	1	>
<1184	,	60	,	9	,	5	,	49	,	0	>
<1185	,	60	,	9	,	6	,	49	,	1	>
<1186	,	60	,	10	,	1	,	95	,	0	>
<1187	,	60	,	10	,	2	,	95	,	2	>
<1188	,	60	,	10	,	5	,	95	,	0	>
<1189	,	60	,	10	,	6	,	95	,	2	>
<1190	,	61	,	4	,	2	,	75	,	0	>
<1191	,	61	,	4	,	3	,	75	,	1	>
<1192	,	61	,	4	,	4	,	75	,	0	>
<1193	,	61	,	4	,	7	,	75	,	1	>
<1194	,	61	,	4	,	8	,	75	,	0	>
<1195	,	61	,	6	,	2	,	99	,	0	>
<1196	,	61	,	6	,	3	,	99	,	1	>
<1197	,	61	,	6	,	4	,	99	,	0	>
<1198	,	61	,	6	,	7	,	99	,	1	>
<1199	,	61	,	6	,	8	,	99	,	0	>
<1200	,	61	,	8	,	2	,	41	,	0	>
<1201	,	61	,	8	,	3	,	41	,	1	>
<1202	,	61	,	8	,	4	,	41	,	0	>
<1203	,	61	,	8	,	7	,	41	,	1	>
<1204	,	61	,	8	,	8	,	41	,	0	>
<1205	,	61	,	9	,	2	,	60	,	0	>
<1206	,	61	,	9	,	3	,	60	,	1	>
<1207	,	61	,	9	,	4	,	60	,	0	>
<1208	,	61	,	9	,	7	,	60	,	1	>
<1209	,	61	,	9	,	8	,	60	,	0	>
<1210	,	62	,	5	,	1	,	98	,	0	>
<1211	,	62	,	5	,	3	,	98	,	1	>
<1212	,	62	,	5	,	4	,	98	,	0	>
<1213	,	62	,	5	,	6	,	98	,	1	>
<1214	,	62	,	5	,	7	,	98	,	0	>
<1215	,	62	,	7	,	1	,	93	,	0	>
<1216	,	62	,	7	,	3	,	93	,	1	>
<1217	,	62	,	7	,	4	,	93	,	0	>
<1218	,	62	,	7	,	6	,	93	,	1	>
<1219	,	62	,	7	,	7	,	93	,	0	>
<1220	,	62	,	9	,	1	,	97	,	0	>
<1221	,	62	,	9	,	3	,	97	,	1	>
<1222	,	62	,	9	,	4	,	97	,	0	>
<1223	,	62	,	9	,	6	,	97	,	1	>
<1224	,	62	,	9	,	7	,	97	,	0	>
<1225	,	63	,	1	,	1	,	90	,	0	>
<1226	,	63	,	1	,	4	,	90	,	2	>
<1227	,	63	,	1	,	5	,	90	,	0	>
<1228	,	63	,	1	,	8	,	90	,	2	>
<1229	,	63	,	2	,	1	,	84	,	0	>
<1230	,	63	,	2	,	4	,	84	,	2	>
<1231	,	63	,	2	,	5	,	84	,	0	>
<1232	,	63	,	2	,	8	,	84	,	2	>
<1233	,	63	,	4	,	1	,	82	,	0	>
<1234	,	63	,	4	,	4	,	82	,	2	>
<1235	,	63	,	4	,	5	,	82	,	0	>
<1236	,	63	,	4	,	8	,	82	,	2	>
<1237	,	63	,	6	,	1	,	89	,	0	>
<1238	,	63	,	6	,	4	,	89	,	2	>
<1239	,	63	,	6	,	5	,	89	,	0	>
<1240	,	63	,	6	,	8	,	89	,	2	>
<1241	,	63	,	7	,	1	,	84	,	0	>
<1242	,	63	,	7	,	4	,	84	,	2	>
<1243	,	63	,	7	,	5	,	84	,	0	>
<1244	,	63	,	7	,	8	,	84	,	2	>
<1245	,	63	,	9	,	1	,	89	,	0	>
<1246	,	63	,	9	,	4	,	89	,	2	>
<1247	,	63	,	9	,	5	,	89	,	0	>
<1248	,	63	,	9	,	8	,	89	,	2	>
<1249	,	64	,	2	,	3	,	94	,	0	>
<1250	,	64	,	2	,	4	,	94	,	4	>
<1251	,	64	,	2	,	6	,	94	,	0	>
<1252	,	64	,	4	,	3	,	97	,	0	>
<1253	,	64	,	4	,	4	,	97	,	4	>
<1254	,	64	,	4	,	6	,	97	,	0	>
<1255	,	64	,	6	,	3	,	94	,	0	>
<1256	,	64	,	6	,	4	,	94	,	4	>
<1257	,	64	,	6	,	6	,	94	,	0	>
<1258	,	64	,	7	,	3	,	96	,	0	>
<1259	,	64	,	7	,	4	,	96	,	4	>
<1260	,	64	,	7	,	6	,	96	,	0	>
<1261	,	64	,	8	,	3	,	98	,	0	>
<1262	,	64	,	8	,	4	,	98	,	4	>
<1263	,	64	,	8	,	6	,	98	,	0	>
<1264	,	64	,	9	,	3	,	95	,	0	>
<1265	,	64	,	9	,	4	,	95	,	4	>
<1266	,	64	,	9	,	6	,	95	,	0	>
<1267	,	65	,	2	,	1	,	95	,	0	>
<1268	,	65	,	2	,	3	,	95	,	4	>
<1269	,	65	,	2	,	5	,	95	,	0	>
<1270	,	65	,	3	,	1	,	90	,	0	>
<1271	,	65	,	3	,	3	,	90	,	4	>
<1272	,	65	,	3	,	5	,	90	,	0	>
<1273	,	65	,	4	,	1	,	88	,	0	>
<1274	,	65	,	4	,	3	,	88	,	4	>
<1275	,	65	,	4	,	5	,	88	,	0	>
<1276	,	65	,	6	,	1	,	96	,	0	>
<1277	,	65	,	6	,	3	,	96	,	4	>
<1278	,	65	,	6	,	5	,	96	,	0	>
<1279	,	65	,	7	,	1	,	63	,	0	>
<1280	,	65	,	7	,	3	,	63	,	3	>
<1281	,	65	,	7	,	5	,	63	,	0	>
<1282	,	65	,	8	,	1	,	81	,	0	>
<1283	,	65	,	8	,	3	,	81	,	3	>
<1284	,	65	,	8	,	5	,	81	,	0	>
<1285	,	66	,	2	,	1	,	49	,	0	>
<1286	,	66	,	2	,	2	,	49	,	2	>
<1287	,	66	,	2	,	4	,	49	,	0	>
<1288	,	66	,	5	,	1	,	51	,	0	>
<1289	,	66	,	5	,	2	,	51	,	2	>
<1290	,	66	,	5	,	4	,	51	,	0	>
<1291	,	66	,	7	,	1	,	94	,	0	>
<1292	,	66	,	7	,	2	,	94	,	4	>
<1293	,	66	,	7	,	4	,	94	,	0	>
<1294	,	66	,	9	,	1	,	75	,	0	>
<1295	,	66	,	9	,	2	,	75	,	3	>
<1296	,	66	,	9	,	4	,	75	,	0	>
<1297	,	66	,	10	,	1	,	55	,	0	>
<1298	,	66	,	10	,	2	,	55	,	2	>
<1299	,	66	,	10	,	4	,	55	,	0	>
<1300	,	67	,	6	,	4	,	96	,	0	>
<1301	,	67	,	6	,	6	,	96	,	2	>
<1302	,	67	,	6	,	7	,	96	,	0	>
<1303	,	67	,	6	,	8	,	96	,	2	>
<1304	,	67	,	7	,	4	,	99	,	0	>
<1305	,	67	,	7	,	6	,	99	,	2	>
<1306	,	67	,	7	,	7	,	99	,	0	>
<1307	,	67	,	7	,	8	,	99	,	2	>
<1308	,	67	,	9	,	4	,	96	,	0	>
<1309	,	67	,	9	,	6	,	96	,	2	>
<1310	,	67	,	9	,	7	,	96	,	0	>
<1311	,	67	,	9	,	8	,	96	,	2	>
<1312	,	68	,	1	,	3	,	56	,	0	>
<1313	,	68	,	1	,	4	,	56	,	2	>
<1314	,	68	,	1	,	8	,	56	,	0	>
<1315	,	68	,	2	,	3	,	45	,	0	>
<1316	,	68	,	2	,	4	,	45	,	2	>
<1317	,	68	,	2	,	8	,	45	,	0	>
<1318	,	68	,	3	,	3	,	27	,	0	>
<1319	,	68	,	3	,	4	,	27	,	1	>
<1320	,	68	,	3	,	8	,	27	,	0	>
<1321	,	68	,	6	,	3	,	27	,	0	>
<1322	,	68	,	6	,	4	,	27	,	1	>
<1323	,	68	,	6	,	8	,	27	,	0	>
<1324	,	68	,	7	,	3	,	49	,	0	>
<1325	,	68	,	7	,	4	,	49	,	2	>
<1326	,	68	,	7	,	8	,	49	,	0	>
<1327	,	68	,	8	,	3	,	67	,	0	>
<1328	,	68	,	8	,	4	,	67	,	3	>
<1329	,	68	,	8	,	8	,	67	,	0	>
<1330	,	68	,	9	,	3	,	71	,	0	>
<1331	,	68	,	9	,	4	,	71	,	3	>
<1332	,	68	,	9	,	8	,	71	,	0	>
<1333	,	69	,	1	,	3	,	95	,	0	>
<1334	,	69	,	1	,	4	,	95	,	4	>
<1335	,	69	,	1	,	7	,	95	,	0	>
<1336	,	69	,	6	,	3	,	72	,	0	>
<1337	,	69	,	6	,	4	,	72	,	3	>
<1338	,	69	,	6	,	7	,	72	,	0	>
<1339	,	69	,	7	,	3	,	89	,	0	>
<1340	,	69	,	7	,	4	,	89	,	4	>
<1341	,	69	,	7	,	7	,	89	,	0	>
<1342	,	70	,	1	,	3	,	94	,	0	>
<1343	,	70	,	1	,	5	,	94	,	2	>
<1344	,	70	,	1	,	6	,	94	,	0	>
<1345	,	70	,	1	,	7	,	94	,	2	>
<1346	,	70	,	4	,	3	,	98	,	0	>
<1347	,	70	,	4	,	5	,	98	,	2	>
<1348	,	70	,	4	,	6	,	98	,	0	>
<1349	,	70	,	4	,	7	,	98	,	2	>
<1350	,	70	,	7	,	3	,	97	,	0	>
<1351	,	70	,	7	,	5	,	97	,	2	>
<1352	,	70	,	7	,	6	,	97	,	0	>
<1353	,	70	,	7	,	7	,	97	,	2	>
<1354	,	70	,	8	,	3	,	94	,	0	>
<1355	,	70	,	8	,	5	,	94	,	2	>
<1356	,	70	,	8	,	6	,	94	,	0	>
<1357	,	70	,	8	,	7	,	94	,	2	>
<1358	,	71	,	1	,	1	,	90	,	0	>
<1359	,	71	,	1	,	3	,	90	,	2	>
<1360	,	71	,	1	,	4	,	90	,	0	>
<1361	,	71	,	1	,	8	,	90	,	2	>
<1362	,	71	,	5	,	1	,	36	,	0	>
<1363	,	71	,	5	,	3	,	36	,	1	>
<1364	,	71	,	5	,	4	,	36	,	0	>
<1365	,	71	,	5	,	8	,	36	,	1	>
<1366	,	71	,	6	,	1	,	61	,	0	>
<1367	,	71	,	6	,	3	,	61	,	2	>
<1368	,	71	,	6	,	4	,	61	,	0	>
<1369	,	71	,	6	,	8	,	61	,	2	>
<1370	,	72	,	1	,	1	,	6	,	0	>
<1371	,	72	,	1	,	3	,	6	,	0	>
<1372	,	72	,	1	,	4	,	6	,	0	>
<1373	,	72	,	1	,	6	,	6	,	0	>
<1374	,	72	,	2	,	1	,	4	,	0	>
<1375	,	72	,	2	,	3	,	4	,	0	>
<1376	,	72	,	2	,	4	,	4	,	0	>
<1377	,	72	,	2	,	6	,	4	,	0	>
<1378	,	72	,	3	,	1	,	4	,	0	>
<1379	,	72	,	3	,	3	,	4	,	0	>
<1380	,	72	,	3	,	4	,	4	,	0	>
<1381	,	72	,	3	,	6	,	4	,	0	>
<1382	,	72	,	5	,	1	,	6	,	0	>
<1383	,	72	,	5	,	3	,	6	,	0	>
<1384	,	72	,	5	,	4	,	6	,	0	>
<1385	,	72	,	5	,	6	,	6	,	0	>
<1386	,	72	,	8	,	1	,	2	,	0	>
<1387	,	72	,	8	,	3	,	2	,	0	>
<1388	,	72	,	8	,	4	,	2	,	0	>
<1389	,	72	,	8	,	6	,	2	,	0	>
<1390	,	72	,	10	,	1	,	6	,	0	>
<1391	,	72	,	10	,	3	,	6	,	0	>
<1392	,	72	,	10	,	4	,	6	,	0	>
<1393	,	72	,	10	,	6	,	6	,	0	>
<1394	,	73	,	1	,	1	,	74	,	0	>
<1395	,	73	,	1	,	4	,	74	,	2	>
<1396	,	73	,	1	,	6	,	74	,	0	>
<1397	,	73	,	1	,	7	,	74	,	2	>
<1398	,	73	,	2	,	1	,	89	,	0	>
<1399	,	73	,	2	,	4	,	89	,	2	>
<1400	,	73	,	2	,	6	,	89	,	0	>
<1401	,	73	,	2	,	7	,	89	,	2	>
<1402	,	73	,	3	,	1	,	86	,	0	>
<1403	,	73	,	3	,	4	,	86	,	2	>
<1404	,	73	,	3	,	6	,	86	,	0	>
<1405	,	73	,	3	,	7	,	86	,	2	>
<1406	,	73	,	4	,	1	,	95	,	0	>
<1407	,	73	,	4	,	4	,	95	,	2	>
<1408	,	73	,	4	,	6	,	95	,	0	>
<1409	,	73	,	4	,	7	,	95	,	2	>
<1410	,	73	,	5	,	1	,	77	,	0	>
<1411	,	73	,	5	,	4	,	77	,	2	>
<1412	,	73	,	5	,	6	,	77	,	0	>
<1413	,	73	,	5	,	7	,	77	,	2	>
<1414	,	73	,	6	,	1	,	83	,	0	>
<1415	,	73	,	6	,	4	,	83	,	2	>
<1416	,	73	,	6	,	6	,	83	,	0	>
<1417	,	73	,	6	,	7	,	83	,	2	>
<1418	,	73	,	10	,	1	,	94	,	0	>
<1419	,	73	,	10	,	4	,	94	,	2	>
<1420	,	73	,	10	,	6	,	94	,	0	>
<1421	,	73	,	10	,	7	,	94	,	2	>
<1422	,	74	,	1	,	1	,	71	,	0	>
<1423	,	74	,	1	,	4	,	71	,	1	>
<1424	,	74	,	1	,	5	,	71	,	0	>
<1425	,	74	,	1	,	6	,	71	,	1	>
<1426	,	74	,	1	,	8	,	71	,	0	>
<1427	,	74	,	3	,	1	,	57	,	0	>
<1428	,	74	,	3	,	4	,	57	,	1	>
<1429	,	74	,	3	,	5	,	57	,	0	>
<1430	,	74	,	3	,	6	,	57	,	1	>
<1431	,	74	,	3	,	8	,	57	,	0	>
<1432	,	74	,	5	,	1	,	68	,	0	>
<1433	,	74	,	5	,	4	,	68	,	1	>
<1434	,	74	,	5	,	5	,	68	,	0	>
<1435	,	74	,	5	,	6	,	68	,	1	>
<1436	,	74	,	5	,	8	,	68	,	0	>
<1437	,	74	,	6	,	1	,	96	,	0	>
<1438	,	74	,	6	,	4	,	96	,	1	>
<1439	,	74	,	6	,	5	,	96	,	0	>
<1440	,	74	,	6	,	6	,	96	,	1	>
<1441	,	74	,	6	,	8	,	96	,	0	>
<1442	,	74	,	8	,	1	,	93	,	0	>
<1443	,	74	,	8	,	4	,	93	,	1	>
<1444	,	74	,	8	,	5	,	93	,	0	>
<1445	,	74	,	8	,	6	,	93	,	1	>
<1446	,	74	,	8	,	8	,	93	,	0	>
<1447	,	74	,	10	,	1	,	93	,	0	>
<1448	,	74	,	10	,	4	,	93	,	1	>
<1449	,	74	,	10	,	5	,	93	,	0	>
<1450	,	74	,	10	,	6	,	93	,	1	>
<1451	,	74	,	10	,	8	,	93	,	0	>
<1452	,	75	,	3	,	1	,	52	,	0	>
<1453	,	75	,	3	,	2	,	52	,	1	>
<1454	,	75	,	3	,	3	,	52	,	0	>
<1455	,	75	,	3	,	4	,	52	,	1	>
<1456	,	75	,	3	,	8	,	52	,	0	>
<1457	,	75	,	5	,	1	,	81	,	0	>
<1458	,	75	,	5	,	2	,	81	,	1	>
<1459	,	75	,	5	,	3	,	81	,	0	>
<1460	,	75	,	5	,	4	,	81	,	1	>
<1461	,	75	,	5	,	8	,	81	,	0	>
<1462	,	75	,	7	,	1	,	43	,	0	>
<1463	,	75	,	7	,	2	,	43	,	1	>
<1464	,	75	,	7	,	3	,	43	,	0	>
<1465	,	75	,	7	,	4	,	43	,	1	>
<1466	,	75	,	7	,	8	,	43	,	0	>
<1467	,	75	,	9	,	1	,	97	,	0	>
<1468	,	75	,	9	,	2	,	97	,	1	>
<1469	,	75	,	9	,	3	,	97	,	0	>
<1470	,	75	,	9	,	4	,	97	,	1	>
<1471	,	75	,	9	,	8	,	97	,	0	>
<1472	,	75	,	10	,	1	,	60	,	0	>
<1473	,	75	,	10	,	2	,	60	,	1	>
<1474	,	75	,	10	,	3	,	60	,	0	>
<1475	,	75	,	10	,	4	,	60	,	1	>
<1476	,	75	,	10	,	8	,	60	,	0	>
<1477	,	76	,	5	,	1	,	66	,	0	>
<1478	,	76	,	5	,	2	,	66	,	1	>
<1479	,	76	,	5	,	4	,	66	,	0	>
<1480	,	76	,	5	,	6	,	66	,	1	>
<1481	,	76	,	5	,	7	,	66	,	0	>
<1482	,	76	,	6	,	1	,	52	,	0	>
<1483	,	76	,	6	,	2	,	52	,	1	>
<1484	,	76	,	6	,	4	,	52	,	0	>
<1485	,	76	,	6	,	6	,	52	,	1	>
<1486	,	76	,	6	,	7	,	52	,	0	>
<1487	,	76	,	7	,	1	,	87	,	0	>
<1488	,	76	,	7	,	2	,	87	,	1	>
<1489	,	76	,	7	,	4	,	87	,	0	>
<1490	,	76	,	7	,	6	,	87	,	1	>
<1491	,	76	,	7	,	7	,	87	,	0	>
<1492	,	76	,	9	,	1	,	67	,	0	>
<1493	,	76	,	9	,	2	,	67	,	1	>
<1494	,	76	,	9	,	4	,	67	,	0	>
<1495	,	76	,	9	,	6	,	67	,	1	>
<1496	,	76	,	9	,	7	,	67	,	0	>
<1497	,	76	,	10	,	1	,	89	,	0	>
<1498	,	76	,	10	,	2	,	89	,	1	>
<1499	,	76	,	10	,	4	,	89	,	0	>
<1500	,	76	,	10	,	6	,	89	,	1	>
<1501	,	76	,	10	,	7	,	89	,	0	>
<1502	,	77	,	2	,	1	,	30	,	0	>
<1503	,	77	,	2	,	6	,	30	,	1	>
<1504	,	77	,	2	,	8	,	30	,	0	>
<1505	,	77	,	3	,	1	,	16	,	0	>
<1506	,	77	,	3	,	6	,	16	,	1	>
<1507	,	77	,	3	,	8	,	16	,	0	>
<1508	,	77	,	4	,	1	,	47	,	0	>
<1509	,	77	,	4	,	6	,	47	,	2	>
<1510	,	77	,	4	,	8	,	47	,	0	>
<1511	,	77	,	6	,	1	,	48	,	0	>
<1512	,	77	,	6	,	6	,	48	,	2	>
<1513	,	77	,	6	,	8	,	48	,	0	>
<1514	,	77	,	7	,	1	,	27	,	0	>
<1515	,	77	,	7	,	6	,	27	,	1	>
<1516	,	77	,	7	,	8	,	27	,	0	>
<1517	,	77	,	8	,	1	,	37	,	0	>
<1518	,	77	,	8	,	6	,	37	,	2	>
<1519	,	77	,	8	,	8	,	37	,	0	>
<1520	,	77	,	10	,	1	,	25	,	0	>
<1521	,	77	,	10	,	6	,	25	,	1	>
<1522	,	77	,	10	,	8	,	25	,	0	>
<1523	,	78	,	6	,	3	,	98	,	0	>
<1524	,	78	,	6	,	4	,	98	,	4	>
<1525	,	78	,	6	,	5	,	98	,	0	>
<1526	,	78	,	8	,	3	,	88	,	0	>
<1527	,	78	,	8	,	4	,	88	,	4	>
<1528	,	78	,	8	,	5	,	88	,	0	>
<1529	,	78	,	10	,	3	,	81	,	0	>
<1530	,	78	,	10	,	4	,	81	,	3	>
<1531	,	78	,	10	,	5	,	81	,	0	>
<1532	,	79	,	1	,	1	,	89	,	0	>
<1533	,	79	,	1	,	2	,	89	,	1	>
<1534	,	79	,	1	,	3	,	89	,	0	>
<1535	,	79	,	1	,	6	,	89	,	1	>
<1536	,	79	,	1	,	8	,	89	,	0	>
<1537	,	79	,	3	,	1	,	60	,	0	>
<1538	,	79	,	3	,	2	,	60	,	1	>
<1539	,	79	,	3	,	3	,	60	,	0	>
<1540	,	79	,	3	,	6	,	60	,	1	>
<1541	,	79	,	3	,	8	,	60	,	0	>
<1542	,	79	,	5	,	1	,	74	,	0	>
<1543	,	79	,	5	,	2	,	74	,	1	>
<1544	,	79	,	5	,	3	,	74	,	0	>
<1545	,	79	,	5	,	6	,	74	,	1	>
<1546	,	79	,	5	,	8	,	74	,	0	>
<1547	,	79	,	6	,	1	,	99	,	0	>
<1548	,	79	,	6	,	2	,	99	,	1	>
<1549	,	79	,	6	,	3	,	99	,	0	>
<1550	,	79	,	6	,	6	,	99	,	1	>
<1551	,	79	,	6	,	8	,	99	,	0	>
<1552	,	80	,	2	,	2	,	56	,	0	>
<1553	,	80	,	2	,	4	,	56	,	1	>
<1554	,	80	,	2	,	5	,	56	,	0	>
<1555	,	80	,	2	,	6	,	56	,	1	>
<1556	,	80	,	2	,	7	,	56	,	0	>
<1557	,	80	,	3	,	2	,	63	,	0	>
<1558	,	80	,	3	,	4	,	63	,	1	>
<1559	,	80	,	3	,	5	,	63	,	0	>
<1560	,	80	,	3	,	6	,	63	,	1	>
<1561	,	80	,	3	,	7	,	63	,	0	>
<1562	,	80	,	4	,	2	,	63	,	0	>
<1563	,	80	,	4	,	4	,	63	,	1	>
<1564	,	80	,	4	,	5	,	63	,	0	>
<1565	,	80	,	4	,	6	,	63	,	1	>
<1566	,	80	,	4	,	7	,	63	,	0	>
<1567	,	80	,	6	,	2	,	81	,	0	>
<1568	,	80	,	6	,	4	,	81	,	1	>
<1569	,	80	,	6	,	5	,	81	,	0	>
<1570	,	80	,	6	,	6	,	81	,	1	>
<1571	,	80	,	6	,	7	,	81	,	0	>
<1572	,	80	,	7	,	2	,	35	,	0	>
<1573	,	80	,	7	,	4	,	35	,	1	>
<1574	,	80	,	7	,	5	,	35	,	0	>
<1575	,	80	,	7	,	6	,	35	,	1	>
<1576	,	80	,	7	,	7	,	35	,	0	>
<1577	,	80	,	9	,	2	,	64	,	0	>
<1578	,	80	,	9	,	4	,	64	,	1	>
<1579	,	80	,	9	,	5	,	64	,	0	>
<1580	,	80	,	9	,	6	,	64	,	1	>
<1581	,	80	,	9	,	7	,	64	,	0	>
<1582	,	81	,	1	,	1	,	92	,	0	>
<1583	,	81	,	1	,	6	,	92	,	4	>
<1584	,	81	,	1	,	8	,	92	,	0	>
<1585	,	81	,	2	,	1	,	79	,	0	>
<1586	,	81	,	2	,	6	,	79	,	3	>
<1587	,	81	,	2	,	8	,	79	,	0	>
<1588	,	81	,	9	,	1	,	65	,	0	>
<1589	,	81	,	9	,	6	,	65	,	3	>
<1590	,	81	,	9	,	8	,	65	,	0	>
<1591	,	82	,	3	,	1	,	88	,	0	>
<1592	,	82	,	3	,	2	,	88	,	1	>
<1593	,	82	,	3	,	3	,	88	,	0	>
<1594	,	82	,	3	,	4	,	88	,	1	>
<1595	,	82	,	3	,	7	,	88	,	0	>
<1596	,	82	,	4	,	1	,	97	,	0	>
<1597	,	82	,	4	,	2	,	97	,	1	>
<1598	,	82	,	4	,	3	,	97	,	0	>
<1599	,	82	,	4	,	4	,	97	,	1	>
<1600	,	82	,	4	,	7	,	97	,	0	>
<1601	,	82	,	5	,	1	,	35	,	0	>
<1602	,	82	,	5	,	2	,	35	,	1	>
<1603	,	82	,	5	,	3	,	35	,	0	>
<1604	,	82	,	5	,	4	,	35	,	1	>
<1605	,	82	,	5	,	7	,	35	,	0	>
<1606	,	82	,	6	,	1	,	53	,	0	>
<1607	,	82	,	6	,	2	,	53	,	1	>
<1608	,	82	,	6	,	3	,	53	,	0	>
<1609	,	82	,	6	,	4	,	53	,	1	>
<1610	,	82	,	6	,	7	,	53	,	0	>
<1611	,	82	,	7	,	1	,	41	,	0	>
<1612	,	82	,	7	,	2	,	41	,	1	>
<1613	,	82	,	7	,	3	,	41	,	0	>
<1614	,	82	,	7	,	4	,	41	,	1	>
<1615	,	82	,	7	,	7	,	41	,	0	>
<1616	,	82	,	8	,	1	,	64	,	0	>
<1617	,	82	,	8	,	2	,	64	,	1	>
<1618	,	82	,	8	,	3	,	64	,	0	>
<1619	,	82	,	8	,	4	,	64	,	1	>
<1620	,	82	,	8	,	7	,	64	,	0	>
<1621	,	82	,	10	,	1	,	90	,	0	>
<1622	,	82	,	10	,	2	,	90	,	1	>
<1623	,	82	,	10	,	3	,	90	,	0	>
<1624	,	82	,	10	,	4	,	90	,	1	>
<1625	,	82	,	10	,	7	,	90	,	0	>
<1626	,	83	,	1	,	1	,	49	,	0	>
<1627	,	83	,	1	,	2	,	49	,	1	>
<1628	,	83	,	1	,	4	,	49	,	0	>
<1629	,	83	,	1	,	6	,	49	,	1	>
<1630	,	83	,	1	,	8	,	49	,	0	>
<1631	,	83	,	2	,	1	,	40	,	0	>
<1632	,	83	,	2	,	2	,	40	,	1	>
<1633	,	83	,	2	,	4	,	40	,	0	>
<1634	,	83	,	2	,	6	,	40	,	1	>
<1635	,	83	,	2	,	8	,	40	,	0	>
<1636	,	83	,	6	,	1	,	59	,	0	>
<1637	,	83	,	6	,	2	,	59	,	1	>
<1638	,	83	,	6	,	4	,	59	,	0	>
<1639	,	83	,	6	,	6	,	59	,	1	>
<1640	,	83	,	6	,	8	,	59	,	0	>
<1641	,	83	,	8	,	1	,	69	,	0	>
<1642	,	83	,	8	,	2	,	69	,	1	>
<1643	,	83	,	8	,	4	,	69	,	0	>
<1644	,	83	,	8	,	6	,	69	,	1	>
<1645	,	83	,	8	,	8	,	69	,	0	>
<1646	,	83	,	10	,	1	,	31	,	0	>
<1647	,	83	,	10	,	2	,	31	,	0	>
<1648	,	83	,	10	,	4	,	31	,	0	>
<1649	,	83	,	10	,	6	,	31	,	0	>
<1650	,	83	,	10	,	8	,	31	,	0	>
<1651	,	84	,	1	,	2	,	99	,	0	>
<1652	,	84	,	1	,	3	,	99	,	2	>
<1653	,	84	,	1	,	5	,	99	,	0	>
<1654	,	84	,	1	,	8	,	99	,	2	>
<1655	,	84	,	4	,	2	,	99	,	0	>
<1656	,	84	,	4	,	3	,	99	,	2	>
<1657	,	84	,	4	,	5	,	99	,	0	>
<1658	,	84	,	4	,	8	,	99	,	2	>
<1659	,	84	,	5	,	2	,	99	,	0	>
<1660	,	84	,	5	,	3	,	99	,	2	>
<1661	,	84	,	5	,	5	,	99	,	0	>
<1662	,	84	,	5	,	8	,	99	,	2	>
<1663	,	84	,	6	,	2	,	99	,	0	>
<1664	,	84	,	6	,	3	,	99	,	2	>
<1665	,	84	,	6	,	5	,	99	,	0	>
<1666	,	84	,	6	,	8	,	99	,	2	>
<1667	,	84	,	7	,	2	,	99	,	0	>
<1668	,	84	,	7	,	3	,	99	,	2	>
<1669	,	84	,	7	,	5	,	99	,	0	>
<1670	,	84	,	7	,	8	,	99	,	2	>
<1671	,	84	,	8	,	2	,	99	,	0	>
<1672	,	84	,	8	,	3	,	99	,	2	>
<1673	,	84	,	8	,	5	,	99	,	0	>
<1674	,	84	,	8	,	8	,	99	,	2	>
<1675	,	84	,	10	,	2	,	99	,	0	>
<1676	,	84	,	10	,	3	,	99	,	2	>
<1677	,	84	,	10	,	5	,	99	,	0	>
<1678	,	84	,	10	,	8	,	99	,	2	>
<1679	,	85	,	2	,	1	,	80	,	0	>
<1680	,	85	,	2	,	2	,	80	,	2	>
<1681	,	85	,	2	,	6	,	80	,	0	>
<1682	,	85	,	2	,	7	,	80	,	2	>
<1683	,	85	,	4	,	1	,	73	,	0	>
<1684	,	85	,	4	,	2	,	73	,	2	>
<1685	,	85	,	4	,	6	,	73	,	0	>
<1686	,	85	,	4	,	7	,	73	,	2	>
<1687	,	85	,	8	,	1	,	53	,	0	>
<1688	,	85	,	8	,	2	,	53	,	1	>
<1689	,	85	,	8	,	6	,	53	,	0	>
<1690	,	85	,	8	,	7	,	53	,	1	>
<1691	,	86	,	1	,	1	,	67	,	0	>
<1692	,	86	,	1	,	3	,	67	,	1	>
<1693	,	86	,	1	,	4	,	67	,	0	>
<1694	,	86	,	1	,	5	,	67	,	1	>
<1695	,	86	,	1	,	6	,	67	,	0	>
<1696	,	86	,	4	,	1	,	99	,	0	>
<1697	,	86	,	4	,	3	,	99	,	1	>
<1698	,	86	,	4	,	4	,	99	,	0	>
<1699	,	86	,	4	,	5	,	99	,	1	>
<1700	,	86	,	4	,	6	,	99	,	0	>
<1701	,	86	,	6	,	1	,	70	,	0	>
<1702	,	86	,	6	,	3	,	70	,	1	>
<1703	,	86	,	6	,	4	,	70	,	0	>
<1704	,	86	,	6	,	5	,	70	,	1	>
<1705	,	86	,	6	,	6	,	70	,	0	>
<1706	,	86	,	7	,	1	,	73	,	0	>
<1707	,	86	,	7	,	3	,	73	,	1	>
<1708	,	86	,	7	,	4	,	73	,	0	>
<1709	,	86	,	7	,	5	,	73	,	1	>
<1710	,	86	,	7	,	6	,	73	,	0	>
<1711	,	86	,	8	,	1	,	85	,	0	>
<1712	,	86	,	8	,	3	,	85	,	1	>
<1713	,	86	,	8	,	4	,	85	,	0	>
<1714	,	86	,	8	,	5	,	85	,	1	>
<1715	,	86	,	8	,	6	,	85	,	0	>
<1716	,	86	,	10	,	1	,	77	,	0	>
<1717	,	86	,	10	,	3	,	77	,	1	>
<1718	,	86	,	10	,	4	,	77	,	0	>
<1719	,	86	,	10	,	5	,	77	,	1	>
<1720	,	86	,	10	,	6	,	77	,	0	>
<1721	,	87	,	2	,	2	,	33	,	0	>
<1722	,	87	,	2	,	4	,	33	,	1	>
<1723	,	87	,	2	,	6	,	33	,	0	>
<1724	,	87	,	3	,	2	,	69	,	0	>
<1725	,	87	,	3	,	4	,	69	,	3	>
<1726	,	87	,	3	,	6	,	69	,	0	>
<1727	,	87	,	7	,	2	,	82	,	0	>
<1728	,	87	,	7	,	4	,	82	,	3	>
<1729	,	87	,	7	,	6	,	82	,	0	>
<1730	,	87	,	8	,	2	,	29	,	0	>
<1731	,	87	,	8	,	4	,	29	,	1	>
<1732	,	87	,	8	,	6	,	29	,	0	>
<1733	,	87	,	9	,	2	,	38	,	0	>
<1734	,	87	,	9	,	4	,	38	,	2	>
<1735	,	87	,	9	,	6	,	38	,	0	>
<1736	,	88	,	1	,	1	,	56	,	0	>
<1737	,	88	,	1	,	2	,	56	,	1	>
<1738	,	88	,	1	,	3	,	56	,	0	>
<1739	,	88	,	1	,	6	,	56	,	1	>
<1740	,	88	,	4	,	1	,	28	,	0	>
<1741	,	88	,	4	,	2	,	28	,	1	>
<1742	,	88	,	4	,	3	,	28	,	0	>
<1743	,	88	,	4	,	6	,	28	,	1	>
<1744	,	88	,	5	,	1	,	66	,	0	>
<1745	,	88	,	5	,	2	,	66	,	2	>
<1746	,	88	,	5	,	3	,	66	,	0	>
<1747	,	88	,	5	,	6	,	66	,	2	>
<1748	,	89	,	4	,	1	,	99	,	0	>
<1749	,	89	,	4	,	4	,	99	,	4	>
<1750	,	89	,	4	,	8	,	99	,	0	>
<1751	,	89	,	5	,	1	,	99	,	0	>
<1752	,	89	,	5	,	4	,	99	,	4	>
<1753	,	89	,	5	,	8	,	99	,	0	>
<1754	,	89	,	6	,	1	,	99	,	0	>
<1755	,	89	,	6	,	4	,	99	,	4	>
<1756	,	89	,	6	,	8	,	99	,	0	>
<1757	,	90	,	1	,	3	,	94	,	0	>
<1758	,	90	,	1	,	4	,	94	,	1	>
<1759	,	90	,	1	,	5	,	94	,	0	>
<1760	,	90	,	1	,	6	,	94	,	1	>
<1761	,	90	,	1	,	8	,	94	,	0	>
<1762	,	90	,	2	,	3	,	94	,	0	>
<1763	,	90	,	2	,	4	,	94	,	1	>
<1764	,	90	,	2	,	5	,	94	,	0	>
<1765	,	90	,	2	,	6	,	94	,	1	>
<1766	,	90	,	2	,	8	,	94	,	0	>
<1767	,	90	,	3	,	3	,	95	,	0	>
<1768	,	90	,	3	,	4	,	95	,	1	>
<1769	,	90	,	3	,	5	,	95	,	0	>
<1770	,	90	,	3	,	6	,	95	,	1	>
<1771	,	90	,	3	,	8	,	95	,	0	>
<1772	,	90	,	4	,	3	,	96	,	0	>
<1773	,	90	,	4	,	4	,	96	,	1	>
<1774	,	90	,	4	,	5	,	96	,	0	>
<1775	,	90	,	4	,	6	,	96	,	1	>
<1776	,	90	,	4	,	8	,	96	,	0	>
<1777	,	90	,	5	,	3	,	97	,	0	>
<1778	,	90	,	5	,	4	,	97	,	1	>
<1779	,	90	,	5	,	5	,	97	,	0	>
<1780	,	90	,	5	,	6	,	97	,	1	>
<1781	,	90	,	5	,	8	,	97	,	0	>
<1782	,	90	,	6	,	3	,	99	,	0	>
<1783	,	90	,	6	,	4	,	99	,	1	>
<1784	,	90	,	6	,	5	,	99	,	0	>
<1785	,	90	,	6	,	6	,	99	,	1	>
<1786	,	90	,	6	,	8	,	99	,	0	>
<1787	,	90	,	8	,	3	,	96	,	0	>
<1788	,	90	,	8	,	4	,	96	,	1	>
<1789	,	90	,	8	,	5	,	96	,	0	>
<1790	,	90	,	8	,	6	,	96	,	1	>
<1791	,	90	,	8	,	8	,	96	,	0	>
<1792	,	91	,	1	,	1	,	96	,	0	>
<1793	,	91	,	1	,	4	,	96	,	1	>
<1794	,	91	,	1	,	6	,	96	,	0	>
<1795	,	91	,	1	,	7	,	96	,	1	>
<1796	,	91	,	1	,	8	,	96	,	0	>
<1797	,	91	,	2	,	1	,	90	,	0	>
<1798	,	91	,	2	,	4	,	90	,	1	>
<1799	,	91	,	2	,	6	,	90	,	0	>
<1800	,	91	,	2	,	7	,	90	,	1	>
<1801	,	91	,	2	,	8	,	90	,	0	>
<1802	,	91	,	5	,	1	,	62	,	0	>
<1803	,	91	,	5	,	4	,	62	,	1	>
<1804	,	91	,	5	,	6	,	62	,	0	>
<1805	,	91	,	5	,	7	,	62	,	1	>
<1806	,	91	,	5	,	8	,	62	,	0	>
<1807	,	91	,	6	,	1	,	33	,	0	>
<1808	,	91	,	6	,	4	,	33	,	0	>
<1809	,	91	,	6	,	6	,	33	,	0	>
<1810	,	91	,	6	,	7	,	33	,	0	>
<1811	,	91	,	6	,	8	,	33	,	0	>
<1812	,	91	,	8	,	1	,	57	,	0	>
<1813	,	91	,	8	,	4	,	57	,	1	>
<1814	,	91	,	8	,	6	,	57	,	0	>
<1815	,	91	,	8	,	7	,	57	,	1	>
<1816	,	91	,	8	,	8	,	57	,	0	>
<1817	,	91	,	9	,	1	,	38	,	0	>
<1818	,	91	,	9	,	4	,	38	,	1	>
<1819	,	91	,	9	,	6	,	38	,	0	>
<1820	,	91	,	9	,	7	,	38	,	1	>
<1821	,	91	,	9	,	8	,	38	,	0	>
<1822	,	91	,	10	,	1	,	99	,	0	>
<1823	,	91	,	10	,	4	,	99	,	1	>
<1824	,	91	,	10	,	6	,	99	,	0	>
<1825	,	91	,	10	,	7	,	99	,	1	>
<1826	,	91	,	10	,	8	,	99	,	0	>
<1827	,	92	,	2	,	4	,	59	,	0	>
<1828	,	92	,	2	,	5	,	59	,	1	>
<1829	,	92	,	2	,	7	,	59	,	0	>
<1830	,	92	,	2	,	8	,	59	,	1	>
<1831	,	92	,	4	,	4	,	56	,	0	>
<1832	,	92	,	4	,	5	,	56	,	1	>
<1833	,	92	,	4	,	7	,	56	,	0	>
<1834	,	92	,	4	,	8	,	56	,	1	>
<1835	,	92	,	6	,	4	,	90	,	0	>
<1836	,	92	,	6	,	5	,	90	,	2	>
<1837	,	92	,	6	,	7	,	90	,	0	>
<1838	,	92	,	6	,	8	,	90	,	2	>
<1839	,	92	,	8	,	4	,	63	,	0	>
<1840	,	92	,	8	,	5	,	63	,	2	>
<1841	,	92	,	8	,	7	,	63	,	0	>
<1842	,	92	,	8	,	8	,	63	,	2	>
<1843	,	93	,	3	,	2	,	90	,	0	>
<1844	,	93	,	3	,	3	,	90	,	2	>
<1845	,	93	,	3	,	4	,	90	,	0	>
<1846	,	93	,	3	,	6	,	90	,	2	>
<1847	,	93	,	5	,	2	,	99	,	0	>
<1848	,	93	,	5	,	3	,	99	,	2	>
<1849	,	93	,	5	,	4	,	99	,	0	>
<1850	,	93	,	5	,	6	,	99	,	2	>
<1851	,	93	,	6	,	2	,	90	,	0	>
<1852	,	93	,	6	,	3	,	90	,	2	>
<1853	,	93	,	6	,	4	,	90	,	0	>
<1854	,	93	,	6	,	6	,	90	,	2	>
<1855	,	94	,	2	,	2	,	40	,	0	>
<1856	,	94	,	2	,	3	,	40	,	1	>
<1857	,	94	,	2	,	6	,	40	,	0	>
<1858	,	94	,	2	,	7	,	40	,	1	>
<1859	,	94	,	2	,	8	,	40	,	0	>
<1860	,	94	,	3	,	2	,	78	,	0	>
<1861	,	94	,	3	,	3	,	78	,	1	>
<1862	,	94	,	3	,	6	,	78	,	0	>
<1863	,	94	,	3	,	7	,	78	,	1	>
<1864	,	94	,	3	,	8	,	78	,	0	>
<1865	,	94	,	8	,	2	,	40	,	0	>
<1866	,	94	,	8	,	3	,	40	,	1	>
<1867	,	94	,	8	,	6	,	40	,	0	>
<1868	,	94	,	8	,	7	,	40	,	1	>
<1869	,	94	,	8	,	8	,	40	,	0	>
<1870	,	95	,	1	,	1	,	32	,	0	>
<1871	,	95	,	1	,	3	,	32	,	1	>
<1872	,	95	,	1	,	4	,	32	,	0	>
<1873	,	95	,	3	,	1	,	11	,	0	>
<1874	,	95	,	3	,	3	,	11	,	0	>
<1875	,	95	,	3	,	4	,	11	,	0	>
<1876	,	95	,	5	,	1	,	21	,	0	>
<1877	,	95	,	5	,	3	,	21	,	1	>
<1878	,	95	,	5	,	4	,	21	,	0	>
<1879	,	95	,	6	,	1	,	29	,	0	>
<1880	,	95	,	6	,	3	,	29	,	1	>
<1881	,	95	,	6	,	4	,	29	,	0	>
<1882	,	95	,	7	,	1	,	26	,	0	>
<1883	,	95	,	7	,	3	,	26	,	1	>
<1884	,	95	,	7	,	4	,	26	,	0	>
<1885	,	95	,	8	,	1	,	26	,	0	>
<1886	,	95	,	8	,	3	,	26	,	1	>
<1887	,	95	,	8	,	4	,	26	,	0	>
};