JornadaMch = [<1 0 2432 2432> <1 0 1943 1943>
         <1 0 1877 1877> <1 0 1429 1429> <1 0 2305 2305>
         <1 0 1695 1695> <1 0 1876 1876>];
wkrs = [{<"PHImodes#1065" 0 134 5 0 77 77>
             <"PHImodes#469" 1 60 6 78 156 78>
             <"PHImodes#844" 2 114 6 156 218 62>
             <"PHImodes#15" 3 3 7 222 308 86>
             <"PHImodes#1165" 4 154 7 308 339 31>
             <"PHImodes#1105" 5 142 7 345 390 45>
             <"PHImodes#1587" 6 217 7 390 411 21>
             <"PHImodes#1368" 7 188 5 418 517 99>
             <"PHImodes#1309" 8 180 5 517 534 17>
             <"PHImodes#664" 9 92 4 535 633 98>
             <"PHImodes#1661" 10 222 3 635 639 4>
             <"PHImodes#1690" 11 228 2 640 644 4>
             <"PHImodes#808" 12 108 4 646 671 25>
             <"PHImodes#1666" 13 223 4 671 677 6>
             <"PHImodes#1770" 14 234 1 680 770 90>
             <"PHImodes#1676" 15 225 6 775 777 2>
             <"PHImodes#1698" 16 230 6 789 801 12>
             <"PHImodes#1736" 17 232 2 806 873 67>
             <"PHImodes#1795" 18 239 2 873 951 78>
             <"PHImodes#1775" 19 235 2 951 995 44>
             <"PHImodes#1785" 20 237 4 1019 1057 38>
             <"PHImodes#1780" 21 236 3 1230 1284 54>
             <"PHImodes#1733" 22 231 1 1312 1387 75>
             <"PHImodes#1805" 23 241 7 1393 1450 57>
             <"PHImodes#1681" 24 226 7 1452 1454 2>
             <"PHImodes#1790" 25 238 1 1460 1520 60>
             <"PHImodes#1671" 26 224 5 1769 1775 6>
             <"PHImodes#1694" 27 229 5 1775 1785 10>
             <"PHImodes#1739" 28 233 5 2167 2254 87>
             <"PHImodes#1800" 29 240 5 2254 2305 51>
             <"PHImodes#1686" 30 227 1 2428 2432 4>} {
            <"PHImodes#379" 0 57 2 0 86 86>
             <"PHImodes#823" 1 115 1 93 120 27>
             <"PHImodes#131" 2 24 4 125 139 14>
             <"PHImodes#173" 3 33 4 139 144 5>
             <"PHImodes#718" 4 101 4 144 184 40>
             <"PHImodes#1619" 5 221 5 184 223 39>
             <"PHImodes#155" 6 29 5 223 281 58>
             <"PHImodes#750" 7 108 5 281 286 5>
             <"PHImodes#765" 8 113 5 286 313 27>
             <"PHImodes#297" 9 49 5 313 364 51>
             <"PHImodes#1347" 10 200 5 364 381 17>
             <"PHImodes#29" 11 0 2 399 447 48>
             <"PHImodes#1247" 12 177 6 453 488 35>
             <"PHImodes#997" 13 142 1 493 560 67>
             <"PHImodes#572" 14 79 6 592 613 21>
             <"PHImodes#1691" 15 228 2 615 619 4>
             <"PHImodes#311" 16 52 2 619 638 19>
             <"PHImodes#372" 17 55 2 644 669 25>
             <"PHImodes#1746" 18 236 6 703 738 35>
             <"PHImodes#1699" 19 230 6 777 789 12>
             <"PHImodes#1786" 20 241 4 789 827 38>
             <"PHImodes#1706" 21 232 4 827 883 56>
             <"PHImodes#1781" 22 240 3 957 1011 54>
             <"PHImodes#1771" 23 238 1 1062 1152 90>
             <"PHImodes#1806" 24 245 7 1152 1209 57>
             <"PHImodes#1776" 25 239 2 1209 1253 44>
             <"PHImodes#1796" 26 243 2 1253 1331 78>
             <"PHImodes#1742" 27 235 5 1401 1417 16>
             <"PHImodes#1801" 28 244 5 1417 1468 51>
             <"PHImodes#1710" 29 233 5 1468 1564 96>
             <"PHImodes#1714" 30 234 7 1564 1636 72>
             <"PHImodes#1750" 31 237 7 1636 1652 16>
             <"PHImodes#1791" 32 242 1 1680 1740 60>
             <"PHImodes#1702" 33 231 1 1740 1788 48>
             <"PHImodes#1695" 34 229 5 1788 1798 10>
             <"PHImodes#1687" 35 227 1 2420 2424 4>} {
            <"PHImodes#227" 0 24 6 0 76 76>
             <"PHImodes#702" 1 98 6 76 77 1>
             <"PHImodes#1192" 2 162 7 90 110 20>
             <"PHImodes#251" 3 29 1 120 217 97>
             <"PHImodes#268" 4 33 1 217 259 42>
             <"PHImodes#637" 5 88 1 259 270 11>
             <"PHImodes#490" 6 67 3 274 337 63>
             <"PHImodes#781" 7 106 7 339 345 6>
             <"PHImodes#874" 8 121 6 352 358 6>
             <"PHImodes#1677" 9 214 6 362 364 2>
             <"PHImodes#793" 10 109 6 364 388 24>
             <"PHImodes#1465" 11 178 5 388 418 30>
             <"PHImodes#424" 12 56 3 436 520 84>
             <"PHImodes#557" 13 81 3 520 539 19>
             <"PHImodes#462" 14 65 6 552 592 40>
             <"PHImodes#106" 15 6 7 608 672 64>
             <"PHImodes#1730" 16 220 7 898 991 93>
             <"PHImodes#1727" 17 219 6 991 1088 97>
             <"PHImodes#1766" 18 224 6 1088 1135 47>
             <"PHImodes#1662" 19 211 3 1135 1139 4>
             <"PHImodes#1782" 20 227 3 1139 1193 54>
             <"PHImodes#1802" 21 231 5 1213 1264 51>
             <"PHImodes#1672" 22 213 5 1264 1270 6>
             <"PHImodes#1762" 23 223 5 1270 1291 21>
             <"PHImodes#1758" 24 222 3 1291 1328 37>
             <"PHImodes#1807" 25 232 7 1328 1385 57>
             <"PHImodes#1787" 26 228 4 1385 1423 38>
             <"PHImodes#1667" 27 212 4 1423 1429 6>
             <"PHImodes#1682" 28 215 7 1450 1452 2>
             <"PHImodes#1772" 29 225 1 1520 1610 90>
             <"PHImodes#1718" 30 216 1 1610 1680 70>
             <"PHImodes#1777" 31 226 2 1680 1724 44>
             <"PHImodes#1797" 32 230 2 1724 1802 78>
             <"PHImodes#1721" 33 217 3 1802 1877 75>
             <"PHImodes#1792" 34 229 1 1877 1937 60>
             <"PHImodes#1724" 35 218 5 1937 2019 82>
             <"PHImodes#1754" 36 221 1 2019 2047 28>} {
            <"PHImodes#1257" 0 170 4 0 22 22>
             <"PHImodes#591" 1 80 4 22 33 11>
             <"PHImodes#973" 2 143 3 57 141 84>
             <"PHImodes#1397" 3 187 3 141 177 36>
             <"PHImodes#1201" 4 161 3 177 274 97>
             <"PHImodes#1678" 5 238 6 274 276 2>
             <"PHImodes#859" 6 123 6 276 283 7>
             <"PHImodes#919" 7 133 4 303 306 3>
             <"PHImodes#50" 8 14 4 308 373 65>
             <"PHImodes#1033" 9 149 4 373 380 7>
             <"PHImodes#21" 10 4 2 388 399 11>
             <"PHImodes#1231" 11 167 6 402 453 51>
             <"PHImodes#533" 12 68 6 488 515 27>
             <"PHImodes#439" 13 51 3 539 635 96>
             <"PHImodes#1663" 14 235 3 639 643 4>
             <"PHImodes#555" 15 74 6 643 668 25>
             <"PHImodes#1683" 16 239 7 672 674 2>
             <"PHImodes#1668" 17 236 4 677 683 6>
             <"PHImodes#1707" 18 241 4 683 739 56>
             <"PHImodes#1747" 19 248 6 801 836 35>
             <"PHImodes#1734" 20 244 1 860 935 75>
             <"PHImodes#1737" 21 245 2 995 1062 67>
             <"PHImodes#1715" 22 243 7 1209 1281 72>
             <"PHImodes#1751" 23 249 7 1281 1297 16>
             <"PHImodes#1673" 24 237 5 1564 1570 6>
             <"PHImodes#1711" 25 242 5 1570 1666 96>
             <"PHImodes#1740" 26 246 5 1666 1753 87>
             <"PHImodes#1743" 27 247 5 1753 1769 16>
             <"PHImodes#1703" 28 240 1 1788 1836 48>} {
            <"PHImodes#1127" 0 135 7 0 86 86>
             <"PHImodes#613" 1 69 7 86 90 4>
             <"PHImodes#633" 2 73 5 100 136 36>
             <"PHImodes#1674" 3 215 5 136 142 6>
             <"PHImodes#990" 4 124 5 175 176 1>
             <"PHImodes#1132" 5 136 2 191 260 69>
             <"PHImodes#1631" 6 211 2 260 356 96>
             <"PHImodes#1338" 7 169 6 358 362 4>
             <"PHImodes#1416" 8 181 2 382 388 6>
             <"PHImodes#1679" 9 216 6 388 390 2>
             <"PHImodes#69" 10 12 6 390 402 12>
             <"PHImodes#1445" 11 189 7 411 461 50>
             <"PHImodes#952" 12 116 7 461 508 47>
             <"PHImodes#911" 13 109 6 515 552 37>
             <"PHImodes#192" 14 29 1 560 614 54>
             <"PHImodes#1382" 15 177 5 619 657 38>
             <"PHImodes#1529" 16 195 5 661 668 7>
             <"PHImodes#1712" 17 220 5 668 764 96>
             <"PHImodes#1763" 18 224 5 787 808 21>
             <"PHImodes#1664" 19 213 3 916 920 4>
             <"PHImodes#1759" 20 223 3 920 957 37>
             <"PHImodes#1708" 21 219 4 957 1013 56>
             <"PHImodes#1669" 22 214 4 1013 1019 6>
             <"PHImodes#1716" 23 221 7 1020 1092 72>
             <"PHImodes#1684" 24 217 7 1149 1151 2>
             <"PHImodes#1767" 25 225 6 1151 1198 47>
             <"PHImodes#1704" 26 218 1 2312 2360 48>
             <"PHImodes#1755" 27 222 1 2360 2388 28>} {
            <"PHImodes#1452" 0 146 3 0 26 26>
             <"PHImodes#1279" 1 122 4 33 84 51>
             <"PHImodes#1093" 2 111 4 84 125 41>
             <"PHImodes#684" 3 73 5 142 159 17>
             <"PHImodes#1744" 4 181 5 159 175 16>
             <"PHImodes#1015" 5 102 5 176 183 7>
             <"PHImodes#1299" 6 126 4 184 276 92>
             <"PHImodes#1557" 7 162 4 276 303 27>
             <"PHImodes#185" 8 17 3 337 436 99>
             <"PHImodes#1481" 9 150 2 447 501 54>
             <"PHImodes#87" 10 11 7 508 528 20>
             <"PHImodes#1660" 11 168 7 528 608 80>
             <"PHImodes#1318" 12 128 1 614 672 58>
             <"PHImodes#1773" 13 188 1 770 860 90>
             <"PHImodes#1725" 14 175 5 937 1019 82>
             <"PHImodes#1764" 15 186 5 1019 1040 21>
             <"PHImodes#1713" 16 171 5 1040 1136 96>
             <"PHImodes#1760" 17 185 3 1193 1230 37>
             <"PHImodes#1788" 18 191 4 1230 1268 38>
             <"PHImodes#1709" 19 170 4 1268 1324 56>
             <"PHImodes#1783" 20 190 3 1328 1382 54>
             <"PHImodes#1748" 21 182 6 1382 1417 35>
             <"PHImodes#1722" 22 174 3 1417 1492 75>
             <"PHImodes#1778" 23 189 2 1507 1551 44>
             <"PHImodes#1728" 24 176 6 1551 1648 97>
             <"PHImodes#1768" 25 187 6 1648 1695 47>
             <"PHImodes#1717" 26 172 7 1695 1767 72>
             <"PHImodes#1752" 27 183 7 1767 1783 16>
             <"PHImodes#1731" 28 177 7 1783 1876 93>
             <"PHImodes#1738" 29 179 2 1876 1943 67>
             <"PHImodes#1705" 30 169 1 1943 1991 48>
             <"PHImodes#1741" 31 180 5 2080 2167 87>
             <"PHImodes#1735" 32 178 1 2167 2242 75>
             <"PHImodes#1719" 33 173 1 2242 2312 70>
             <"PHImodes#1756" 34 184 1 2388 2416 28>} {
            <"PHImodes#1181" 0 140 3 26 57 31>
             <"PHImodes#234" 1 25 1 77 93 16>
             <"PHImodes#401" 2 52 2 93 191 98>
             <"PHImodes#741" 3 83 6 218 266 48>
             <"PHImodes#1680" 4 210 6 266 268 2>
             <"PHImodes#1404" 5 170 1 270 348 78>
             <"PHImodes#319" 6 33 1 348 394 46>
             <"PHImodes#1638" 7 204 1 394 493 99>
             <"PHImodes#510" 8 61 2 501 518 17>
             <"PHImodes#360" 9 45 2 518 611 93>
             <"PHImodes#1692" 10 213 2 611 615 4>
             <"PHImodes#1700" 11 215 6 615 627 12>
             <"PHImodes#1501" 12 183 4 633 645 12>
             <"PHImodes#1518" 13 188 5 657 661 4>
             <"PHImodes#1749" 14 217 6 668 703 35>
             <"PHImodes#1798" 15 224 2 703 781 78>
             <"PHImodes#1675" 16 209 5 781 787 6>
             <"PHImodes#1784" 17 221 3 787 841 54>
             <"PHImodes#1808" 18 226 7 841 898 57>
             <"PHImodes#1670" 19 208 4 898 904 6>
             <"PHImodes#1789" 20 222 4 904 942 38>
             <"PHImodes#1793" 21 223 1 942 1002 60>
             <"PHImodes#1685" 22 211 7 1002 1004 2>
             <"PHImodes#1753" 23 218 7 1004 1020 16>
             <"PHImodes#1665" 24 207 3 1020 1024 4>
             <"PHImodes#1696" 25 214 5 1136 1146 10>
             <"PHImodes#1745" 26 216 5 1146 1162 16>
             <"PHImodes#1803" 27 225 5 1162 1213 51>
             <"PHImodes#1774" 28 219 1 1222 1312 90>
             <"PHImodes#1779" 29 220 2 1331 1375 44>
             <"PHImodes#1688" 30 212 1 2416 2420 4>} {
            <"PHImodes#112" 0 10 1 0 77 77>
             <"PHImodes#1537" 1 161 5 77 100 23>
             <"PHImodes#1614" 2 173 7 110 169 59>
             <"PHImodes#485" 3 55 7 169 222 53>
             <"PHImodes#356" 4 41 6 283 348 65>
             <"PHImodes#944" 5 103 6 348 352 4>
             <"PHImodes#1575" 6 165 2 356 382 26>
             <"PHImodes#888" 7 95 4 382 481 99>
             <"PHImodes#1601" 8 169 4 481 534 53>
             <"PHImodes#338" 9 36 5 534 619 85>
             <"PHImodes#968" 10 106 6 627 641 14>
             <"PHImodes#1048" 11 115 3 643 672 29>
             <"PHImodes#1761" 12 187 3 672 709 37>
             <"PHImodes#1732" 13 185 7 709 802 93>
             <"PHImodes#1693" 14 178 2 802 806 4>
             <"PHImodes#1723" 15 182 3 841 916 75>
             <"PHImodes#1765" 16 188 5 916 937 21>
             <"PHImodes#1769" 17 189 6 937 984 47>
             <"PHImodes#1794" 18 190 1 1002 1062 60>
             <"PHImodes#1809" 19 193 7 1092 1149 57>
             <"PHImodes#1720" 20 181 1 1152 1222 70>
             <"PHImodes#1729" 21 184 6 1222 1319 97>
             <"PHImodes#1726" 22 183 5 1319 1401 82>
             <"PHImodes#1701" 23 180 6 1417 1429 12>
             <"PHImodes#1799" 24 191 2 1429 1507 78>
             <"PHImodes#1697" 25 179 5 2019 2029 10>
             <"PHImodes#1804" 26 192 5 2029 2080 51>
             <"PHImodes#1757" 27 186 1 2080 2108 28>
             <"PHImodes#1689" 28 177 1 2424 2428 4>}];
JornadaWkr = [<1 0 2432 2432> <1 0 2424 2424>
         <1 0 2047 2047> <1 0 1836 1836> <1 0 2388 2388>
         <1 0 2416 2416> <1 26 2420 2394> <1 0 2428 2428>];
