// XtraLGS
// DAFJS15 pero DCR:  hechoDRC_DAFJS15_w7_letssee_120ops10m7w10jobs.txt
//        Ntaks, nMachs, nWORKERs
Params = 	<120, 10, 7>;

precedences ={
<	1	,	2	,	0	>,
<	2	,	3	,	0	>,
<	3	,	4	,	0	>,
<	4	,	5	,	0	>,
<	5	,	6	,	0	>,
<	6	,	7	,	0	>,
<	7	,	8	,	0	>,
<	8	,	10	,	0	>,
<	7	,	9	,	0	>,
<	9	,	10	,	0	>,
<	11	,	12	,	0	>,
<	12	,	13	,	0	>,
<	13	,	14	,	0	>,
<	14	,	15	,	0	>,
<	15	,	21	,	0	>,
<	16	,	17	,	0	>,
<	17	,	18	,	0	>,
<	18	,	19	,	0	>,
<	19	,	20	,	0	>,
<	20	,	21	,	0	>,
<	21	,	22	,	0	>,
<	22	,	23	,	0	>,
<	23	,	24	,	0	>,
<	25	,	26	,	0	>,
<	26	,	27	,	0	>,
<	27	,	28	,	0	>,
<	28	,	33	,	0	>,
<	26	,	29	,	0	>,
<	29	,	30	,	0	>,
<	30	,	33	,	0	>,
<	26	,	31	,	0	>,
<	31	,	32	,	0	>,
<	32	,	33	,	0	>,
<	34	,	35	,	0	>,
<	35	,	36	,	0	>,
<	36	,	37	,	0	>,
<	37	,	38	,	0	>,
<	38	,	39	,	0	>,
<	39	,	40	,	0	>,
<	34	,	41	,	0	>,
<	41	,	42	,	0	>,
<	42	,	43	,	0	>,
<	43	,	44	,	0	>,
<	44	,	45	,	0	>,
<	45	,	46	,	0	>,
<	34	,	47	,	0	>,
<	47	,	48	,	0	>,
<	48	,	49	,	0	>,
<	49	,	50	,	0	>,
<	50	,	51	,	0	>,
<	51	,	52	,	0	>,
<	53	,	54	,	0	>,
<	54	,	55	,	0	>,
<	55	,	56	,	0	>,
<	56	,	57	,	0	>,
<	57	,	58	,	0	>,
<	56	,	59	,	0	>,
<	59	,	60	,	0	>,
<	61	,	62	,	0	>,
<	62	,	63	,	0	>,
<	63	,	64	,	0	>,
<	64	,	65	,	0	>,
<	65	,	66	,	0	>,
<	66	,	71	,	0	>,
<	64	,	67	,	0	>,
<	67	,	68	,	0	>,
<	68	,	71	,	0	>,
<	64	,	69	,	0	>,
<	69	,	70	,	0	>,
<	70	,	71	,	0	>,
<	72	,	73	,	0	>,
<	73	,	74	,	0	>,
<	74	,	75	,	0	>,
<	75	,	76	,	0	>,
<	76	,	77	,	0	>,
<	77	,	80	,	0	>,
<	76	,	78	,	0	>,
<	78	,	80	,	0	>,
<	76	,	79	,	0	>,
<	79	,	80	,	0	>,
<	80	,	81	,	0	>,
<	81	,	82	,	0	>,
<	83	,	84	,	0	>,
<	84	,	85	,	0	>,
<	85	,	92	,	0	>,
<	86	,	87	,	0	>,
<	87	,	88	,	0	>,
<	88	,	92	,	0	>,
<	89	,	90	,	0	>,
<	90	,	91	,	0	>,
<	91	,	92	,	0	>,
<	92	,	93	,	0	>,
<	93	,	94	,	0	>,
<	94	,	95	,	0	>,
<	95	,	96	,	0	>,
<	96	,	97	,	0	>,
<	98	,	99	,	0	>,
<	99	,	100	,	0	>,
<	100	,	101	,	0	>,
<	101	,	102	,	0	>,
<	102	,	108	,	0	>,
<	103	,	104	,	0	>,
<	104	,	105	,	0	>,
<	105	,	106	,	0	>,
<	106	,	107	,	0	>,
<	107	,	108	,	0	>,
<	108	,	109	,	0	>,
<	109	,	110	,	0	>,
<	110	,	111	,	0	>,
<	112	,	113	,	0	>,
<	113	,	114	,	0	>,
<	114	,	115	,	0	>,
<	115	,	116	,	0	>,
<	112	,	117	,	0	>,
<	117	,	118	,	0	>,
<	118	,	119	,	0	>,
<	119	,	120	,	0	>
};


Modes = {
<0	,	1	,	3	,	1	,	21	,	0	>
<1	,	1	,	3	,	3	,	21	,	1	>
<2	,	1	,	3	,	7	,	21	,	0	>
<3	,	1	,	4	,	1	,	8	,	0	>
<4	,	1	,	4	,	3	,	8	,	0	>
<5	,	1	,	4	,	7	,	8	,	0	>
<6	,	1	,	5	,	1	,	18	,	0	>
<7	,	1	,	5	,	3	,	18	,	1	>
<8	,	1	,	5	,	7	,	18	,	0	>
<9	,	1	,	8	,	1	,	8	,	0	>
<10	,	1	,	8	,	3	,	8	,	0	>
<11	,	1	,	8	,	7	,	8	,	0	>
<12	,	2	,	1	,	2	,	98	,	0	>
<13	,	2	,	1	,	4	,	98	,	5	>
<14	,	2	,	1	,	7	,	98	,	0	>
<15	,	2	,	2	,	2	,	90	,	0	>
<16	,	2	,	2	,	4	,	90	,	5	>
<17	,	2	,	2	,	7	,	90	,	0	>
<18	,	2	,	5	,	2	,	98	,	0	>
<19	,	2	,	5	,	4	,	98	,	5	>
<20	,	2	,	5	,	7	,	98	,	0	>
<21	,	3	,	1	,	2	,	11	,	0	>
<22	,	3	,	1	,	3	,	11	,	0	>
<23	,	3	,	1	,	5	,	11	,	0	>
<24	,	3	,	1	,	6	,	11	,	0	>
<25	,	3	,	1	,	7	,	11	,	0	>
<26	,	3	,	3	,	2	,	11	,	0	>
<27	,	3	,	3	,	3	,	11	,	0	>
<28	,	3	,	3	,	5	,	11	,	0	>
<29	,	3	,	3	,	6	,	11	,	0	>
<30	,	3	,	3	,	7	,	11	,	0	>
<31	,	3	,	5	,	2	,	16	,	0	>
<32	,	3	,	5	,	3	,	16	,	0	>
<33	,	3	,	5	,	5	,	16	,	0	>
<34	,	3	,	5	,	6	,	16	,	0	>
<35	,	3	,	5	,	7	,	16	,	0	>
<36	,	3	,	6	,	2	,	9	,	0	>
<37	,	3	,	6	,	3	,	9	,	0	>
<38	,	3	,	6	,	5	,	9	,	0	>
<39	,	3	,	6	,	6	,	9	,	0	>
<40	,	3	,	6	,	7	,	9	,	0	>
<41	,	3	,	7	,	2	,	6	,	0	>
<42	,	3	,	7	,	3	,	6	,	0	>
<43	,	3	,	7	,	5	,	6	,	0	>
<44	,	3	,	7	,	6	,	6	,	0	>
<45	,	3	,	7	,	7	,	6	,	0	>
<46	,	3	,	8	,	2	,	17	,	0	>
<47	,	3	,	8	,	3	,	17	,	0	>
<48	,	3	,	8	,	5	,	17	,	0	>
<49	,	3	,	8	,	6	,	17	,	0	>
<50	,	3	,	8	,	7	,	17	,	0	>
<51	,	3	,	9	,	2	,	12	,	0	>
<52	,	3	,	9	,	3	,	12	,	0	>
<53	,	3	,	9	,	5	,	12	,	0	>
<54	,	3	,	9	,	6	,	12	,	0	>
<55	,	3	,	9	,	7	,	12	,	0	>
<56	,	4	,	1	,	1	,	80	,	0	>
<57	,	4	,	1	,	4	,	80	,	4	>
<58	,	4	,	1	,	5	,	80	,	0	>
<59	,	4	,	3	,	1	,	86	,	0	>
<60	,	4	,	3	,	4	,	86	,	5	>
<61	,	4	,	3	,	5	,	86	,	0	>
<62	,	4	,	7	,	1	,	87	,	0	>
<63	,	4	,	7	,	4	,	87	,	5	>
<64	,	4	,	7	,	5	,	87	,	0	>
<65	,	4	,	10	,	1	,	89	,	0	>
<66	,	4	,	10	,	4	,	89	,	5	>
<67	,	4	,	10	,	5	,	89	,	0	>
<68	,	5	,	1	,	2	,	53	,	0	>
<69	,	5	,	1	,	3	,	53	,	2	>
<70	,	5	,	1	,	4	,	53	,	0	>
<71	,	5	,	1	,	6	,	53	,	2	>
<72	,	5	,	3	,	2	,	80	,	0	>
<73	,	5	,	3	,	3	,	80	,	2	>
<74	,	5	,	3	,	4	,	80	,	0	>
<75	,	5	,	3	,	6	,	80	,	2	>
<76	,	5	,	5	,	2	,	97	,	0	>
<77	,	5	,	5	,	3	,	97	,	3	>
<78	,	5	,	5	,	4	,	97	,	0	>
<79	,	5	,	5	,	6	,	97	,	3	>
<80	,	5	,	6	,	2	,	86	,	0	>
<81	,	5	,	6	,	3	,	86	,	3	>
<82	,	5	,	6	,	4	,	86	,	0	>
<83	,	5	,	6	,	6	,	86	,	3	>
<84	,	5	,	7	,	2	,	98	,	0	>
<85	,	5	,	7	,	3	,	98	,	3	>
<86	,	5	,	7	,	4	,	98	,	0	>
<87	,	5	,	7	,	6	,	98	,	3	>
<88	,	5	,	8	,	2	,	54	,	0	>
<89	,	5	,	8	,	3	,	54	,	2	>
<90	,	5	,	8	,	4	,	54	,	0	>
<91	,	5	,	8	,	6	,	54	,	2	>
<92	,	5	,	9	,	2	,	69	,	0	>
<93	,	5	,	9	,	3	,	69	,	2	>
<94	,	5	,	9	,	4	,	69	,	0	>
<95	,	5	,	9	,	6	,	69	,	2	>
<96	,	6	,	1	,	1	,	84	,	0	>
<97	,	6	,	1	,	6	,	84	,	4	>
<98	,	6	,	1	,	7	,	84	,	0	>
<99	,	6	,	4	,	1	,	91	,	0	>
<100	,	6	,	4	,	6	,	91	,	5	>
<101	,	6	,	4	,	7	,	91	,	0	>
<102	,	6	,	5	,	1	,	85	,	0	>
<103	,	6	,	5	,	6	,	85	,	5	>
<104	,	6	,	5	,	7	,	85	,	0	>
<105	,	6	,	6	,	1	,	96	,	0	>
<106	,	6	,	6	,	6	,	96	,	5	>
<107	,	6	,	6	,	7	,	96	,	0	>
<108	,	6	,	7	,	1	,	87	,	0	>
<109	,	6	,	7	,	6	,	87	,	5	>
<110	,	6	,	7	,	7	,	87	,	0	>
<111	,	6	,	9	,	1	,	95	,	0	>
<112	,	6	,	9	,	6	,	95	,	5	>
<113	,	6	,	9	,	7	,	95	,	0	>
<114	,	7	,	1	,	2	,	83	,	0	>
<115	,	7	,	1	,	4	,	83	,	2	>
<116	,	7	,	1	,	5	,	83	,	0	>
<117	,	7	,	1	,	7	,	83	,	2	>
<118	,	7	,	2	,	2	,	94	,	0	>
<119	,	7	,	2	,	4	,	94	,	3	>
<120	,	7	,	2	,	5	,	94	,	0	>
<121	,	7	,	2	,	7	,	94	,	3	>
<122	,	7	,	6	,	2	,	95	,	0	>
<123	,	7	,	6	,	4	,	95	,	3	>
<124	,	7	,	6	,	5	,	95	,	0	>
<125	,	7	,	6	,	7	,	95	,	3	>
<126	,	7	,	7	,	2	,	68	,	0	>
<127	,	7	,	7	,	4	,	68	,	2	>
<128	,	7	,	7	,	5	,	68	,	0	>
<129	,	7	,	7	,	7	,	68	,	2	>
<130	,	7	,	8	,	2	,	65	,	0	>
<131	,	7	,	8	,	4	,	65	,	2	>
<132	,	7	,	8	,	5	,	65	,	0	>
<133	,	7	,	8	,	7	,	65	,	2	>
<134	,	7	,	10	,	2	,	69	,	0	>
<135	,	7	,	10	,	4	,	69	,	2	>
<136	,	7	,	10	,	5	,	69	,	0	>
<137	,	7	,	10	,	7	,	69	,	2	>
<138	,	8	,	1	,	2	,	43	,	0	>
<139	,	8	,	1	,	3	,	43	,	1	>
<140	,	8	,	1	,	5	,	43	,	0	>
<141	,	8	,	1	,	7	,	43	,	1	>
<142	,	8	,	3	,	2	,	91	,	0	>
<143	,	8	,	3	,	3	,	91	,	3	>
<144	,	8	,	3	,	5	,	91	,	0	>
<145	,	8	,	3	,	7	,	91	,	3	>
<146	,	8	,	4	,	2	,	92	,	0	>
<147	,	8	,	4	,	3	,	92	,	3	>
<148	,	8	,	4	,	5	,	92	,	0	>
<149	,	8	,	4	,	7	,	92	,	3	>
<150	,	8	,	5	,	2	,	44	,	0	>
<151	,	8	,	5	,	3	,	44	,	1	>
<152	,	8	,	5	,	5	,	44	,	0	>
<153	,	8	,	5	,	7	,	44	,	1	>
<154	,	8	,	6	,	2	,	36	,	0	>
<155	,	8	,	6	,	3	,	36	,	1	>
<156	,	8	,	6	,	5	,	36	,	0	>
<157	,	8	,	6	,	7	,	36	,	1	>
<158	,	8	,	7	,	2	,	88	,	0	>
<159	,	8	,	7	,	3	,	88	,	3	>
<160	,	8	,	7	,	5	,	88	,	0	>
<161	,	8	,	7	,	7	,	88	,	3	>
<162	,	8	,	10	,	2	,	43	,	0	>
<163	,	8	,	10	,	3	,	43	,	1	>
<164	,	8	,	10	,	5	,	43	,	0	>
<165	,	8	,	10	,	7	,	43	,	1	>
<166	,	9	,	1	,	1	,	29	,	0	>
<167	,	9	,	1	,	5	,	29	,	2	>
<168	,	9	,	1	,	7	,	29	,	0	>
<169	,	9	,	2	,	1	,	23	,	0	>
<170	,	9	,	2	,	5	,	23	,	1	>
<171	,	9	,	2	,	7	,	23	,	0	>
<172	,	9	,	4	,	1	,	29	,	0	>
<173	,	9	,	4	,	5	,	29	,	2	>
<174	,	9	,	4	,	7	,	29	,	0	>
<175	,	9	,	6	,	1	,	26	,	0	>
<176	,	9	,	6	,	5	,	26	,	1	>
<177	,	9	,	6	,	7	,	26	,	0	>
<178	,	9	,	7	,	1	,	27	,	0	>
<179	,	9	,	7	,	5	,	27	,	1	>
<180	,	9	,	7	,	7	,	27	,	0	>
<181	,	9	,	9	,	1	,	67	,	0	>
<182	,	9	,	9	,	5	,	67	,	4	>
<183	,	9	,	9	,	7	,	67	,	0	>
<184	,	10	,	2	,	1	,	8	,	0	>
<185	,	10	,	2	,	3	,	8	,	0	>
<186	,	10	,	2	,	4	,	8	,	0	>
<187	,	10	,	2	,	5	,	8	,	0	>
<188	,	10	,	2	,	7	,	8	,	0	>
<189	,	10	,	8	,	1	,	6	,	0	>
<190	,	10	,	8	,	3	,	6	,	0	>
<191	,	10	,	8	,	4	,	6	,	0	>
<192	,	10	,	8	,	5	,	6	,	0	>
<193	,	10	,	8	,	7	,	6	,	0	>
<194	,	10	,	9	,	1	,	15	,	0	>
<195	,	10	,	9	,	3	,	15	,	0	>
<196	,	10	,	9	,	4	,	15	,	0	>
<197	,	10	,	9	,	5	,	15	,	0	>
<198	,	10	,	9	,	7	,	15	,	0	>
<199	,	10	,	10	,	1	,	18	,	0	>
<200	,	10	,	10	,	3	,	18	,	0	>
<201	,	10	,	10	,	4	,	18	,	0	>
<202	,	10	,	10	,	5	,	18	,	0	>
<203	,	10	,	10	,	7	,	18	,	0	>
<204	,	11	,	1	,	2	,	98	,	0	>
<205	,	11	,	1	,	3	,	98	,	3	>
<206	,	11	,	1	,	4	,	98	,	0	>
<207	,	11	,	1	,	5	,	98	,	3	>
<208	,	11	,	7	,	2	,	98	,	0	>
<209	,	11	,	7	,	3	,	98	,	3	>
<210	,	11	,	7	,	4	,	98	,	0	>
<211	,	11	,	7	,	5	,	98	,	3	>
<212	,	11	,	9	,	2	,	98	,	0	>
<213	,	11	,	9	,	3	,	98	,	3	>
<214	,	11	,	9	,	4	,	98	,	0	>
<215	,	11	,	9	,	5	,	98	,	3	>
<216	,	12	,	1	,	1	,	26	,	0	>
<217	,	12	,	1	,	2	,	26	,	1	>
<218	,	12	,	1	,	3	,	26	,	0	>
<219	,	12	,	1	,	5	,	26	,	1	>
<220	,	12	,	4	,	1	,	44	,	0	>
<221	,	12	,	4	,	2	,	44	,	1	>
<222	,	12	,	4	,	3	,	44	,	0	>
<223	,	12	,	4	,	5	,	44	,	1	>
<224	,	12	,	5	,	1	,	69	,	0	>
<225	,	12	,	5	,	2	,	69	,	2	>
<226	,	12	,	5	,	3	,	69	,	0	>
<227	,	12	,	5	,	5	,	69	,	2	>
<228	,	12	,	7	,	1	,	64	,	0	>
<229	,	12	,	7	,	2	,	64	,	2	>
<230	,	12	,	7	,	3	,	64	,	0	>
<231	,	12	,	7	,	5	,	64	,	2	>
<232	,	12	,	9	,	1	,	76	,	0	>
<233	,	12	,	9	,	2	,	76	,	2	>
<234	,	12	,	9	,	3	,	76	,	0	>
<235	,	12	,	9	,	5	,	76	,	2	>
<236	,	12	,	10	,	1	,	54	,	0	>
<237	,	12	,	10	,	2	,	54	,	2	>
<238	,	12	,	10	,	3	,	54	,	0	>
<239	,	12	,	10	,	5	,	54	,	2	>
<240	,	13	,	2	,	1	,	28	,	0	>
<241	,	13	,	2	,	4	,	28	,	1	>
<242	,	13	,	2	,	7	,	28	,	0	>
<243	,	13	,	3	,	1	,	43	,	0	>
<244	,	13	,	3	,	4	,	43	,	2	>
<245	,	13	,	3	,	7	,	43	,	0	>
<246	,	13	,	4	,	1	,	28	,	0	>
<247	,	13	,	4	,	4	,	28	,	1	>
<248	,	13	,	4	,	7	,	28	,	0	>
<249	,	13	,	6	,	1	,	55	,	0	>
<250	,	13	,	6	,	4	,	55	,	3	>
<251	,	13	,	6	,	7	,	55	,	0	>
<252	,	13	,	7	,	1	,	54	,	0	>
<253	,	13	,	7	,	4	,	54	,	3	>
<254	,	13	,	7	,	7	,	54	,	0	>
<255	,	13	,	8	,	1	,	19	,	0	>
<256	,	13	,	8	,	4	,	19	,	1	>
<257	,	13	,	8	,	7	,	19	,	0	>
<258	,	13	,	9	,	1	,	43	,	0	>
<259	,	13	,	9	,	4	,	43	,	2	>
<260	,	13	,	9	,	7	,	43	,	0	>
<261	,	14	,	3	,	2	,	36	,	0	>
<262	,	14	,	3	,	4	,	36	,	1	>
<263	,	14	,	3	,	5	,	36	,	0	>
<264	,	14	,	3	,	6	,	36	,	1	>
<265	,	14	,	3	,	7	,	36	,	0	>
<266	,	14	,	6	,	2	,	32	,	0	>
<267	,	14	,	6	,	4	,	32	,	1	>
<268	,	14	,	6	,	5	,	32	,	0	>
<269	,	14	,	6	,	6	,	32	,	1	>
<270	,	14	,	6	,	7	,	32	,	0	>
<271	,	14	,	7	,	2	,	26	,	0	>
<272	,	14	,	7	,	4	,	26	,	0	>
<273	,	14	,	7	,	5	,	26	,	0	>
<274	,	14	,	7	,	6	,	26	,	0	>
<275	,	14	,	7	,	7	,	26	,	0	>
<276	,	14	,	9	,	2	,	76	,	0	>
<277	,	14	,	9	,	4	,	76	,	1	>
<278	,	14	,	9	,	5	,	76	,	0	>
<279	,	14	,	9	,	6	,	76	,	1	>
<280	,	14	,	9	,	7	,	76	,	0	>
<281	,	15	,	1	,	1	,	62	,	0	>
<282	,	15	,	1	,	3	,	62	,	1	>
<283	,	15	,	1	,	5	,	62	,	0	>
<284	,	15	,	1	,	6	,	62	,	1	>
<285	,	15	,	1	,	7	,	62	,	0	>
<286	,	15	,	2	,	1	,	64	,	0	>
<287	,	15	,	2	,	3	,	64	,	1	>
<288	,	15	,	2	,	5	,	64	,	0	>
<289	,	15	,	2	,	6	,	64	,	1	>
<290	,	15	,	2	,	7	,	64	,	0	>
<291	,	15	,	4	,	1	,	76	,	0	>
<292	,	15	,	4	,	3	,	76	,	1	>
<293	,	15	,	4	,	5	,	76	,	0	>
<294	,	15	,	4	,	6	,	76	,	1	>
<295	,	15	,	4	,	7	,	76	,	0	>
<296	,	15	,	5	,	1	,	69	,	0	>
<297	,	15	,	5	,	3	,	69	,	1	>
<298	,	15	,	5	,	5	,	69	,	0	>
<299	,	15	,	5	,	6	,	69	,	1	>
<300	,	15	,	5	,	7	,	69	,	0	>
<301	,	15	,	6	,	1	,	60	,	0	>
<302	,	15	,	6	,	3	,	60	,	1	>
<303	,	15	,	6	,	5	,	60	,	0	>
<304	,	15	,	6	,	6	,	60	,	1	>
<305	,	15	,	6	,	7	,	60	,	0	>
<306	,	15	,	7	,	1	,	91	,	0	>
<307	,	15	,	7	,	3	,	91	,	1	>
<308	,	15	,	7	,	5	,	91	,	0	>
<309	,	15	,	7	,	6	,	91	,	1	>
<310	,	15	,	7	,	7	,	91	,	0	>
<311	,	15	,	9	,	1	,	94	,	0	>
<312	,	15	,	9	,	3	,	94	,	2	>
<313	,	15	,	9	,	5	,	94	,	0	>
<314	,	15	,	9	,	6	,	94	,	2	>
<315	,	15	,	9	,	7	,	94	,	0	>
<316	,	16	,	2	,	2	,	85	,	0	>
<317	,	16	,	2	,	4	,	85	,	3	>
<318	,	16	,	2	,	6	,	85	,	0	>
<319	,	16	,	2	,	7	,	85	,	3	>
<320	,	16	,	3	,	2	,	51	,	0	>
<321	,	16	,	3	,	4	,	51	,	2	>
<322	,	16	,	3	,	6	,	51	,	0	>
<323	,	16	,	3	,	7	,	51	,	2	>
<324	,	16	,	4	,	2	,	85	,	0	>
<325	,	16	,	4	,	4	,	85	,	3	>
<326	,	16	,	4	,	6	,	85	,	0	>
<327	,	16	,	4	,	7	,	85	,	3	>
<328	,	16	,	7	,	2	,	80	,	0	>
<329	,	16	,	7	,	4	,	80	,	2	>
<330	,	16	,	7	,	6	,	80	,	0	>
<331	,	16	,	7	,	7	,	80	,	2	>
<332	,	16	,	9	,	2	,	83	,	0	>
<333	,	16	,	9	,	4	,	83	,	2	>
<334	,	16	,	9	,	6	,	83	,	0	>
<335	,	16	,	9	,	7	,	83	,	2	>
<336	,	17	,	2	,	2	,	35	,	0	>
<337	,	17	,	2	,	3	,	35	,	2	>
<338	,	17	,	2	,	5	,	35	,	0	>
<339	,	17	,	4	,	2	,	53	,	0	>
<340	,	17	,	4	,	3	,	53	,	3	>
<341	,	17	,	4	,	5	,	53	,	0	>
<342	,	17	,	7	,	2	,	62	,	0	>
<343	,	17	,	7	,	3	,	62	,	3	>
<344	,	17	,	7	,	5	,	62	,	0	>
<345	,	17	,	8	,	2	,	67	,	0	>
<346	,	17	,	8	,	3	,	67	,	4	>
<347	,	17	,	8	,	5	,	67	,	0	>
<348	,	18	,	4	,	2	,	33	,	0	>
<349	,	18	,	4	,	3	,	33	,	1	>
<350	,	18	,	4	,	5	,	33	,	0	>
<351	,	18	,	4	,	6	,	33	,	1	>
<352	,	18	,	4	,	7	,	33	,	0	>
<353	,	18	,	7	,	2	,	27	,	0	>
<354	,	18	,	7	,	3	,	27	,	0	>
<355	,	18	,	7	,	5	,	27	,	0	>
<356	,	18	,	7	,	6	,	27	,	0	>
<357	,	18	,	7	,	7	,	27	,	0	>
<358	,	18	,	8	,	2	,	40	,	0	>
<359	,	18	,	8	,	3	,	40	,	1	>
<360	,	18	,	8	,	5	,	40	,	0	>
<361	,	18	,	8	,	6	,	40	,	1	>
<362	,	18	,	8	,	7	,	40	,	0	>
<363	,	18	,	9	,	2	,	40	,	0	>
<364	,	18	,	9	,	3	,	40	,	1	>
<365	,	18	,	9	,	5	,	40	,	0	>
<366	,	18	,	9	,	6	,	40	,	1	>
<367	,	18	,	9	,	7	,	40	,	0	>
<368	,	18	,	10	,	2	,	76	,	0	>
<369	,	18	,	10	,	3	,	76	,	1	>
<370	,	18	,	10	,	5	,	76	,	0	>
<371	,	18	,	10	,	6	,	76	,	1	>
<372	,	18	,	10	,	7	,	76	,	0	>
<373	,	19	,	1	,	1	,	19	,	0	>
<374	,	19	,	1	,	3	,	19	,	1	>
<375	,	19	,	1	,	4	,	19	,	0	>
<376	,	19	,	2	,	1	,	23	,	0	>
<377	,	19	,	2	,	3	,	23	,	1	>
<378	,	19	,	2	,	4	,	23	,	0	>
<379	,	19	,	5	,	1	,	10	,	0	>
<380	,	19	,	5	,	3	,	10	,	1	>
<381	,	19	,	5	,	4	,	10	,	0	>
<382	,	19	,	7	,	1	,	19	,	0	>
<383	,	19	,	7	,	3	,	19	,	1	>
<384	,	19	,	7	,	4	,	19	,	0	>
<385	,	19	,	10	,	1	,	8	,	0	>
<386	,	19	,	10	,	3	,	8	,	0	>
<387	,	19	,	10	,	4	,	8	,	0	>
<388	,	20	,	1	,	1	,	58	,	0	>
<389	,	20	,	1	,	3	,	58	,	1	>
<390	,	20	,	1	,	5	,	58	,	0	>
<391	,	20	,	1	,	6	,	58	,	1	>
<392	,	20	,	1	,	7	,	58	,	0	>
<393	,	20	,	5	,	1	,	35	,	0	>
<394	,	20	,	5	,	3	,	35	,	1	>
<395	,	20	,	5	,	5	,	35	,	0	>
<396	,	20	,	5	,	6	,	35	,	1	>
<397	,	20	,	5	,	7	,	35	,	0	>
<398	,	20	,	7	,	1	,	33	,	0	>
<399	,	20	,	7	,	3	,	33	,	1	>
<400	,	20	,	7	,	5	,	33	,	0	>
<401	,	20	,	7	,	6	,	33	,	1	>
<402	,	20	,	7	,	7	,	33	,	0	>
<403	,	20	,	8	,	1	,	66	,	0	>
<404	,	20	,	8	,	3	,	66	,	1	>
<405	,	20	,	8	,	5	,	66	,	0	>
<406	,	20	,	8	,	6	,	66	,	1	>
<407	,	20	,	8	,	7	,	66	,	0	>
<408	,	20	,	9	,	1	,	38	,	0	>
<409	,	20	,	9	,	3	,	38	,	1	>
<410	,	20	,	9	,	5	,	38	,	0	>
<411	,	20	,	9	,	6	,	38	,	1	>
<412	,	20	,	9	,	7	,	38	,	0	>
<413	,	21	,	3	,	1	,	69	,	0	>
<414	,	21	,	3	,	2	,	69	,	4	>
<415	,	21	,	3	,	6	,	69	,	0	>
<416	,	21	,	5	,	1	,	96	,	0	>
<417	,	21	,	5	,	2	,	96	,	5	>
<418	,	21	,	5	,	6	,	96	,	0	>
<419	,	21	,	6	,	1	,	43	,	0	>
<420	,	21	,	6	,	2	,	43	,	2	>
<421	,	21	,	6	,	6	,	43	,	0	>
<422	,	21	,	8	,	1	,	84	,	0	>
<423	,	21	,	8	,	2	,	84	,	4	>
<424	,	21	,	8	,	6	,	84	,	0	>
<425	,	21	,	9	,	1	,	88	,	0	>
<426	,	21	,	9	,	2	,	88	,	5	>
<427	,	21	,	9	,	6	,	88	,	0	>
<428	,	22	,	1	,	1	,	1	,	0	>
<429	,	22	,	1	,	2	,	1	,	0	>
<430	,	22	,	1	,	4	,	1	,	0	>
<431	,	22	,	1	,	6	,	1	,	0	>
<432	,	22	,	1	,	7	,	1	,	0	>
<433	,	22	,	3	,	1	,	3	,	0	>
<434	,	22	,	3	,	2	,	3	,	0	>
<435	,	22	,	3	,	4	,	3	,	0	>
<436	,	22	,	3	,	6	,	3	,	0	>
<437	,	22	,	3	,	7	,	3	,	0	>
<438	,	22	,	8	,	1	,	1	,	0	>
<439	,	22	,	8	,	2	,	1	,	0	>
<440	,	22	,	8	,	4	,	1	,	0	>
<441	,	22	,	8	,	6	,	1	,	0	>
<442	,	22	,	8	,	7	,	1	,	0	>
<443	,	23	,	2	,	1	,	67	,	0	>
<444	,	23	,	2	,	2	,	67	,	2	>
<445	,	23	,	2	,	4	,	67	,	0	>
<446	,	23	,	2	,	5	,	67	,	2	>
<447	,	23	,	3	,	1	,	92	,	0	>
<448	,	23	,	3	,	2	,	92	,	3	>
<449	,	23	,	3	,	4	,	92	,	0	>
<450	,	23	,	3	,	5	,	92	,	3	>
<451	,	23	,	4	,	1	,	75	,	0	>
<452	,	23	,	4	,	2	,	75	,	2	>
<453	,	23	,	4	,	4	,	75	,	0	>
<454	,	23	,	4	,	5	,	75	,	2	>
<455	,	23	,	6	,	1	,	61	,	0	>
<456	,	23	,	6	,	2	,	61	,	2	>
<457	,	23	,	6	,	4	,	61	,	0	>
<458	,	23	,	6	,	5	,	61	,	2	>
<459	,	23	,	7	,	1	,	86	,	0	>
<460	,	23	,	7	,	2	,	86	,	3	>
<461	,	23	,	7	,	4	,	86	,	0	>
<462	,	23	,	7	,	5	,	86	,	3	>
<463	,	23	,	9	,	1	,	72	,	0	>
<464	,	23	,	9	,	2	,	72	,	2	>
<465	,	23	,	9	,	4	,	72	,	0	>
<466	,	23	,	9	,	5	,	72	,	2	>
<467	,	23	,	10	,	1	,	64	,	0	>
<468	,	23	,	10	,	2	,	64	,	2	>
<469	,	23	,	10	,	4	,	64	,	0	>
<470	,	23	,	10	,	5	,	64	,	2	>
<471	,	24	,	1	,	1	,	98	,	0	>
<472	,	24	,	1	,	2	,	98	,	2	>
<473	,	24	,	1	,	4	,	98	,	0	>
<474	,	24	,	1	,	6	,	98	,	2	>
<475	,	24	,	1	,	7	,	98	,	0	>
<476	,	24	,	6	,	1	,	90	,	0	>
<477	,	24	,	6	,	2	,	90	,	1	>
<478	,	24	,	6	,	4	,	90	,	0	>
<479	,	24	,	6	,	6	,	90	,	1	>
<480	,	24	,	6	,	7	,	90	,	0	>
<481	,	24	,	7	,	1	,	65	,	0	>
<482	,	24	,	7	,	2	,	65	,	1	>
<483	,	24	,	7	,	4	,	65	,	0	>
<484	,	24	,	7	,	6	,	65	,	1	>
<485	,	24	,	7	,	7	,	65	,	0	>
<486	,	24	,	8	,	1	,	93	,	0	>
<487	,	24	,	8	,	2	,	93	,	1	>
<488	,	24	,	8	,	4	,	93	,	0	>
<489	,	24	,	8	,	6	,	93	,	1	>
<490	,	24	,	8	,	7	,	93	,	0	>
<491	,	24	,	10	,	1	,	86	,	0	>
<492	,	24	,	10	,	2	,	86	,	1	>
<493	,	24	,	10	,	4	,	86	,	0	>
<494	,	24	,	10	,	6	,	86	,	1	>
<495	,	24	,	10	,	7	,	86	,	0	>
<496	,	25	,	2	,	1	,	81	,	0	>
<497	,	25	,	2	,	4	,	81	,	4	>
<498	,	25	,	2	,	7	,	81	,	0	>
<499	,	25	,	3	,	1	,	59	,	0	>
<500	,	25	,	3	,	4	,	59	,	3	>
<501	,	25	,	3	,	7	,	59	,	0	>
<502	,	25	,	4	,	1	,	27	,	0	>
<503	,	25	,	4	,	4	,	27	,	1	>
<504	,	25	,	4	,	7	,	27	,	0	>
<505	,	25	,	6	,	1	,	67	,	0	>
<506	,	25	,	6	,	4	,	67	,	4	>
<507	,	25	,	6	,	7	,	67	,	0	>
<508	,	25	,	7	,	1	,	49	,	0	>
<509	,	25	,	7	,	4	,	49	,	3	>
<510	,	25	,	7	,	7	,	49	,	0	>
<511	,	26	,	1	,	2	,	23	,	0	>
<512	,	26	,	1	,	3	,	23	,	0	>
<513	,	26	,	1	,	4	,	23	,	0	>
<514	,	26	,	1	,	5	,	23	,	0	>
<515	,	26	,	1	,	6	,	23	,	0	>
<516	,	26	,	2	,	2	,	50	,	0	>
<517	,	26	,	2	,	3	,	50	,	1	>
<518	,	26	,	2	,	4	,	50	,	0	>
<519	,	26	,	2	,	5	,	50	,	1	>
<520	,	26	,	2	,	6	,	50	,	0	>
<521	,	26	,	6	,	2	,	20	,	0	>
<522	,	26	,	6	,	3	,	20	,	0	>
<523	,	26	,	6	,	4	,	20	,	0	>
<524	,	26	,	6	,	5	,	20	,	0	>
<525	,	26	,	6	,	6	,	20	,	0	>
<526	,	26	,	7	,	2	,	24	,	0	>
<527	,	26	,	7	,	3	,	24	,	0	>
<528	,	26	,	7	,	4	,	24	,	0	>
<529	,	26	,	7	,	5	,	24	,	0	>
<530	,	26	,	7	,	6	,	24	,	0	>
<531	,	26	,	8	,	2	,	30	,	0	>
<532	,	26	,	8	,	3	,	30	,	0	>
<533	,	26	,	8	,	4	,	30	,	0	>
<534	,	26	,	8	,	5	,	30	,	0	>
<535	,	26	,	8	,	6	,	30	,	0	>
<536	,	26	,	9	,	2	,	20	,	0	>
<537	,	26	,	9	,	3	,	20	,	0	>
<538	,	26	,	9	,	4	,	20	,	0	>
<539	,	26	,	9	,	5	,	20	,	0	>
<540	,	26	,	9	,	6	,	20	,	0	>
<541	,	27	,	1	,	3	,	66	,	0	>
<542	,	27	,	1	,	5	,	66	,	2	>
<543	,	27	,	1	,	6	,	66	,	0	>
<544	,	27	,	1	,	7	,	66	,	2	>
<545	,	27	,	2	,	3	,	46	,	0	>
<546	,	27	,	2	,	5	,	46	,	1	>
<547	,	27	,	2	,	6	,	46	,	0	>
<548	,	27	,	2	,	7	,	46	,	1	>
<549	,	27	,	4	,	3	,	58	,	0	>
<550	,	27	,	4	,	5	,	58	,	2	>
<551	,	27	,	4	,	6	,	58	,	0	>
<552	,	27	,	4	,	7	,	58	,	2	>
<553	,	27	,	7	,	3	,	28	,	0	>
<554	,	27	,	7	,	5	,	28	,	1	>
<555	,	27	,	7	,	6	,	28	,	0	>
<556	,	27	,	7	,	7	,	28	,	1	>
<557	,	27	,	10	,	3	,	83	,	0	>
<558	,	27	,	10	,	5	,	83	,	2	>
<559	,	27	,	10	,	6	,	83	,	0	>
<560	,	27	,	10	,	7	,	83	,	2	>
<561	,	28	,	2	,	1	,	95	,	0	>
<562	,	28	,	2	,	2	,	95	,	2	>
<563	,	28	,	2	,	3	,	95	,	0	>
<564	,	28	,	2	,	4	,	95	,	2	>
<565	,	28	,	2	,	5	,	95	,	0	>
<566	,	28	,	4	,	1	,	65	,	0	>
<567	,	28	,	4	,	2	,	65	,	1	>
<568	,	28	,	4	,	3	,	65	,	0	>
<569	,	28	,	4	,	4	,	65	,	1	>
<570	,	28	,	4	,	5	,	65	,	0	>
<571	,	28	,	5	,	1	,	78	,	0	>
<572	,	28	,	5	,	2	,	78	,	1	>
<573	,	28	,	5	,	3	,	78	,	0	>
<574	,	28	,	5	,	4	,	78	,	1	>
<575	,	28	,	5	,	5	,	78	,	0	>
<576	,	28	,	8	,	1	,	62	,	0	>
<577	,	28	,	8	,	2	,	62	,	1	>
<578	,	28	,	8	,	3	,	62	,	0	>
<579	,	28	,	8	,	4	,	62	,	1	>
<580	,	28	,	8	,	5	,	62	,	0	>
<581	,	29	,	1	,	1	,	53	,	0	>
<582	,	29	,	1	,	2	,	53	,	3	>
<583	,	29	,	1	,	5	,	53	,	0	>
<584	,	29	,	3	,	1	,	86	,	0	>
<585	,	29	,	3	,	2	,	86	,	5	>
<586	,	29	,	3	,	5	,	86	,	0	>
<587	,	29	,	7	,	1	,	65	,	0	>
<588	,	29	,	7	,	2	,	65	,	3	>
<589	,	29	,	7	,	5	,	65	,	0	>
<590	,	29	,	9	,	1	,	46	,	0	>
<591	,	29	,	9	,	2	,	46	,	2	>
<592	,	29	,	9	,	5	,	46	,	0	>
<593	,	30	,	4	,	2	,	5	,	0	>
<594	,	30	,	4	,	4	,	5	,	0	>
<595	,	30	,	4	,	5	,	5	,	0	>
<596	,	30	,	4	,	6	,	5	,	0	>
<597	,	30	,	4	,	7	,	5	,	0	>
<598	,	30	,	7	,	2	,	5	,	0	>
<599	,	30	,	7	,	4	,	5	,	0	>
<600	,	30	,	7	,	5	,	5	,	0	>
<601	,	30	,	7	,	6	,	5	,	0	>
<602	,	30	,	7	,	7	,	5	,	0	>
<603	,	30	,	8	,	2	,	5	,	0	>
<604	,	30	,	8	,	4	,	5	,	0	>
<605	,	30	,	8	,	5	,	5	,	0	>
<606	,	30	,	8	,	6	,	5	,	0	>
<607	,	30	,	8	,	7	,	5	,	0	>
<608	,	30	,	9	,	2	,	11	,	0	>
<609	,	30	,	9	,	4	,	11	,	0	>
<610	,	30	,	9	,	5	,	11	,	0	>
<611	,	30	,	9	,	6	,	11	,	0	>
<612	,	30	,	9	,	7	,	11	,	0	>
<613	,	30	,	10	,	2	,	10	,	0	>
<614	,	30	,	10	,	4	,	10	,	0	>
<615	,	30	,	10	,	5	,	10	,	0	>
<616	,	30	,	10	,	6	,	10	,	0	>
<617	,	30	,	10	,	7	,	10	,	0	>
<618	,	31	,	1	,	3	,	71	,	0	>
<619	,	31	,	1	,	4	,	71	,	4	>
<620	,	31	,	1	,	6	,	71	,	0	>
<621	,	31	,	3	,	3	,	51	,	0	>
<622	,	31	,	3	,	4	,	51	,	3	>
<623	,	31	,	3	,	6	,	51	,	0	>
<624	,	31	,	8	,	3	,	41	,	0	>
<625	,	31	,	8	,	4	,	41	,	2	>
<626	,	31	,	8	,	6	,	41	,	0	>
<627	,	31	,	9	,	3	,	89	,	0	>
<628	,	31	,	9	,	4	,	89	,	5	>
<629	,	31	,	9	,	6	,	89	,	0	>
<630	,	32	,	3	,	3	,	94	,	0	>
<631	,	32	,	3	,	4	,	94	,	3	>
<632	,	32	,	3	,	6	,	94	,	0	>
<633	,	32	,	3	,	7	,	94	,	3	>
<634	,	32	,	7	,	3	,	93	,	0	>
<635	,	32	,	7	,	4	,	93	,	3	>
<636	,	32	,	7	,	6	,	93	,	0	>
<637	,	32	,	7	,	7	,	93	,	3	>
<638	,	32	,	8	,	3	,	96	,	0	>
<639	,	32	,	8	,	4	,	96	,	3	>
<640	,	32	,	8	,	6	,	96	,	0	>
<641	,	32	,	8	,	7	,	96	,	3	>
<642	,	32	,	9	,	3	,	96	,	0	>
<643	,	32	,	9	,	4	,	96	,	3	>
<644	,	32	,	9	,	6	,	96	,	0	>
<645	,	32	,	9	,	7	,	96	,	3	>
<646	,	33	,	1	,	1	,	97	,	0	>
<647	,	33	,	1	,	2	,	97	,	3	>
<648	,	33	,	1	,	4	,	97	,	0	>
<649	,	33	,	1	,	5	,	97	,	3	>
<650	,	33	,	2	,	1	,	97	,	0	>
<651	,	33	,	2	,	2	,	97	,	3	>
<652	,	33	,	2	,	4	,	97	,	0	>
<653	,	33	,	2	,	5	,	97	,	3	>
<654	,	33	,	4	,	1	,	96	,	0	>
<655	,	33	,	4	,	2	,	96	,	3	>
<656	,	33	,	4	,	4	,	96	,	0	>
<657	,	33	,	4	,	5	,	96	,	3	>
<658	,	33	,	5	,	1	,	99	,	0	>
<659	,	33	,	5	,	2	,	99	,	3	>
<660	,	33	,	5	,	4	,	99	,	0	>
<661	,	33	,	5	,	5	,	99	,	3	>
<662	,	33	,	6	,	1	,	96	,	0	>
<663	,	33	,	6	,	2	,	96	,	3	>
<664	,	33	,	6	,	4	,	96	,	0	>
<665	,	33	,	6	,	5	,	96	,	3	>
<666	,	33	,	7	,	1	,	97	,	0	>
<667	,	33	,	7	,	2	,	97	,	3	>
<668	,	33	,	7	,	4	,	97	,	0	>
<669	,	33	,	7	,	5	,	97	,	3	>
<670	,	33	,	10	,	1	,	96	,	0	>
<671	,	33	,	10	,	2	,	96	,	3	>
<672	,	33	,	10	,	4	,	96	,	0	>
<673	,	33	,	10	,	5	,	96	,	3	>
<674	,	34	,	1	,	1	,	70	,	0	>
<675	,	34	,	1	,	2	,	70	,	2	>
<676	,	34	,	1	,	4	,	70	,	0	>
<677	,	34	,	1	,	6	,	70	,	2	>
<678	,	34	,	2	,	1	,	60	,	0	>
<679	,	34	,	2	,	2	,	60	,	2	>
<680	,	34	,	2	,	4	,	60	,	0	>
<681	,	34	,	2	,	6	,	60	,	2	>
<682	,	34	,	3	,	1	,	53	,	0	>
<683	,	34	,	3	,	2	,	53	,	2	>
<684	,	34	,	3	,	4	,	53	,	0	>
<685	,	34	,	3	,	6	,	53	,	2	>
<686	,	34	,	6	,	1	,	74	,	0	>
<687	,	34	,	6	,	2	,	74	,	2	>
<688	,	34	,	6	,	4	,	74	,	0	>
<689	,	34	,	6	,	6	,	74	,	2	>
<690	,	34	,	7	,	1	,	65	,	0	>
<691	,	34	,	7	,	2	,	65	,	2	>
<692	,	34	,	7	,	4	,	65	,	0	>
<693	,	34	,	7	,	6	,	65	,	2	>
<694	,	34	,	10	,	1	,	85	,	0	>
<695	,	34	,	10	,	2	,	85	,	3	>
<696	,	34	,	10	,	4	,	85	,	0	>
<697	,	34	,	10	,	6	,	85	,	3	>
<698	,	35	,	1	,	1	,	59	,	0	>
<699	,	35	,	1	,	3	,	59	,	3	>
<700	,	35	,	1	,	6	,	59	,	0	>
<701	,	35	,	4	,	1	,	72	,	0	>
<702	,	35	,	4	,	3	,	72	,	4	>
<703	,	35	,	4	,	6	,	72	,	0	>
<704	,	35	,	6	,	1	,	54	,	0	>
<705	,	35	,	6	,	3	,	54	,	3	>
<706	,	35	,	6	,	6	,	54	,	0	>
<707	,	35	,	7	,	1	,	91	,	0	>
<708	,	35	,	7	,	3	,	91	,	5	>
<709	,	35	,	7	,	6	,	91	,	0	>
<710	,	35	,	9	,	1	,	86	,	0	>
<711	,	35	,	9	,	3	,	86	,	5	>
<712	,	35	,	9	,	6	,	86	,	0	>
<713	,	36	,	2	,	3	,	77	,	0	>
<714	,	36	,	2	,	4	,	77	,	4	>
<715	,	36	,	2	,	6	,	77	,	0	>
<716	,	36	,	3	,	3	,	72	,	0	>
<717	,	36	,	3	,	4	,	72	,	4	>
<718	,	36	,	3	,	6	,	72	,	0	>
<719	,	36	,	4	,	3	,	91	,	0	>
<720	,	36	,	4	,	4	,	91	,	5	>
<721	,	36	,	4	,	6	,	91	,	0	>
<722	,	36	,	5	,	3	,	82	,	0	>
<723	,	36	,	5	,	4	,	82	,	4	>
<724	,	36	,	5	,	6	,	82	,	0	>
<725	,	36	,	7	,	3	,	87	,	0	>
<726	,	36	,	7	,	4	,	87	,	5	>
<727	,	36	,	7	,	6	,	87	,	0	>
<728	,	37	,	1	,	1	,	87	,	0	>
<729	,	37	,	1	,	2	,	87	,	5	>
<730	,	37	,	1	,	6	,	87	,	0	>
<731	,	37	,	2	,	1	,	81	,	0	>
<732	,	37	,	2	,	2	,	81	,	4	>
<733	,	37	,	2	,	6	,	81	,	0	>
<734	,	37	,	3	,	1	,	78	,	0	>
<735	,	37	,	3	,	2	,	78	,	4	>
<736	,	37	,	3	,	6	,	78	,	0	>
<737	,	37	,	4	,	1	,	89	,	0	>
<738	,	37	,	4	,	2	,	89	,	5	>
<739	,	37	,	4	,	6	,	89	,	0	>
<740	,	37	,	7	,	1	,	80	,	0	>
<741	,	37	,	7	,	2	,	80	,	4	>
<742	,	37	,	7	,	6	,	80	,	0	>
<743	,	37	,	10	,	1	,	77	,	0	>
<744	,	37	,	10	,	2	,	77	,	4	>
<745	,	37	,	10	,	6	,	77	,	0	>
<746	,	38	,	2	,	2	,	81	,	0	>
<747	,	38	,	2	,	4	,	81	,	4	>
<748	,	38	,	2	,	5	,	81	,	0	>
<749	,	38	,	3	,	2	,	93	,	0	>
<750	,	38	,	3	,	4	,	93	,	5	>
<751	,	38	,	3	,	5	,	93	,	0	>
<752	,	38	,	4	,	2	,	75	,	0	>
<753	,	38	,	4	,	4	,	75	,	4	>
<754	,	38	,	4	,	5	,	75	,	0	>
<755	,	38	,	6	,	2	,	84	,	0	>
<756	,	38	,	6	,	4	,	84	,	4	>
<757	,	38	,	6	,	5	,	84	,	0	>
<758	,	38	,	8	,	2	,	80	,	0	>
<759	,	38	,	8	,	4	,	80	,	4	>
<760	,	38	,	8	,	5	,	80	,	0	>
<761	,	38	,	10	,	2	,	89	,	0	>
<762	,	38	,	10	,	4	,	89	,	5	>
<763	,	38	,	10	,	5	,	89	,	0	>
<764	,	39	,	3	,	1	,	95	,	0	>
<765	,	39	,	3	,	2	,	95	,	2	>
<766	,	39	,	3	,	5	,	95	,	0	>
<767	,	39	,	3	,	6	,	95	,	2	>
<768	,	39	,	3	,	7	,	95	,	0	>
<769	,	39	,	5	,	1	,	92	,	0	>
<770	,	39	,	5	,	2	,	92	,	1	>
<771	,	39	,	5	,	5	,	92	,	0	>
<772	,	39	,	5	,	6	,	92	,	1	>
<773	,	39	,	5	,	7	,	92	,	0	>
<774	,	39	,	6	,	1	,	81	,	0	>
<775	,	39	,	6	,	2	,	81	,	1	>
<776	,	39	,	6	,	5	,	81	,	0	>
<777	,	39	,	6	,	6	,	81	,	1	>
<778	,	39	,	6	,	7	,	81	,	0	>
<779	,	39	,	8	,	1	,	95	,	0	>
<780	,	39	,	8	,	2	,	95	,	2	>
<781	,	39	,	8	,	5	,	95	,	0	>
<782	,	39	,	8	,	6	,	95	,	2	>
<783	,	39	,	8	,	7	,	95	,	0	>
<784	,	39	,	9	,	1	,	82	,	0	>
<785	,	39	,	9	,	2	,	82	,	1	>
<786	,	39	,	9	,	5	,	82	,	0	>
<787	,	39	,	9	,	6	,	82	,	1	>
<788	,	39	,	9	,	7	,	82	,	0	>
<789	,	39	,	10	,	1	,	86	,	0	>
<790	,	39	,	10	,	2	,	86	,	1	>
<791	,	39	,	10	,	5	,	86	,	0	>
<792	,	39	,	10	,	6	,	86	,	1	>
<793	,	39	,	10	,	7	,	86	,	0	>
<794	,	40	,	2	,	4	,	99	,	0	>
<795	,	40	,	2	,	5	,	99	,	3	>
<796	,	40	,	2	,	6	,	99	,	0	>
<797	,	40	,	2	,	7	,	99	,	3	>
<798	,	40	,	6	,	4	,	85	,	0	>
<799	,	40	,	6	,	5	,	85	,	3	>
<800	,	40	,	6	,	6	,	85	,	0	>
<801	,	40	,	6	,	7	,	85	,	3	>
<802	,	40	,	10	,	4	,	60	,	0	>
<803	,	40	,	10	,	5	,	60	,	2	>
<804	,	40	,	10	,	6	,	60	,	0	>
<805	,	40	,	10	,	7	,	60	,	2	>
<806	,	41	,	1	,	2	,	25	,	0	>
<807	,	41	,	1	,	4	,	25	,	1	>
<808	,	41	,	1	,	5	,	25	,	0	>
<809	,	41	,	3	,	2	,	44	,	0	>
<810	,	41	,	3	,	4	,	44	,	2	>
<811	,	41	,	3	,	5	,	44	,	0	>
<812	,	41	,	5	,	2	,	60	,	0	>
<813	,	41	,	5	,	4	,	60	,	3	>
<814	,	41	,	5	,	5	,	60	,	0	>
<815	,	41	,	8	,	2	,	54	,	0	>
<816	,	41	,	8	,	4	,	54	,	3	>
<817	,	41	,	8	,	5	,	54	,	0	>
<818	,	41	,	9	,	2	,	23	,	0	>
<819	,	41	,	9	,	4	,	23	,	1	>
<820	,	41	,	9	,	5	,	23	,	0	>
<821	,	41	,	10	,	2	,	43	,	0	>
<822	,	41	,	10	,	4	,	43	,	2	>
<823	,	41	,	10	,	5	,	43	,	0	>
<824	,	42	,	1	,	3	,	32	,	0	>
<825	,	42	,	1	,	4	,	32	,	1	>
<826	,	42	,	1	,	5	,	32	,	0	>
<827	,	42	,	1	,	7	,	32	,	1	>
<828	,	42	,	4	,	3	,	11	,	0	>
<829	,	42	,	4	,	4	,	11	,	0	>
<830	,	42	,	4	,	5	,	11	,	0	>
<831	,	42	,	4	,	7	,	11	,	0	>
<832	,	42	,	8	,	3	,	26	,	0	>
<833	,	42	,	8	,	4	,	26	,	1	>
<834	,	42	,	8	,	5	,	26	,	0	>
<835	,	42	,	8	,	7	,	26	,	1	>
<836	,	42	,	9	,	3	,	31	,	0	>
<837	,	42	,	9	,	4	,	31	,	1	>
<838	,	42	,	9	,	5	,	31	,	0	>
<839	,	42	,	9	,	7	,	31	,	1	>
<840	,	43	,	2	,	2	,	97	,	0	>
<841	,	43	,	2	,	3	,	97	,	3	>
<842	,	43	,	2	,	4	,	97	,	0	>
<843	,	43	,	2	,	6	,	97	,	3	>
<844	,	43	,	3	,	2	,	95	,	0	>
<845	,	43	,	3	,	3	,	95	,	3	>
<846	,	43	,	3	,	4	,	95	,	0	>
<847	,	43	,	3	,	6	,	95	,	3	>
<848	,	43	,	4	,	2	,	97	,	0	>
<849	,	43	,	4	,	3	,	97	,	3	>
<850	,	43	,	4	,	4	,	97	,	0	>
<851	,	43	,	4	,	6	,	97	,	3	>
<852	,	43	,	6	,	2	,	88	,	0	>
<853	,	43	,	6	,	3	,	88	,	3	>
<854	,	43	,	6	,	4	,	88	,	0	>
<855	,	43	,	6	,	6	,	88	,	3	>
<856	,	43	,	8	,	2	,	88	,	0	>
<857	,	43	,	8	,	3	,	88	,	3	>
<858	,	43	,	8	,	4	,	88	,	0	>
<859	,	43	,	8	,	6	,	88	,	3	>
<860	,	44	,	4	,	1	,	96	,	0	>
<861	,	44	,	4	,	6	,	96	,	5	>
<862	,	44	,	4	,	7	,	96	,	0	>
<863	,	44	,	5	,	1	,	94	,	0	>
<864	,	44	,	5	,	6	,	94	,	5	>
<865	,	44	,	5	,	7	,	94	,	0	>
<866	,	44	,	6	,	1	,	95	,	0	>
<867	,	44	,	6	,	6	,	95	,	5	>
<868	,	44	,	6	,	7	,	95	,	0	>
<869	,	44	,	7	,	1	,	81	,	0	>
<870	,	44	,	7	,	6	,	81	,	4	>
<871	,	44	,	7	,	7	,	81	,	0	>
<872	,	44	,	9	,	1	,	91	,	0	>
<873	,	44	,	9	,	6	,	91	,	5	>
<874	,	44	,	9	,	7	,	91	,	0	>
<875	,	44	,	10	,	1	,	97	,	0	>
<876	,	44	,	10	,	6	,	97	,	5	>
<877	,	44	,	10	,	7	,	97	,	0	>
<878	,	45	,	1	,	1	,	90	,	0	>
<879	,	45	,	1	,	4	,	90	,	5	>
<880	,	45	,	1	,	5	,	90	,	0	>
<881	,	45	,	4	,	1	,	94	,	0	>
<882	,	45	,	4	,	4	,	94	,	5	>
<883	,	45	,	4	,	5	,	94	,	0	>
<884	,	45	,	5	,	1	,	97	,	0	>
<885	,	45	,	5	,	4	,	97	,	5	>
<886	,	45	,	5	,	5	,	97	,	0	>
<887	,	45	,	6	,	1	,	98	,	0	>
<888	,	45	,	6	,	4	,	98	,	5	>
<889	,	45	,	6	,	5	,	98	,	0	>
<890	,	45	,	7	,	1	,	94	,	0	>
<891	,	45	,	7	,	4	,	94	,	5	>
<892	,	45	,	7	,	5	,	94	,	0	>
<893	,	45	,	8	,	1	,	95	,	0	>
<894	,	45	,	8	,	4	,	95	,	5	>
<895	,	45	,	8	,	5	,	95	,	0	>
<896	,	46	,	2	,	1	,	90	,	0	>
<897	,	46	,	2	,	2	,	90	,	1	>
<898	,	46	,	2	,	3	,	90	,	0	>
<899	,	46	,	2	,	4	,	90	,	1	>
<900	,	46	,	2	,	7	,	90	,	0	>
<901	,	46	,	3	,	1	,	88	,	0	>
<902	,	46	,	3	,	2	,	88	,	1	>
<903	,	46	,	3	,	3	,	88	,	0	>
<904	,	46	,	3	,	4	,	88	,	1	>
<905	,	46	,	3	,	7	,	88	,	0	>
<906	,	46	,	4	,	1	,	98	,	0	>
<907	,	46	,	4	,	2	,	98	,	2	>
<908	,	46	,	4	,	3	,	98	,	0	>
<909	,	46	,	4	,	4	,	98	,	2	>
<910	,	46	,	4	,	7	,	98	,	0	>
<911	,	46	,	9	,	1	,	56	,	0	>
<912	,	46	,	9	,	2	,	56	,	1	>
<913	,	46	,	9	,	3	,	56	,	0	>
<914	,	46	,	9	,	4	,	56	,	1	>
<915	,	46	,	9	,	7	,	56	,	0	>
<916	,	46	,	10	,	1	,	80	,	0	>
<917	,	46	,	10	,	2	,	80	,	1	>
<918	,	46	,	10	,	3	,	80	,	0	>
<919	,	46	,	10	,	4	,	80	,	1	>
<920	,	46	,	10	,	7	,	80	,	0	>
<921	,	47	,	3	,	1	,	96	,	0	>
<922	,	47	,	3	,	5	,	96	,	3	>
<923	,	47	,	3	,	6	,	96	,	0	>
<924	,	47	,	3	,	7	,	96	,	3	>
<925	,	47	,	4	,	1	,	93	,	0	>
<926	,	47	,	4	,	5	,	93	,	3	>
<927	,	47	,	4	,	6	,	93	,	0	>
<928	,	47	,	4	,	7	,	93	,	3	>
<929	,	47	,	6	,	1	,	92	,	0	>
<930	,	47	,	6	,	5	,	92	,	3	>
<931	,	47	,	6	,	6	,	92	,	0	>
<932	,	47	,	6	,	7	,	92	,	3	>
<933	,	47	,	8	,	1	,	91	,	0	>
<934	,	47	,	8	,	5	,	91	,	3	>
<935	,	47	,	8	,	6	,	91	,	0	>
<936	,	47	,	8	,	7	,	91	,	3	>
<937	,	47	,	9	,	1	,	91	,	0	>
<938	,	47	,	9	,	5	,	91	,	3	>
<939	,	47	,	9	,	6	,	91	,	0	>
<940	,	47	,	9	,	7	,	91	,	3	>
<941	,	47	,	10	,	1	,	91	,	0	>
<942	,	47	,	10	,	5	,	91	,	3	>
<943	,	47	,	10	,	6	,	91	,	0	>
<944	,	47	,	10	,	7	,	91	,	3	>
<945	,	48	,	2	,	1	,	15	,	0	>
<946	,	48	,	2	,	2	,	15	,	1	>
<947	,	48	,	2	,	5	,	15	,	0	>
<948	,	48	,	4	,	1	,	25	,	0	>
<949	,	48	,	4	,	2	,	25	,	1	>
<950	,	48	,	4	,	5	,	25	,	0	>
<951	,	48	,	5	,	1	,	31	,	0	>
<952	,	48	,	5	,	2	,	31	,	2	>
<953	,	48	,	5	,	5	,	31	,	0	>
<954	,	48	,	6	,	1	,	36	,	0	>
<955	,	48	,	6	,	2	,	36	,	2	>
<956	,	48	,	6	,	5	,	36	,	0	>
<957	,	48	,	10	,	1	,	30	,	0	>
<958	,	48	,	10	,	2	,	30	,	2	>
<959	,	48	,	10	,	5	,	30	,	0	>
<960	,	49	,	1	,	1	,	21	,	0	>
<961	,	49	,	1	,	2	,	21	,	0	>
<962	,	49	,	1	,	4	,	21	,	0	>
<963	,	49	,	1	,	5	,	21	,	0	>
<964	,	49	,	1	,	7	,	21	,	0	>
<965	,	49	,	2	,	1	,	28	,	0	>
<966	,	49	,	2	,	2	,	28	,	0	>
<967	,	49	,	2	,	4	,	28	,	0	>
<968	,	49	,	2	,	5	,	28	,	0	>
<969	,	49	,	2	,	7	,	28	,	0	>
<970	,	49	,	4	,	1	,	36	,	0	>
<971	,	49	,	4	,	2	,	36	,	1	>
<972	,	49	,	4	,	4	,	36	,	0	>
<973	,	49	,	4	,	5	,	36	,	1	>
<974	,	49	,	4	,	7	,	36	,	0	>
<975	,	49	,	5	,	1	,	15	,	0	>
<976	,	49	,	5	,	2	,	15	,	0	>
<977	,	49	,	5	,	4	,	15	,	0	>
<978	,	49	,	5	,	5	,	15	,	0	>
<979	,	49	,	5	,	7	,	15	,	0	>
<980	,	49	,	6	,	1	,	42	,	0	>
<981	,	49	,	6	,	2	,	42	,	1	>
<982	,	49	,	6	,	4	,	42	,	0	>
<983	,	49	,	6	,	5	,	42	,	1	>
<984	,	49	,	6	,	7	,	42	,	0	>
<985	,	49	,	7	,	1	,	32	,	0	>
<986	,	49	,	7	,	2	,	32	,	1	>
<987	,	49	,	7	,	4	,	32	,	0	>
<988	,	49	,	7	,	5	,	32	,	1	>
<989	,	49	,	7	,	7	,	32	,	0	>
<990	,	50	,	6	,	1	,	76	,	0	>
<991	,	50	,	6	,	4	,	76	,	4	>
<992	,	50	,	6	,	7	,	76	,	0	>
<993	,	50	,	9	,	1	,	64	,	0	>
<994	,	50	,	9	,	4	,	64	,	3	>
<995	,	50	,	9	,	7	,	64	,	0	>
<996	,	50	,	10	,	1	,	51	,	0	>
<997	,	50	,	10	,	4	,	51	,	3	>
<998	,	50	,	10	,	7	,	51	,	0	>
<999	,	51	,	6	,	1	,	94	,	0	>
<1000	,	51	,	6	,	2	,	94	,	5	>
<1001	,	51	,	6	,	4	,	94	,	0	>
<1002	,	51	,	7	,	1	,	99	,	0	>
<1003	,	51	,	7	,	2	,	99	,	5	>
<1004	,	51	,	7	,	4	,	99	,	0	>
<1005	,	51	,	8	,	1	,	95	,	0	>
<1006	,	51	,	8	,	2	,	95	,	5	>
<1007	,	51	,	8	,	4	,	95	,	0	>
<1008	,	52	,	3	,	1	,	11	,	0	>
<1009	,	52	,	3	,	4	,	11	,	0	>
<1010	,	52	,	3	,	5	,	11	,	0	>
<1011	,	52	,	3	,	6	,	11	,	0	>
<1012	,	52	,	3	,	7	,	11	,	0	>
<1013	,	52	,	7	,	1	,	21	,	0	>
<1014	,	52	,	7	,	4	,	21	,	0	>
<1015	,	52	,	7	,	5	,	21	,	0	>
<1016	,	52	,	7	,	6	,	21	,	0	>
<1017	,	52	,	7	,	7	,	21	,	0	>
<1018	,	52	,	8	,	1	,	11	,	0	>
<1019	,	52	,	8	,	4	,	11	,	0	>
<1020	,	52	,	8	,	5	,	11	,	0	>
<1021	,	52	,	8	,	6	,	11	,	0	>
<1022	,	52	,	8	,	7	,	11	,	0	>
<1023	,	53	,	4	,	1	,	93	,	0	>
<1024	,	53	,	4	,	2	,	93	,	1	>
<1025	,	53	,	4	,	3	,	93	,	0	>
<1026	,	53	,	4	,	5	,	93	,	1	>
<1027	,	53	,	4	,	6	,	93	,	0	>
<1028	,	53	,	5	,	1	,	89	,	0	>
<1029	,	53	,	5	,	2	,	89	,	1	>
<1030	,	53	,	5	,	3	,	89	,	0	>
<1031	,	53	,	5	,	5	,	89	,	1	>
<1032	,	53	,	5	,	6	,	89	,	0	>
<1033	,	53	,	9	,	1	,	87	,	0	>
<1034	,	53	,	9	,	2	,	87	,	1	>
<1035	,	53	,	9	,	3	,	87	,	0	>
<1036	,	53	,	9	,	5	,	87	,	1	>
<1037	,	53	,	9	,	6	,	87	,	0	>
<1038	,	53	,	10	,	1	,	90	,	0	>
<1039	,	53	,	10	,	2	,	90	,	1	>
<1040	,	53	,	10	,	3	,	90	,	0	>
<1041	,	53	,	10	,	5	,	90	,	1	>
<1042	,	53	,	10	,	6	,	90	,	0	>
<1043	,	54	,	1	,	3	,	18	,	0	>
<1044	,	54	,	1	,	4	,	18	,	1	>
<1045	,	54	,	1	,	6	,	18	,	0	>
<1046	,	54	,	3	,	3	,	28	,	0	>
<1047	,	54	,	3	,	4	,	28	,	1	>
<1048	,	54	,	3	,	6	,	28	,	0	>
<1049	,	54	,	4	,	3	,	23	,	0	>
<1050	,	54	,	4	,	4	,	23	,	1	>
<1051	,	54	,	4	,	6	,	23	,	0	>
<1052	,	54	,	5	,	3	,	15	,	0	>
<1053	,	54	,	5	,	4	,	15	,	1	>
<1054	,	54	,	5	,	6	,	15	,	0	>
<1055	,	54	,	6	,	3	,	20	,	0	>
<1056	,	54	,	6	,	4	,	20	,	1	>
<1057	,	54	,	6	,	6	,	20	,	0	>
<1058	,	54	,	9	,	3	,	26	,	0	>
<1059	,	54	,	9	,	4	,	26	,	1	>
<1060	,	54	,	9	,	6	,	26	,	0	>
<1061	,	54	,	10	,	3	,	11	,	0	>
<1062	,	54	,	10	,	4	,	11	,	1	>
<1063	,	54	,	10	,	6	,	11	,	0	>
<1064	,	55	,	3	,	3	,	98	,	0	>
<1065	,	55	,	3	,	4	,	98	,	3	>
<1066	,	55	,	3	,	5	,	98	,	0	>
<1067	,	55	,	3	,	7	,	98	,	3	>
<1068	,	55	,	4	,	3	,	97	,	0	>
<1069	,	55	,	4	,	4	,	97	,	3	>
<1070	,	55	,	4	,	5	,	97	,	0	>
<1071	,	55	,	4	,	7	,	97	,	3	>
<1072	,	55	,	5	,	3	,	96	,	0	>
<1073	,	55	,	5	,	4	,	96	,	3	>
<1074	,	55	,	5	,	5	,	96	,	0	>
<1075	,	55	,	5	,	7	,	96	,	3	>
<1076	,	55	,	8	,	3	,	96	,	0	>
<1077	,	55	,	8	,	4	,	96	,	3	>
<1078	,	55	,	8	,	5	,	96	,	0	>
<1079	,	55	,	8	,	7	,	96	,	3	>
<1080	,	55	,	10	,	3	,	96	,	0	>
<1081	,	55	,	10	,	4	,	96	,	3	>
<1082	,	55	,	10	,	5	,	96	,	0	>
<1083	,	55	,	10	,	7	,	96	,	3	>
<1084	,	56	,	1	,	1	,	79	,	0	>
<1085	,	56	,	1	,	2	,	79	,	2	>
<1086	,	56	,	1	,	3	,	79	,	0	>
<1087	,	56	,	1	,	4	,	79	,	2	>
<1088	,	56	,	4	,	1	,	90	,	0	>
<1089	,	56	,	4	,	2	,	90	,	3	>
<1090	,	56	,	4	,	3	,	90	,	0	>
<1091	,	56	,	4	,	4	,	90	,	3	>
<1092	,	56	,	5	,	1	,	85	,	0	>
<1093	,	56	,	5	,	2	,	85	,	3	>
<1094	,	56	,	5	,	3	,	85	,	0	>
<1095	,	56	,	5	,	4	,	85	,	3	>
<1096	,	56	,	6	,	1	,	90	,	0	>
<1097	,	56	,	6	,	2	,	90	,	3	>
<1098	,	56	,	6	,	3	,	90	,	0	>
<1099	,	56	,	6	,	4	,	90	,	3	>
<1100	,	56	,	7	,	1	,	79	,	0	>
<1101	,	56	,	7	,	2	,	79	,	2	>
<1102	,	56	,	7	,	3	,	79	,	0	>
<1103	,	56	,	7	,	4	,	79	,	2	>
<1104	,	56	,	8	,	1	,	80	,	0	>
<1105	,	56	,	8	,	2	,	80	,	2	>
<1106	,	56	,	8	,	3	,	80	,	0	>
<1107	,	56	,	8	,	4	,	80	,	2	>
<1108	,	57	,	1	,	1	,	65	,	0	>
<1109	,	57	,	1	,	3	,	65	,	1	>
<1110	,	57	,	1	,	4	,	65	,	0	>
<1111	,	57	,	1	,	5	,	65	,	1	>
<1112	,	57	,	1	,	6	,	65	,	0	>
<1113	,	57	,	3	,	1	,	63	,	0	>
<1114	,	57	,	3	,	3	,	63	,	1	>
<1115	,	57	,	3	,	4	,	63	,	0	>
<1116	,	57	,	3	,	5	,	63	,	1	>
<1117	,	57	,	3	,	6	,	63	,	0	>
<1118	,	57	,	6	,	1	,	74	,	0	>
<1119	,	57	,	6	,	3	,	74	,	1	>
<1120	,	57	,	6	,	4	,	74	,	0	>
<1121	,	57	,	6	,	5	,	74	,	1	>
<1122	,	57	,	6	,	6	,	74	,	0	>
<1123	,	57	,	8	,	1	,	83	,	0	>
<1124	,	57	,	8	,	3	,	83	,	1	>
<1125	,	57	,	8	,	4	,	83	,	0	>
<1126	,	57	,	8	,	5	,	83	,	1	>
<1127	,	57	,	8	,	6	,	83	,	0	>
<1128	,	57	,	9	,	1	,	77	,	0	>
<1129	,	57	,	9	,	3	,	77	,	1	>
<1130	,	57	,	9	,	4	,	77	,	0	>
<1131	,	57	,	9	,	5	,	77	,	1	>
<1132	,	57	,	9	,	6	,	77	,	0	>
<1133	,	57	,	10	,	1	,	74	,	0	>
<1134	,	57	,	10	,	3	,	74	,	1	>
<1135	,	57	,	10	,	4	,	74	,	0	>
<1136	,	57	,	10	,	5	,	74	,	1	>
<1137	,	57	,	10	,	6	,	74	,	0	>
<1138	,	58	,	2	,	1	,	21	,	0	>
<1139	,	58	,	2	,	2	,	21	,	1	>
<1140	,	58	,	2	,	3	,	21	,	0	>
<1141	,	58	,	2	,	7	,	21	,	1	>
<1142	,	58	,	3	,	1	,	21	,	0	>
<1143	,	58	,	3	,	2	,	21	,	1	>
<1144	,	58	,	3	,	3	,	21	,	0	>
<1145	,	58	,	3	,	7	,	21	,	1	>
<1146	,	58	,	4	,	1	,	40	,	0	>
<1147	,	58	,	4	,	2	,	40	,	1	>
<1148	,	58	,	4	,	3	,	40	,	0	>
<1149	,	58	,	4	,	7	,	40	,	1	>
<1150	,	58	,	7	,	1	,	38	,	0	>
<1151	,	58	,	7	,	2	,	38	,	1	>
<1152	,	58	,	7	,	3	,	38	,	0	>
<1153	,	58	,	7	,	7	,	38	,	1	>
<1154	,	58	,	10	,	1	,	52	,	0	>
<1155	,	58	,	10	,	2	,	52	,	2	>
<1156	,	58	,	10	,	3	,	52	,	0	>
<1157	,	58	,	10	,	7	,	52	,	2	>
<1158	,	59	,	1	,	1	,	96	,	0	>
<1159	,	59	,	1	,	3	,	96	,	2	>
<1160	,	59	,	1	,	4	,	96	,	0	>
<1161	,	59	,	1	,	5	,	96	,	2	>
<1162	,	59	,	1	,	7	,	96	,	0	>
<1163	,	59	,	2	,	1	,	95	,	0	>
<1164	,	59	,	2	,	3	,	95	,	2	>
<1165	,	59	,	2	,	4	,	95	,	0	>
<1166	,	59	,	2	,	5	,	95	,	2	>
<1167	,	59	,	2	,	7	,	95	,	0	>
<1168	,	59	,	3	,	1	,	96	,	0	>
<1169	,	59	,	3	,	3	,	96	,	2	>
<1170	,	59	,	3	,	4	,	96	,	0	>
<1171	,	59	,	3	,	5	,	96	,	2	>
<1172	,	59	,	3	,	7	,	96	,	0	>
<1173	,	59	,	5	,	1	,	95	,	0	>
<1174	,	59	,	5	,	3	,	95	,	2	>
<1175	,	59	,	5	,	4	,	95	,	0	>
<1176	,	59	,	5	,	5	,	95	,	2	>
<1177	,	59	,	5	,	7	,	95	,	0	>
<1178	,	59	,	6	,	1	,	96	,	0	>
<1179	,	59	,	6	,	3	,	96	,	2	>
<1180	,	59	,	6	,	4	,	96	,	0	>
<1181	,	59	,	6	,	5	,	96	,	2	>
<1182	,	59	,	6	,	7	,	96	,	0	>
<1183	,	59	,	8	,	1	,	97	,	0	>
<1184	,	59	,	8	,	3	,	97	,	2	>
<1185	,	59	,	8	,	4	,	97	,	0	>
<1186	,	59	,	8	,	5	,	97	,	2	>
<1187	,	59	,	8	,	7	,	97	,	0	>
<1188	,	59	,	9	,	1	,	96	,	0	>
<1189	,	59	,	9	,	3	,	96	,	2	>
<1190	,	59	,	9	,	4	,	96	,	0	>
<1191	,	59	,	9	,	5	,	96	,	2	>
<1192	,	59	,	9	,	7	,	96	,	0	>
<1193	,	60	,	1	,	1	,	90	,	0	>
<1194	,	60	,	1	,	3	,	90	,	1	>
<1195	,	60	,	1	,	4	,	90	,	0	>
<1196	,	60	,	1	,	5	,	90	,	1	>
<1197	,	60	,	1	,	7	,	90	,	0	>
<1198	,	60	,	3	,	1	,	96	,	0	>
<1199	,	60	,	3	,	3	,	96	,	2	>
<1200	,	60	,	3	,	4	,	96	,	0	>
<1201	,	60	,	3	,	5	,	96	,	2	>
<1202	,	60	,	3	,	7	,	96	,	0	>
<1203	,	60	,	4	,	1	,	95	,	0	>
<1204	,	60	,	4	,	3	,	95	,	2	>
<1205	,	60	,	4	,	4	,	95	,	0	>
<1206	,	60	,	4	,	5	,	95	,	2	>
<1207	,	60	,	4	,	7	,	95	,	0	>
<1208	,	60	,	6	,	1	,	96	,	0	>
<1209	,	60	,	6	,	3	,	96	,	2	>
<1210	,	60	,	6	,	4	,	96	,	0	>
<1211	,	60	,	6	,	5	,	96	,	2	>
<1212	,	60	,	6	,	7	,	96	,	0	>
<1213	,	60	,	7	,	1	,	83	,	0	>
<1214	,	60	,	7	,	3	,	83	,	1	>
<1215	,	60	,	7	,	4	,	83	,	0	>
<1216	,	60	,	7	,	5	,	83	,	1	>
<1217	,	60	,	7	,	7	,	83	,	0	>
<1218	,	60	,	10	,	1	,	83	,	0	>
<1219	,	60	,	10	,	3	,	83	,	1	>
<1220	,	60	,	10	,	4	,	83	,	0	>
<1221	,	60	,	10	,	5	,	83	,	1	>
<1222	,	60	,	10	,	7	,	83	,	0	>
<1223	,	61	,	4	,	1	,	67	,	0	>
<1224	,	61	,	4	,	3	,	67	,	2	>
<1225	,	61	,	4	,	4	,	67	,	0	>
<1226	,	61	,	4	,	5	,	67	,	2	>
<1227	,	61	,	6	,	1	,	39	,	0	>
<1228	,	61	,	6	,	3	,	39	,	1	>
<1229	,	61	,	6	,	4	,	39	,	0	>
<1230	,	61	,	6	,	5	,	39	,	1	>
<1231	,	61	,	8	,	1	,	28	,	0	>
<1232	,	61	,	8	,	3	,	28	,	1	>
<1233	,	61	,	8	,	4	,	28	,	0	>
<1234	,	61	,	8	,	5	,	28	,	1	>
<1235	,	62	,	2	,	1	,	83	,	0	>
<1236	,	62	,	2	,	5	,	83	,	2	>
<1237	,	62	,	2	,	6	,	83	,	0	>
<1238	,	62	,	2	,	7	,	83	,	2	>
<1239	,	62	,	3	,	1	,	47	,	0	>
<1240	,	62	,	3	,	5	,	47	,	1	>
<1241	,	62	,	3	,	6	,	47	,	0	>
<1242	,	62	,	3	,	7	,	47	,	1	>
<1243	,	62	,	5	,	1	,	76	,	0	>
<1244	,	62	,	5	,	5	,	76	,	2	>
<1245	,	62	,	5	,	6	,	76	,	0	>
<1246	,	62	,	5	,	7	,	76	,	2	>
<1247	,	62	,	7	,	1	,	83	,	0	>
<1248	,	62	,	7	,	5	,	83	,	2	>
<1249	,	62	,	7	,	6	,	83	,	0	>
<1250	,	62	,	7	,	7	,	83	,	2	>
<1251	,	62	,	8	,	1	,	96	,	0	>
<1252	,	62	,	8	,	5	,	96	,	3	>
<1253	,	62	,	8	,	6	,	96	,	0	>
<1254	,	62	,	8	,	7	,	96	,	3	>
<1255	,	62	,	10	,	1	,	94	,	0	>
<1256	,	62	,	10	,	5	,	94	,	3	>
<1257	,	62	,	10	,	6	,	94	,	0	>
<1258	,	62	,	10	,	7	,	94	,	3	>
<1259	,	63	,	1	,	1	,	33	,	0	>
<1260	,	63	,	1	,	2	,	33	,	2	>
<1261	,	63	,	1	,	7	,	33	,	0	>
<1262	,	63	,	5	,	1	,	98	,	0	>
<1263	,	63	,	5	,	2	,	98	,	5	>
<1264	,	63	,	5	,	7	,	98	,	0	>
<1265	,	63	,	6	,	1	,	74	,	0	>
<1266	,	63	,	6	,	2	,	74	,	4	>
<1267	,	63	,	6	,	7	,	74	,	0	>
<1268	,	63	,	9	,	1	,	50	,	0	>
<1269	,	63	,	9	,	2	,	50	,	3	>
<1270	,	63	,	9	,	7	,	50	,	0	>
<1271	,	64	,	1	,	2	,	11	,	0	>
<1272	,	64	,	1	,	4	,	11	,	1	>
<1273	,	64	,	1	,	7	,	11	,	0	>
<1274	,	64	,	3	,	2	,	24	,	0	>
<1275	,	64	,	3	,	4	,	24	,	1	>
<1276	,	64	,	3	,	7	,	24	,	0	>
<1277	,	64	,	5	,	2	,	22	,	0	>
<1278	,	64	,	5	,	4	,	22	,	1	>
<1279	,	64	,	5	,	7	,	22	,	0	>
<1280	,	64	,	6	,	2	,	13	,	0	>
<1281	,	64	,	6	,	4	,	13	,	1	>
<1282	,	64	,	6	,	7	,	13	,	0	>
<1283	,	65	,	1	,	1	,	99	,	0	>
<1284	,	65	,	1	,	4	,	99	,	2	>
<1285	,	65	,	1	,	5	,	99	,	0	>
<1286	,	65	,	1	,	6	,	99	,	2	>
<1287	,	65	,	1	,	7	,	99	,	0	>
<1288	,	65	,	2	,	1	,	82	,	0	>
<1289	,	65	,	2	,	4	,	82	,	1	>
<1290	,	65	,	2	,	5	,	82	,	0	>
<1291	,	65	,	2	,	6	,	82	,	1	>
<1292	,	65	,	2	,	7	,	82	,	0	>
<1293	,	65	,	3	,	1	,	84	,	0	>
<1294	,	65	,	3	,	4	,	84	,	1	>
<1295	,	65	,	3	,	5	,	84	,	0	>
<1296	,	65	,	3	,	6	,	84	,	1	>
<1297	,	65	,	3	,	7	,	84	,	0	>
<1298	,	65	,	5	,	1	,	89	,	0	>
<1299	,	65	,	5	,	4	,	89	,	1	>
<1300	,	65	,	5	,	5	,	89	,	0	>
<1301	,	65	,	5	,	6	,	89	,	1	>
<1302	,	65	,	5	,	7	,	89	,	0	>
<1303	,	65	,	8	,	1	,	88	,	0	>
<1304	,	65	,	8	,	4	,	88	,	1	>
<1305	,	65	,	8	,	5	,	88	,	0	>
<1306	,	65	,	8	,	6	,	88	,	1	>
<1307	,	65	,	8	,	7	,	88	,	0	>
<1308	,	65	,	9	,	1	,	93	,	0	>
<1309	,	65	,	9	,	4	,	93	,	1	>
<1310	,	65	,	9	,	5	,	93	,	0	>
<1311	,	65	,	9	,	6	,	93	,	1	>
<1312	,	65	,	9	,	7	,	93	,	0	>
<1313	,	65	,	10	,	1	,	94	,	0	>
<1314	,	65	,	10	,	4	,	94	,	2	>
<1315	,	65	,	10	,	5	,	94	,	0	>
<1316	,	65	,	10	,	6	,	94	,	2	>
<1317	,	65	,	10	,	7	,	94	,	0	>
<1318	,	66	,	7	,	2	,	18	,	0	>
<1319	,	66	,	7	,	4	,	18	,	1	>
<1320	,	66	,	7	,	5	,	18	,	0	>
<1321	,	66	,	7	,	6	,	18	,	1	>
<1322	,	66	,	9	,	2	,	16	,	0	>
<1323	,	66	,	9	,	4	,	16	,	0	>
<1324	,	66	,	9	,	5	,	16	,	0	>
<1325	,	66	,	9	,	6	,	16	,	0	>
<1326	,	66	,	10	,	2	,	6	,	0	>
<1327	,	66	,	10	,	4	,	6	,	0	>
<1328	,	66	,	10	,	5	,	6	,	0	>
<1329	,	66	,	10	,	6	,	6	,	0	>
<1330	,	67	,	2	,	2	,	58	,	0	>
<1331	,	67	,	2	,	4	,	58	,	3	>
<1332	,	67	,	2	,	6	,	58	,	0	>
<1333	,	67	,	3	,	2	,	91	,	0	>
<1334	,	67	,	3	,	4	,	91	,	5	>
<1335	,	67	,	3	,	6	,	91	,	0	>
<1336	,	67	,	4	,	2	,	87	,	0	>
<1337	,	67	,	4	,	4	,	87	,	5	>
<1338	,	67	,	4	,	6	,	87	,	0	>
<1339	,	67	,	7	,	2	,	96	,	0	>
<1340	,	67	,	7	,	4	,	96	,	5	>
<1341	,	67	,	7	,	6	,	96	,	0	>
<1342	,	67	,	10	,	2	,	82	,	0	>
<1343	,	67	,	10	,	4	,	82	,	4	>
<1344	,	67	,	10	,	6	,	82	,	0	>
<1345	,	68	,	2	,	1	,	59	,	0	>
<1346	,	68	,	2	,	6	,	59	,	3	>
<1347	,	68	,	2	,	7	,	59	,	0	>
<1348	,	68	,	4	,	1	,	30	,	0	>
<1349	,	68	,	4	,	6	,	30	,	2	>
<1350	,	68	,	4	,	7	,	30	,	0	>
<1351	,	68	,	7	,	1	,	62	,	0	>
<1352	,	68	,	7	,	6	,	62	,	3	>
<1353	,	68	,	7	,	7	,	62	,	0	>
<1354	,	68	,	8	,	1	,	46	,	0	>
<1355	,	68	,	8	,	6	,	46	,	2	>
<1356	,	68	,	8	,	7	,	46	,	0	>
<1357	,	68	,	10	,	1	,	26	,	0	>
<1358	,	68	,	10	,	6	,	26	,	1	>
<1359	,	68	,	10	,	7	,	26	,	0	>
<1360	,	69	,	3	,	1	,	89	,	0	>
<1361	,	69	,	3	,	2	,	89	,	3	>
<1362	,	69	,	3	,	5	,	89	,	0	>
<1363	,	69	,	3	,	7	,	89	,	3	>
<1364	,	69	,	5	,	1	,	99	,	0	>
<1365	,	69	,	5	,	2	,	99	,	3	>
<1366	,	69	,	5	,	5	,	99	,	0	>
<1367	,	69	,	5	,	7	,	99	,	3	>
<1368	,	69	,	7	,	1	,	75	,	0	>
<1369	,	69	,	7	,	2	,	75	,	2	>
<1370	,	69	,	7	,	5	,	75	,	0	>
<1371	,	69	,	7	,	7	,	75	,	2	>
<1372	,	70	,	2	,	1	,	97	,	0	>
<1373	,	70	,	2	,	3	,	97	,	5	>
<1374	,	70	,	2	,	6	,	97	,	0	>
<1375	,	70	,	7	,	1	,	64	,	0	>
<1376	,	70	,	7	,	3	,	64	,	3	>
<1377	,	70	,	7	,	6	,	64	,	0	>
<1378	,	70	,	8	,	1	,	63	,	0	>
<1379	,	70	,	8	,	3	,	63	,	3	>
<1380	,	70	,	8	,	6	,	63	,	0	>
<1381	,	70	,	10	,	1	,	69	,	0	>
<1382	,	70	,	10	,	3	,	69	,	4	>
<1383	,	70	,	10	,	6	,	69	,	0	>
<1384	,	71	,	2	,	1	,	49	,	0	>
<1385	,	71	,	2	,	5	,	49	,	1	>
<1386	,	71	,	2	,	6	,	49	,	0	>
<1387	,	71	,	2	,	7	,	49	,	1	>
<1388	,	71	,	3	,	1	,	55	,	0	>
<1389	,	71	,	3	,	5	,	55	,	2	>
<1390	,	71	,	3	,	6	,	55	,	0	>
<1391	,	71	,	3	,	7	,	55	,	2	>
<1392	,	71	,	5	,	1	,	74	,	0	>
<1393	,	71	,	5	,	5	,	74	,	2	>
<1394	,	71	,	5	,	6	,	74	,	0	>
<1395	,	71	,	5	,	7	,	74	,	2	>
<1396	,	71	,	9	,	1	,	77	,	0	>
<1397	,	71	,	9	,	5	,	77	,	2	>
<1398	,	71	,	9	,	6	,	77	,	0	>
<1399	,	71	,	9	,	7	,	77	,	2	>
<1400	,	72	,	1	,	1	,	80	,	0	>
<1401	,	72	,	1	,	2	,	80	,	1	>
<1402	,	72	,	1	,	3	,	80	,	0	>
<1403	,	72	,	1	,	4	,	80	,	1	>
<1404	,	72	,	1	,	5	,	80	,	0	>
<1405	,	72	,	5	,	1	,	73	,	0	>
<1406	,	72	,	5	,	2	,	73	,	1	>
<1407	,	72	,	5	,	3	,	73	,	0	>
<1408	,	72	,	5	,	4	,	73	,	1	>
<1409	,	72	,	5	,	5	,	73	,	0	>
<1410	,	72	,	8	,	1	,	65	,	0	>
<1411	,	72	,	8	,	2	,	65	,	1	>
<1412	,	72	,	8	,	3	,	65	,	0	>
<1413	,	72	,	8	,	4	,	65	,	1	>
<1414	,	72	,	8	,	5	,	65	,	0	>
<1415	,	72	,	9	,	1	,	91	,	0	>
<1416	,	72	,	9	,	2	,	91	,	1	>
<1417	,	72	,	9	,	3	,	91	,	0	>
<1418	,	72	,	9	,	4	,	91	,	1	>
<1419	,	72	,	9	,	5	,	91	,	0	>
<1420	,	73	,	2	,	1	,	54	,	0	>
<1421	,	73	,	2	,	3	,	54	,	3	>
<1422	,	73	,	2	,	7	,	54	,	0	>
<1423	,	73	,	6	,	1	,	54	,	0	>
<1424	,	73	,	6	,	3	,	54	,	3	>
<1425	,	73	,	6	,	7	,	54	,	0	>
<1426	,	73	,	7	,	1	,	66	,	0	>
<1427	,	73	,	7	,	3	,	66	,	4	>
<1428	,	73	,	7	,	7	,	66	,	0	>
<1429	,	73	,	8	,	1	,	85	,	0	>
<1430	,	73	,	8	,	3	,	85	,	5	>
<1431	,	73	,	8	,	7	,	85	,	0	>
<1432	,	73	,	10	,	1	,	93	,	0	>
<1433	,	73	,	10	,	3	,	93	,	5	>
<1434	,	73	,	10	,	7	,	93	,	0	>
<1435	,	74	,	1	,	1	,	88	,	0	>
<1436	,	74	,	1	,	3	,	88	,	1	>
<1437	,	74	,	1	,	4	,	88	,	0	>
<1438	,	74	,	1	,	6	,	88	,	1	>
<1439	,	74	,	1	,	7	,	88	,	0	>
<1440	,	74	,	3	,	1	,	95	,	0	>
<1441	,	74	,	3	,	3	,	95	,	2	>
<1442	,	74	,	3	,	4	,	95	,	0	>
<1443	,	74	,	3	,	6	,	95	,	2	>
<1444	,	74	,	3	,	7	,	95	,	0	>
<1445	,	74	,	4	,	1	,	82	,	0	>
<1446	,	74	,	4	,	3	,	82	,	1	>
<1447	,	74	,	4	,	4	,	82	,	0	>
<1448	,	74	,	4	,	6	,	82	,	1	>
<1449	,	74	,	4	,	7	,	82	,	0	>
<1450	,	74	,	6	,	1	,	98	,	0	>
<1451	,	74	,	6	,	3	,	98	,	2	>
<1452	,	74	,	6	,	4	,	98	,	0	>
<1453	,	74	,	6	,	6	,	98	,	2	>
<1454	,	74	,	6	,	7	,	98	,	0	>
<1455	,	74	,	7	,	1	,	85	,	0	>
<1456	,	74	,	7	,	3	,	85	,	1	>
<1457	,	74	,	7	,	4	,	85	,	0	>
<1458	,	74	,	7	,	6	,	85	,	1	>
<1459	,	74	,	7	,	7	,	85	,	0	>
<1460	,	74	,	8	,	1	,	82	,	0	>
<1461	,	74	,	8	,	3	,	82	,	1	>
<1462	,	74	,	8	,	4	,	82	,	0	>
<1463	,	74	,	8	,	6	,	82	,	1	>
<1464	,	74	,	8	,	7	,	82	,	0	>
<1465	,	75	,	1	,	1	,	79	,	0	>
<1466	,	75	,	1	,	3	,	79	,	2	>
<1467	,	75	,	1	,	4	,	79	,	0	>
<1468	,	75	,	1	,	7	,	79	,	2	>
<1469	,	75	,	2	,	1	,	69	,	0	>
<1470	,	75	,	2	,	3	,	69	,	2	>
<1471	,	75	,	2	,	4	,	69	,	0	>
<1472	,	75	,	2	,	7	,	69	,	2	>
<1473	,	75	,	4	,	1	,	30	,	0	>
<1474	,	75	,	4	,	3	,	30	,	1	>
<1475	,	75	,	4	,	4	,	30	,	0	>
<1476	,	75	,	4	,	7	,	30	,	1	>
<1477	,	75	,	5	,	1	,	56	,	0	>
<1478	,	75	,	5	,	3	,	56	,	2	>
<1479	,	75	,	5	,	4	,	56	,	0	>
<1480	,	75	,	5	,	7	,	56	,	2	>
<1481	,	75	,	7	,	1	,	47	,	0	>
<1482	,	75	,	7	,	3	,	47	,	1	>
<1483	,	75	,	7	,	4	,	47	,	0	>
<1484	,	75	,	7	,	7	,	47	,	1	>
<1485	,	75	,	10	,	1	,	89	,	0	>
<1486	,	75	,	10	,	3	,	89	,	3	>
<1487	,	75	,	10	,	4	,	89	,	0	>
<1488	,	75	,	10	,	7	,	89	,	3	>
<1489	,	76	,	4	,	2	,	25	,	0	>
<1490	,	76	,	4	,	3	,	25	,	0	>
<1491	,	76	,	4	,	4	,	25	,	0	>
<1492	,	76	,	4	,	5	,	25	,	0	>
<1493	,	76	,	4	,	6	,	25	,	0	>
<1494	,	76	,	8	,	2	,	48	,	0	>
<1495	,	76	,	8	,	3	,	48	,	1	>
<1496	,	76	,	8	,	4	,	48	,	0	>
<1497	,	76	,	8	,	5	,	48	,	1	>
<1498	,	76	,	8	,	6	,	48	,	0	>
<1499	,	76	,	9	,	2	,	17	,	0	>
<1500	,	76	,	9	,	3	,	17	,	0	>
<1501	,	76	,	9	,	4	,	17	,	0	>
<1502	,	76	,	9	,	5	,	17	,	0	>
<1503	,	76	,	9	,	6	,	17	,	0	>
<1504	,	76	,	10	,	2	,	19	,	0	>
<1505	,	76	,	10	,	3	,	19	,	0	>
<1506	,	76	,	10	,	4	,	19	,	0	>
<1507	,	76	,	10	,	5	,	19	,	0	>
<1508	,	76	,	10	,	6	,	19	,	0	>
<1509	,	77	,	1	,	2	,	76	,	0	>
<1510	,	77	,	1	,	6	,	76	,	4	>
<1511	,	77	,	1	,	7	,	76	,	0	>
<1512	,	77	,	3	,	2	,	89	,	0	>
<1513	,	77	,	3	,	6	,	89	,	5	>
<1514	,	77	,	3	,	7	,	89	,	0	>
<1515	,	77	,	4	,	2	,	60	,	0	>
<1516	,	77	,	4	,	6	,	60	,	3	>
<1517	,	77	,	4	,	7	,	60	,	0	>
<1518	,	77	,	6	,	2	,	72	,	0	>
<1519	,	77	,	6	,	6	,	72	,	4	>
<1520	,	77	,	6	,	7	,	72	,	0	>
<1521	,	77	,	7	,	2	,	65	,	0	>
<1522	,	77	,	7	,	6	,	65	,	3	>
<1523	,	77	,	7	,	7	,	65	,	0	>
<1524	,	77	,	8	,	2	,	55	,	0	>
<1525	,	77	,	8	,	6	,	55	,	3	>
<1526	,	77	,	8	,	7	,	55	,	0	>
<1527	,	77	,	10	,	2	,	44	,	0	>
<1528	,	77	,	10	,	6	,	44	,	2	>
<1529	,	77	,	10	,	7	,	44	,	0	>
<1530	,	78	,	2	,	1	,	94	,	0	>
<1531	,	78	,	2	,	2	,	94	,	2	>
<1532	,	78	,	2	,	3	,	94	,	0	>
<1533	,	78	,	2	,	5	,	94	,	2	>
<1534	,	78	,	2	,	7	,	94	,	0	>
<1535	,	78	,	3	,	1	,	94	,	0	>
<1536	,	78	,	3	,	2	,	94	,	2	>
<1537	,	78	,	3	,	3	,	94	,	0	>
<1538	,	78	,	3	,	5	,	94	,	2	>
<1539	,	78	,	3	,	7	,	94	,	0	>
<1540	,	78	,	5	,	1	,	82	,	0	>
<1541	,	78	,	5	,	2	,	82	,	1	>
<1542	,	78	,	5	,	3	,	82	,	0	>
<1543	,	78	,	5	,	5	,	82	,	1	>
<1544	,	78	,	5	,	7	,	82	,	0	>
<1545	,	78	,	6	,	1	,	87	,	0	>
<1546	,	78	,	6	,	2	,	87	,	1	>
<1547	,	78	,	6	,	3	,	87	,	0	>
<1548	,	78	,	6	,	5	,	87	,	1	>
<1549	,	78	,	6	,	7	,	87	,	0	>
<1550	,	78	,	7	,	1	,	87	,	0	>
<1551	,	78	,	7	,	2	,	87	,	1	>
<1552	,	78	,	7	,	3	,	87	,	0	>
<1553	,	78	,	7	,	5	,	87	,	1	>
<1554	,	78	,	7	,	7	,	87	,	0	>
<1555	,	79	,	1	,	1	,	32	,	0	>
<1556	,	79	,	1	,	3	,	32	,	2	>
<1557	,	79	,	1	,	6	,	32	,	0	>
<1558	,	79	,	2	,	1	,	72	,	0	>
<1559	,	79	,	2	,	3	,	72	,	4	>
<1560	,	79	,	2	,	6	,	72	,	0	>
<1561	,	79	,	4	,	1	,	75	,	0	>
<1562	,	79	,	4	,	3	,	75	,	4	>
<1563	,	79	,	4	,	6	,	75	,	0	>
<1564	,	79	,	8	,	1	,	59	,	0	>
<1565	,	79	,	8	,	3	,	59	,	3	>
<1566	,	79	,	8	,	6	,	59	,	0	>
<1567	,	79	,	9	,	1	,	58	,	0	>
<1568	,	79	,	9	,	3	,	58	,	3	>
<1569	,	79	,	9	,	6	,	58	,	0	>
<1570	,	80	,	1	,	1	,	75	,	0	>
<1571	,	80	,	1	,	3	,	75	,	2	>
<1572	,	80	,	1	,	6	,	75	,	0	>
<1573	,	80	,	1	,	7	,	75	,	2	>
<1574	,	80	,	2	,	1	,	81	,	0	>
<1575	,	80	,	2	,	3	,	81	,	2	>
<1576	,	80	,	2	,	6	,	81	,	0	>
<1577	,	80	,	2	,	7	,	81	,	2	>
<1578	,	80	,	6	,	1	,	72	,	0	>
<1579	,	80	,	6	,	3	,	72	,	2	>
<1580	,	80	,	6	,	6	,	72	,	0	>
<1581	,	80	,	6	,	7	,	72	,	2	>
<1582	,	80	,	7	,	1	,	95	,	0	>
<1583	,	80	,	7	,	3	,	95	,	3	>
<1584	,	80	,	7	,	6	,	95	,	0	>
<1585	,	80	,	7	,	7	,	95	,	3	>
<1586	,	80	,	8	,	1	,	77	,	0	>
<1587	,	80	,	8	,	3	,	77	,	2	>
<1588	,	80	,	8	,	6	,	77	,	0	>
<1589	,	80	,	8	,	7	,	77	,	2	>
<1590	,	80	,	9	,	1	,	88	,	0	>
<1591	,	80	,	9	,	3	,	88	,	3	>
<1592	,	80	,	9	,	6	,	88	,	0	>
<1593	,	80	,	9	,	7	,	88	,	3	>
<1594	,	81	,	1	,	2	,	47	,	0	>
<1595	,	81	,	1	,	4	,	47	,	1	>
<1596	,	81	,	1	,	5	,	47	,	0	>
<1597	,	81	,	1	,	7	,	47	,	1	>
<1598	,	81	,	2	,	2	,	29	,	0	>
<1599	,	81	,	2	,	4	,	29	,	1	>
<1600	,	81	,	2	,	5	,	29	,	0	>
<1601	,	81	,	2	,	7	,	29	,	1	>
<1602	,	81	,	10	,	2	,	18	,	0	>
<1603	,	81	,	10	,	4	,	18	,	1	>
<1604	,	81	,	10	,	5	,	18	,	0	>
<1605	,	81	,	10	,	7	,	18	,	1	>
<1606	,	82	,	1	,	2	,	98	,	0	>
<1607	,	82	,	1	,	3	,	98	,	5	>
<1608	,	82	,	1	,	6	,	98	,	0	>
<1609	,	82	,	2	,	2	,	95	,	0	>
<1610	,	82	,	2	,	3	,	95	,	5	>
<1611	,	82	,	2	,	6	,	95	,	0	>
<1612	,	82	,	5	,	2	,	97	,	0	>
<1613	,	82	,	5	,	3	,	97	,	5	>
<1614	,	82	,	5	,	6	,	97	,	0	>
<1615	,	82	,	6	,	2	,	92	,	0	>
<1616	,	82	,	6	,	3	,	92	,	5	>
<1617	,	82	,	6	,	6	,	92	,	0	>
<1618	,	82	,	8	,	2	,	92	,	0	>
<1619	,	82	,	8	,	3	,	92	,	5	>
<1620	,	82	,	8	,	6	,	92	,	0	>
<1621	,	82	,	9	,	2	,	92	,	0	>
<1622	,	82	,	9	,	3	,	92	,	5	>
<1623	,	82	,	9	,	6	,	92	,	0	>
<1624	,	83	,	1	,	5	,	81	,	0	>
<1625	,	83	,	1	,	6	,	81	,	4	>
<1626	,	83	,	1	,	7	,	81	,	0	>
<1627	,	83	,	5	,	5	,	94	,	0	>
<1628	,	83	,	5	,	6	,	94	,	5	>
<1629	,	83	,	5	,	7	,	94	,	0	>
<1630	,	83	,	7	,	5	,	85	,	0	>
<1631	,	83	,	7	,	6	,	85	,	5	>
<1632	,	83	,	7	,	7	,	85	,	0	>
<1633	,	84	,	2	,	1	,	93	,	0	>
<1634	,	84	,	2	,	2	,	93	,	1	>
<1635	,	84	,	2	,	3	,	93	,	0	>
<1636	,	84	,	2	,	4	,	93	,	1	>
<1637	,	84	,	2	,	7	,	93	,	0	>
<1638	,	84	,	5	,	1	,	49	,	0	>
<1639	,	84	,	5	,	2	,	49	,	1	>
<1640	,	84	,	5	,	3	,	49	,	0	>
<1641	,	84	,	5	,	4	,	49	,	1	>
<1642	,	84	,	5	,	7	,	49	,	0	>
<1643	,	84	,	6	,	1	,	54	,	0	>
<1644	,	84	,	6	,	2	,	54	,	1	>
<1645	,	84	,	6	,	3	,	54	,	0	>
<1646	,	84	,	6	,	4	,	54	,	1	>
<1647	,	84	,	6	,	7	,	54	,	0	>
<1648	,	84	,	7	,	1	,	49	,	0	>
<1649	,	84	,	7	,	2	,	49	,	1	>
<1650	,	84	,	7	,	3	,	49	,	0	>
<1651	,	84	,	7	,	4	,	49	,	1	>
<1652	,	84	,	7	,	7	,	49	,	0	>
<1653	,	84	,	8	,	1	,	86	,	0	>
<1654	,	84	,	8	,	2	,	86	,	1	>
<1655	,	84	,	8	,	3	,	86	,	0	>
<1656	,	84	,	8	,	4	,	86	,	1	>
<1657	,	84	,	8	,	7	,	86	,	0	>
<1658	,	85	,	3	,	1	,	66	,	0	>
<1659	,	85	,	3	,	3	,	66	,	2	>
<1660	,	85	,	3	,	5	,	66	,	0	>
<1661	,	85	,	3	,	6	,	66	,	2	>
<1662	,	85	,	6	,	1	,	71	,	0	>
<1663	,	85	,	6	,	3	,	71	,	2	>
<1664	,	85	,	6	,	5	,	71	,	0	>
<1665	,	85	,	6	,	6	,	71	,	2	>
<1666	,	85	,	8	,	1	,	89	,	0	>
<1667	,	85	,	8	,	3	,	89	,	3	>
<1668	,	85	,	8	,	5	,	89	,	0	>
<1669	,	85	,	8	,	6	,	89	,	3	>
<1670	,	85	,	9	,	1	,	87	,	0	>
<1671	,	85	,	9	,	3	,	87	,	3	>
<1672	,	85	,	9	,	5	,	87	,	0	>
<1673	,	85	,	9	,	6	,	87	,	3	>
<1674	,	86	,	1	,	1	,	91	,	0	>
<1675	,	86	,	1	,	6	,	91	,	5	>
<1676	,	86	,	1	,	7	,	91	,	0	>
<1677	,	86	,	4	,	1	,	94	,	0	>
<1678	,	86	,	4	,	6	,	94	,	5	>
<1679	,	86	,	4	,	7	,	94	,	0	>
<1680	,	86	,	8	,	1	,	89	,	0	>
<1681	,	86	,	8	,	6	,	89	,	5	>
<1682	,	86	,	8	,	7	,	89	,	0	>
<1683	,	86	,	9	,	1	,	89	,	0	>
<1684	,	86	,	9	,	6	,	89	,	5	>
<1685	,	86	,	9	,	7	,	89	,	0	>
<1686	,	86	,	10	,	1	,	77	,	0	>
<1687	,	86	,	10	,	6	,	77	,	4	>
<1688	,	86	,	10	,	7	,	77	,	0	>
<1689	,	87	,	4	,	2	,	88	,	0	>
<1690	,	87	,	4	,	3	,	88	,	1	>
<1691	,	87	,	4	,	4	,	88	,	0	>
<1692	,	87	,	4	,	5	,	88	,	1	>
<1693	,	87	,	4	,	6	,	88	,	0	>
<1694	,	87	,	5	,	2	,	84	,	0	>
<1695	,	87	,	5	,	3	,	84	,	1	>
<1696	,	87	,	5	,	4	,	84	,	0	>
<1697	,	87	,	5	,	5	,	84	,	1	>
<1698	,	87	,	5	,	6	,	84	,	0	>
<1699	,	87	,	8	,	2	,	88	,	0	>
<1700	,	87	,	8	,	3	,	88	,	1	>
<1701	,	87	,	8	,	4	,	88	,	0	>
<1702	,	87	,	8	,	5	,	88	,	1	>
<1703	,	87	,	8	,	6	,	88	,	0	>
<1704	,	87	,	9	,	2	,	84	,	0	>
<1705	,	87	,	9	,	3	,	84	,	1	>
<1706	,	87	,	9	,	4	,	84	,	0	>
<1707	,	87	,	9	,	5	,	84	,	1	>
<1708	,	87	,	9	,	6	,	84	,	0	>
<1709	,	88	,	3	,	2	,	81	,	0	>
<1710	,	88	,	3	,	6	,	81	,	4	>
<1711	,	88	,	3	,	7	,	81	,	0	>
<1712	,	88	,	6	,	2	,	93	,	0	>
<1713	,	88	,	6	,	6	,	93	,	5	>
<1714	,	88	,	6	,	7	,	93	,	0	>
<1715	,	88	,	9	,	2	,	77	,	0	>
<1716	,	88	,	9	,	6	,	77	,	4	>
<1717	,	88	,	9	,	7	,	77	,	0	>
<1718	,	89	,	1	,	3	,	82	,	0	>
<1719	,	89	,	1	,	4	,	82	,	4	>
<1720	,	89	,	1	,	6	,	82	,	0	>
<1721	,	89	,	2	,	3	,	38	,	0	>
<1722	,	89	,	2	,	4	,	38	,	2	>
<1723	,	89	,	2	,	6	,	38	,	0	>
<1724	,	89	,	4	,	3	,	88	,	0	>
<1725	,	89	,	4	,	4	,	88	,	5	>
<1726	,	89	,	4	,	6	,	88	,	0	>
<1727	,	89	,	6	,	3	,	37	,	0	>
<1728	,	89	,	6	,	4	,	37	,	2	>
<1729	,	89	,	6	,	6	,	37	,	0	>
<1730	,	89	,	7	,	3	,	72	,	0	>
<1731	,	89	,	7	,	4	,	72	,	4	>
<1732	,	89	,	7	,	6	,	72	,	0	>
<1733	,	89	,	8	,	3	,	71	,	0	>
<1734	,	89	,	8	,	4	,	71	,	4	>
<1735	,	89	,	8	,	6	,	71	,	0	>
<1736	,	90	,	1	,	3	,	84	,	0	>
<1737	,	90	,	1	,	4	,	84	,	4	>
<1738	,	90	,	1	,	7	,	84	,	0	>
<1739	,	90	,	2	,	3	,	46	,	0	>
<1740	,	90	,	2	,	4	,	46	,	2	>
<1741	,	90	,	2	,	7	,	46	,	0	>
<1742	,	90	,	3	,	3	,	70	,	0	>
<1743	,	90	,	3	,	4	,	70	,	4	>
<1744	,	90	,	3	,	7	,	70	,	0	>
<1745	,	90	,	6	,	3	,	87	,	0	>
<1746	,	90	,	6	,	4	,	87	,	5	>
<1747	,	90	,	6	,	7	,	87	,	0	>
<1748	,	90	,	7	,	3	,	68	,	0	>
<1749	,	90	,	7	,	4	,	68	,	4	>
<1750	,	90	,	7	,	7	,	68	,	0	>
<1751	,	91	,	3	,	1	,	86	,	0	>
<1752	,	91	,	3	,	3	,	86	,	3	>
<1753	,	91	,	3	,	5	,	86	,	0	>
<1754	,	91	,	3	,	6	,	86	,	3	>
<1755	,	91	,	4	,	1	,	96	,	0	>
<1756	,	91	,	4	,	3	,	96	,	3	>
<1757	,	91	,	4	,	5	,	96	,	0	>
<1758	,	91	,	4	,	6	,	96	,	3	>
<1759	,	91	,	7	,	1	,	66	,	0	>
<1760	,	91	,	7	,	3	,	66	,	2	>
<1761	,	91	,	7	,	5	,	66	,	0	>
<1762	,	91	,	7	,	6	,	66	,	2	>
<1763	,	91	,	9	,	1	,	71	,	0	>
<1764	,	91	,	9	,	3	,	71	,	2	>
<1765	,	91	,	9	,	5	,	71	,	0	>
<1766	,	91	,	9	,	6	,	71	,	2	>
<1767	,	92	,	5	,	2	,	35	,	0	>
<1768	,	92	,	5	,	3	,	35	,	1	>
<1769	,	92	,	5	,	4	,	35	,	0	>
<1770	,	92	,	5	,	6	,	35	,	1	>
<1771	,	92	,	5	,	7	,	35	,	0	>
<1772	,	92	,	8	,	2	,	35	,	0	>
<1773	,	92	,	8	,	3	,	35	,	1	>
<1774	,	92	,	8	,	4	,	35	,	0	>
<1775	,	92	,	8	,	6	,	35	,	1	>
<1776	,	92	,	8	,	7	,	35	,	0	>
<1777	,	92	,	9	,	2	,	39	,	0	>
<1778	,	92	,	9	,	3	,	39	,	1	>
<1779	,	92	,	9	,	4	,	39	,	0	>
<1780	,	92	,	9	,	6	,	39	,	1	>
<1781	,	92	,	9	,	7	,	39	,	0	>
<1782	,	93	,	2	,	1	,	13	,	0	>
<1783	,	93	,	2	,	5	,	13	,	0	>
<1784	,	93	,	2	,	6	,	13	,	0	>
<1785	,	93	,	2	,	7	,	13	,	0	>
<1786	,	93	,	7	,	1	,	24	,	0	>
<1787	,	93	,	7	,	5	,	24	,	1	>
<1788	,	93	,	7	,	6	,	24	,	0	>
<1789	,	93	,	7	,	7	,	24	,	1	>
<1790	,	93	,	8	,	1	,	24	,	0	>
<1791	,	93	,	8	,	5	,	24	,	1	>
<1792	,	93	,	8	,	6	,	24	,	0	>
<1793	,	93	,	8	,	7	,	24	,	1	>
<1794	,	94	,	2	,	1	,	93	,	0	>
<1795	,	94	,	2	,	2	,	93	,	3	>
<1796	,	94	,	2	,	4	,	93	,	0	>
<1797	,	94	,	2	,	7	,	93	,	3	>
<1798	,	94	,	6	,	1	,	68	,	0	>
<1799	,	94	,	6	,	2	,	68	,	2	>
<1800	,	94	,	6	,	4	,	68	,	0	>
<1801	,	94	,	6	,	7	,	68	,	2	>
<1802	,	94	,	7	,	1	,	55	,	0	>
<1803	,	94	,	7	,	2	,	55	,	2	>
<1804	,	94	,	7	,	4	,	55	,	0	>
<1805	,	94	,	7	,	7	,	55	,	2	>
<1806	,	94	,	8	,	1	,	62	,	0	>
<1807	,	94	,	8	,	2	,	62	,	2	>
<1808	,	94	,	8	,	4	,	62	,	0	>
<1809	,	94	,	8	,	7	,	62	,	2	>
<1810	,	94	,	10	,	1	,	78	,	0	>
<1811	,	94	,	10	,	2	,	78	,	2	>
<1812	,	94	,	10	,	4	,	78	,	0	>
<1813	,	94	,	10	,	7	,	78	,	2	>
<1814	,	95	,	2	,	1	,	99	,	0	>
<1815	,	95	,	2	,	2	,	99	,	2	>
<1816	,	95	,	2	,	4	,	99	,	0	>
<1817	,	95	,	2	,	6	,	99	,	2	>
<1818	,	95	,	2	,	7	,	99	,	0	>
<1819	,	95	,	3	,	1	,	74	,	0	>
<1820	,	95	,	3	,	2	,	74	,	1	>
<1821	,	95	,	3	,	4	,	74	,	0	>
<1822	,	95	,	3	,	6	,	74	,	1	>
<1823	,	95	,	3	,	7	,	74	,	0	>
<1824	,	95	,	8	,	1	,	80	,	0	>
<1825	,	95	,	8	,	2	,	80	,	1	>
<1826	,	95	,	8	,	4	,	80	,	0	>
<1827	,	95	,	8	,	6	,	80	,	1	>
<1828	,	95	,	8	,	7	,	80	,	0	>
<1829	,	95	,	9	,	1	,	93	,	0	>
<1830	,	95	,	9	,	2	,	93	,	1	>
<1831	,	95	,	9	,	4	,	93	,	0	>
<1832	,	95	,	9	,	6	,	93	,	1	>
<1833	,	95	,	9	,	7	,	93	,	0	>
<1834	,	95	,	10	,	1	,	79	,	0	>
<1835	,	95	,	10	,	2	,	79	,	1	>
<1836	,	95	,	10	,	4	,	79	,	0	>
<1837	,	95	,	10	,	6	,	79	,	1	>
<1838	,	95	,	10	,	7	,	79	,	0	>
<1839	,	96	,	5	,	1	,	50	,	0	>
<1840	,	96	,	5	,	5	,	50	,	3	>
<1841	,	96	,	5	,	7	,	50	,	0	>
<1842	,	96	,	6	,	1	,	63	,	0	>
<1843	,	96	,	6	,	5	,	63	,	3	>
<1844	,	96	,	6	,	7	,	63	,	0	>
<1845	,	96	,	8	,	1	,	70	,	0	>
<1846	,	96	,	8	,	5	,	70	,	4	>
<1847	,	96	,	8	,	7	,	70	,	0	>
<1848	,	97	,	2	,	2	,	45	,	0	>
<1849	,	97	,	2	,	3	,	45	,	2	>
<1850	,	97	,	2	,	7	,	45	,	0	>
<1851	,	97	,	3	,	2	,	60	,	0	>
<1852	,	97	,	3	,	3	,	60	,	3	>
<1853	,	97	,	3	,	7	,	60	,	0	>
<1854	,	97	,	4	,	2	,	68	,	0	>
<1855	,	97	,	4	,	3	,	68	,	4	>
<1856	,	97	,	4	,	7	,	68	,	0	>
<1857	,	97	,	7	,	2	,	28	,	0	>
<1858	,	97	,	7	,	3	,	28	,	1	>
<1859	,	97	,	7	,	7	,	28	,	0	>
<1860	,	97	,	8	,	2	,	66	,	0	>
<1861	,	97	,	8	,	3	,	66	,	4	>
<1862	,	97	,	8	,	7	,	66	,	0	>
<1863	,	97	,	9	,	2	,	24	,	0	>
<1864	,	97	,	9	,	3	,	24	,	1	>
<1865	,	97	,	9	,	7	,	24	,	0	>
<1866	,	98	,	1	,	1	,	69	,	0	>
<1867	,	98	,	1	,	4	,	69	,	1	>
<1868	,	98	,	1	,	5	,	69	,	0	>
<1869	,	98	,	1	,	6	,	69	,	1	>
<1870	,	98	,	1	,	7	,	69	,	0	>
<1871	,	98	,	3	,	1	,	86	,	0	>
<1872	,	98	,	3	,	4	,	86	,	1	>
<1873	,	98	,	3	,	5	,	86	,	0	>
<1874	,	98	,	3	,	6	,	86	,	1	>
<1875	,	98	,	3	,	7	,	86	,	0	>
<1876	,	98	,	4	,	1	,	65	,	0	>
<1877	,	98	,	4	,	4	,	65	,	1	>
<1878	,	98	,	4	,	5	,	65	,	0	>
<1879	,	98	,	4	,	6	,	65	,	1	>
<1880	,	98	,	4	,	7	,	65	,	0	>
<1881	,	98	,	7	,	1	,	73	,	0	>
<1882	,	98	,	7	,	4	,	73	,	1	>
<1883	,	98	,	7	,	5	,	73	,	0	>
<1884	,	98	,	7	,	6	,	73	,	1	>
<1885	,	98	,	7	,	7	,	73	,	0	>
<1886	,	98	,	9	,	1	,	98	,	0	>
<1887	,	98	,	9	,	4	,	98	,	2	>
<1888	,	98	,	9	,	5	,	98	,	0	>
<1889	,	98	,	9	,	6	,	98	,	2	>
<1890	,	98	,	9	,	7	,	98	,	0	>
<1891	,	98	,	10	,	1	,	87	,	0	>
<1892	,	98	,	10	,	4	,	87	,	1	>
<1893	,	98	,	10	,	5	,	87	,	0	>
<1894	,	98	,	10	,	6	,	87	,	1	>
<1895	,	98	,	10	,	7	,	87	,	0	>
<1896	,	99	,	1	,	1	,	99	,	0	>
<1897	,	99	,	1	,	3	,	99	,	2	>
<1898	,	99	,	1	,	4	,	99	,	0	>
<1899	,	99	,	1	,	6	,	99	,	2	>
<1900	,	99	,	1	,	7	,	99	,	0	>
<1901	,	99	,	3	,	1	,	93	,	0	>
<1902	,	99	,	3	,	3	,	93	,	1	>
<1903	,	99	,	3	,	4	,	93	,	0	>
<1904	,	99	,	3	,	6	,	93	,	1	>
<1905	,	99	,	3	,	7	,	93	,	0	>
<1906	,	99	,	7	,	1	,	95	,	0	>
<1907	,	99	,	7	,	3	,	95	,	2	>
<1908	,	99	,	7	,	4	,	95	,	0	>
<1909	,	99	,	7	,	6	,	95	,	2	>
<1910	,	99	,	7	,	7	,	95	,	0	>
<1911	,	99	,	9	,	1	,	94	,	0	>
<1912	,	99	,	9	,	3	,	94	,	2	>
<1913	,	99	,	9	,	4	,	94	,	0	>
<1914	,	99	,	9	,	6	,	94	,	2	>
<1915	,	99	,	9	,	7	,	94	,	0	>
<1916	,	100	,	3	,	1	,	43	,	0	>
<1917	,	100	,	3	,	5	,	43	,	2	>
<1918	,	100	,	3	,	6	,	43	,	0	>
<1919	,	100	,	4	,	1	,	59	,	0	>
<1920	,	100	,	4	,	5	,	59	,	3	>
<1921	,	100	,	4	,	6	,	59	,	0	>
<1922	,	100	,	5	,	1	,	38	,	0	>
<1923	,	100	,	5	,	5	,	38	,	2	>
<1924	,	100	,	5	,	6	,	38	,	0	>
<1925	,	100	,	6	,	1	,	95	,	0	>
<1926	,	100	,	6	,	5	,	95	,	5	>
<1927	,	100	,	6	,	6	,	95	,	0	>
<1928	,	100	,	7	,	1	,	38	,	0	>
<1929	,	100	,	7	,	5	,	38	,	2	>
<1930	,	100	,	7	,	6	,	38	,	0	>
<1931	,	100	,	8	,	1	,	98	,	0	>
<1932	,	100	,	8	,	5	,	98	,	5	>
<1933	,	100	,	8	,	6	,	98	,	0	>
<1934	,	100	,	10	,	1	,	90	,	0	>
<1935	,	100	,	10	,	5	,	90	,	5	>
<1936	,	100	,	10	,	6	,	90	,	0	>
<1937	,	101	,	1	,	1	,	7	,	0	>
<1938	,	101	,	1	,	3	,	7	,	0	>
<1939	,	101	,	1	,	5	,	7	,	0	>
<1940	,	101	,	1	,	6	,	7	,	0	>
<1941	,	101	,	1	,	7	,	7	,	0	>
<1942	,	101	,	8	,	1	,	10	,	0	>
<1943	,	101	,	8	,	3	,	10	,	0	>
<1944	,	101	,	8	,	5	,	10	,	0	>
<1945	,	101	,	8	,	6	,	10	,	0	>
<1946	,	101	,	8	,	7	,	10	,	0	>
<1947	,	101	,	10	,	1	,	5	,	0	>
<1948	,	101	,	10	,	3	,	5	,	0	>
<1949	,	101	,	10	,	5	,	5	,	0	>
<1950	,	101	,	10	,	6	,	5	,	0	>
<1951	,	101	,	10	,	7	,	5	,	0	>
<1952	,	102	,	5	,	1	,	34	,	0	>
<1953	,	102	,	5	,	3	,	34	,	1	>
<1954	,	102	,	5	,	4	,	34	,	0	>
<1955	,	102	,	5	,	7	,	34	,	1	>
<1956	,	102	,	6	,	1	,	54	,	0	>
<1957	,	102	,	6	,	3	,	54	,	2	>
<1958	,	102	,	6	,	4	,	54	,	0	>
<1959	,	102	,	6	,	7	,	54	,	2	>
<1960	,	102	,	7	,	1	,	62	,	0	>
<1961	,	102	,	7	,	3	,	62	,	2	>
<1962	,	102	,	7	,	4	,	62	,	0	>
<1963	,	102	,	7	,	7	,	62	,	2	>
<1964	,	102	,	8	,	1	,	30	,	0	>
<1965	,	102	,	8	,	3	,	30	,	1	>
<1966	,	102	,	8	,	4	,	30	,	0	>
<1967	,	102	,	8	,	7	,	30	,	1	>
<1968	,	102	,	9	,	1	,	75	,	0	>
<1969	,	102	,	9	,	3	,	75	,	2	>
<1970	,	102	,	9	,	4	,	75	,	0	>
<1971	,	102	,	9	,	7	,	75	,	2	>
<1972	,	103	,	3	,	1	,	85	,	0	>
<1973	,	103	,	3	,	2	,	85	,	1	>
<1974	,	103	,	3	,	4	,	85	,	0	>
<1975	,	103	,	3	,	6	,	85	,	1	>
<1976	,	103	,	3	,	7	,	85	,	0	>
<1977	,	103	,	6	,	1	,	62	,	0	>
<1978	,	103	,	6	,	2	,	62	,	1	>
<1979	,	103	,	6	,	4	,	62	,	0	>
<1980	,	103	,	6	,	6	,	62	,	1	>
<1981	,	103	,	6	,	7	,	62	,	0	>
<1982	,	103	,	7	,	1	,	83	,	0	>
<1983	,	103	,	7	,	2	,	83	,	1	>
<1984	,	103	,	7	,	4	,	83	,	0	>
<1985	,	103	,	7	,	6	,	83	,	1	>
<1986	,	103	,	7	,	7	,	83	,	0	>
<1987	,	103	,	8	,	1	,	74	,	0	>
<1988	,	103	,	8	,	2	,	74	,	1	>
<1989	,	103	,	8	,	4	,	74	,	0	>
<1990	,	103	,	8	,	6	,	74	,	1	>
<1991	,	103	,	8	,	7	,	74	,	0	>
<1992	,	103	,	10	,	1	,	68	,	0	>
<1993	,	103	,	10	,	2	,	68	,	1	>
<1994	,	103	,	10	,	4	,	68	,	0	>
<1995	,	103	,	10	,	6	,	68	,	1	>
<1996	,	103	,	10	,	7	,	68	,	0	>
<1997	,	104	,	2	,	2	,	27	,	0	>
<1998	,	104	,	2	,	6	,	27	,	1	>
<1999	,	104	,	2	,	7	,	27	,	0	>
<2000	,	104	,	5	,	2	,	48	,	0	>
<2001	,	104	,	5	,	6	,	48	,	3	>
<2002	,	104	,	5	,	7	,	48	,	0	>
<2003	,	104	,	6	,	2	,	29	,	0	>
<2004	,	104	,	6	,	6	,	29	,	2	>
<2005	,	104	,	6	,	7	,	29	,	0	>
<2006	,	104	,	8	,	2	,	22	,	0	>
<2007	,	104	,	8	,	6	,	22	,	1	>
<2008	,	104	,	8	,	7	,	22	,	0	>
<2009	,	104	,	9	,	2	,	39	,	0	>
<2010	,	104	,	9	,	6	,	39	,	2	>
<2011	,	104	,	9	,	7	,	39	,	0	>
<2012	,	104	,	10	,	2	,	55	,	0	>
<2013	,	104	,	10	,	6	,	55	,	3	>
<2014	,	104	,	10	,	7	,	55	,	0	>
<2015	,	105	,	5	,	1	,	58	,	0	>
<2016	,	105	,	5	,	2	,	58	,	1	>
<2017	,	105	,	5	,	3	,	58	,	0	>
<2018	,	105	,	5	,	4	,	58	,	1	>
<2019	,	105	,	5	,	6	,	58	,	0	>
<2020	,	105	,	6	,	1	,	87	,	0	>
<2021	,	105	,	6	,	2	,	87	,	1	>
<2022	,	105	,	6	,	3	,	87	,	0	>
<2023	,	105	,	6	,	4	,	87	,	1	>
<2024	,	105	,	6	,	6	,	87	,	0	>
<2025	,	105	,	8	,	1	,	84	,	0	>
<2026	,	105	,	8	,	2	,	84	,	1	>
<2027	,	105	,	8	,	3	,	84	,	0	>
<2028	,	105	,	8	,	4	,	84	,	1	>
<2029	,	105	,	8	,	6	,	84	,	0	>
<2030	,	106	,	4	,	2	,	35	,	0	>
<2031	,	106	,	4	,	4	,	35	,	1	>
<2032	,	106	,	4	,	5	,	35	,	0	>
<2033	,	106	,	4	,	7	,	35	,	1	>
<2034	,	106	,	6	,	2	,	30	,	0	>
<2035	,	106	,	6	,	4	,	30	,	1	>
<2036	,	106	,	6	,	5	,	30	,	0	>
<2037	,	106	,	6	,	7	,	30	,	1	>
<2038	,	106	,	7	,	2	,	21	,	0	>
<2039	,	106	,	7	,	4	,	21	,	1	>
<2040	,	106	,	7	,	5	,	21	,	0	>
<2041	,	106	,	7	,	7	,	21	,	1	>
<2042	,	107	,	2	,	1	,	42	,	0	>
<2043	,	107	,	2	,	2	,	42	,	1	>
<2044	,	107	,	2	,	3	,	42	,	0	>
<2045	,	107	,	2	,	5	,	42	,	1	>
<2046	,	107	,	2	,	7	,	42	,	0	>
<2047	,	107	,	7	,	1	,	50	,	0	>
<2048	,	107	,	7	,	2	,	50	,	1	>
<2049	,	107	,	7	,	3	,	50	,	0	>
<2050	,	107	,	7	,	5	,	50	,	1	>
<2051	,	107	,	7	,	7	,	50	,	0	>
<2052	,	107	,	8	,	1	,	18	,	0	>
<2053	,	107	,	8	,	2	,	18	,	0	>
<2054	,	107	,	8	,	3	,	18	,	0	>
<2055	,	107	,	8	,	5	,	18	,	0	>
<2056	,	107	,	8	,	7	,	18	,	0	>
<2057	,	107	,	10	,	1	,	29	,	0	>
<2058	,	107	,	10	,	2	,	29	,	0	>
<2059	,	107	,	10	,	3	,	29	,	0	>
<2060	,	107	,	10	,	5	,	29	,	0	>
<2061	,	107	,	10	,	7	,	29	,	0	>
<2062	,	108	,	4	,	2	,	28	,	0	>
<2063	,	108	,	4	,	4	,	28	,	1	>
<2064	,	108	,	4	,	5	,	28	,	0	>
<2065	,	108	,	7	,	2	,	37	,	0	>
<2066	,	108	,	7	,	4	,	37	,	2	>
<2067	,	108	,	7	,	5	,	37	,	0	>
<2068	,	108	,	8	,	2	,	63	,	0	>
<2069	,	108	,	8	,	4	,	63	,	3	>
<2070	,	108	,	8	,	5	,	63	,	0	>
<2071	,	108	,	9	,	2	,	57	,	0	>
<2072	,	108	,	9	,	4	,	57	,	3	>
<2073	,	108	,	9	,	5	,	57	,	0	>
<2074	,	109	,	2	,	1	,	22	,	0	>
<2075	,	109	,	2	,	2	,	22	,	0	>
<2076	,	109	,	2	,	3	,	22	,	0	>
<2077	,	109	,	2	,	5	,	22	,	0	>
<2078	,	109	,	2	,	6	,	22	,	0	>
<2079	,	109	,	3	,	1	,	45	,	0	>
<2080	,	109	,	3	,	2	,	45	,	1	>
<2081	,	109	,	3	,	3	,	45	,	0	>
<2082	,	109	,	3	,	5	,	45	,	1	>
<2083	,	109	,	3	,	6	,	45	,	0	>
<2084	,	109	,	4	,	1	,	40	,	0	>
<2085	,	109	,	4	,	2	,	40	,	1	>
<2086	,	109	,	4	,	3	,	40	,	0	>
<2087	,	109	,	4	,	5	,	40	,	1	>
<2088	,	109	,	4	,	6	,	40	,	0	>
<2089	,	109	,	5	,	1	,	35	,	0	>
<2090	,	109	,	5	,	2	,	35	,	1	>
<2091	,	109	,	5	,	3	,	35	,	0	>
<2092	,	109	,	5	,	5	,	35	,	1	>
<2093	,	109	,	5	,	6	,	35	,	0	>
<2094	,	109	,	6	,	1	,	48	,	0	>
<2095	,	109	,	6	,	2	,	48	,	1	>
<2096	,	109	,	6	,	3	,	48	,	0	>
<2097	,	109	,	6	,	5	,	48	,	1	>
<2098	,	109	,	6	,	6	,	48	,	0	>
<2099	,	109	,	8	,	1	,	45	,	0	>
<2100	,	109	,	8	,	2	,	45	,	1	>
<2101	,	109	,	8	,	3	,	45	,	0	>
<2102	,	109	,	8	,	5	,	45	,	1	>
<2103	,	109	,	8	,	6	,	45	,	0	>
<2104	,	109	,	10	,	1	,	27	,	0	>
<2105	,	109	,	10	,	2	,	27	,	0	>
<2106	,	109	,	10	,	3	,	27	,	0	>
<2107	,	109	,	10	,	5	,	27	,	0	>
<2108	,	109	,	10	,	6	,	27	,	0	>
<2109	,	110	,	1	,	2	,	79	,	0	>
<2110	,	110	,	1	,	3	,	79	,	2	>
<2111	,	110	,	1	,	4	,	79	,	0	>
<2112	,	110	,	1	,	6	,	79	,	2	>
<2113	,	110	,	2	,	2	,	88	,	0	>
<2114	,	110	,	2	,	3	,	88	,	3	>
<2115	,	110	,	2	,	4	,	88	,	0	>
<2116	,	110	,	2	,	6	,	88	,	3	>
<2117	,	110	,	4	,	2	,	95	,	0	>
<2118	,	110	,	4	,	3	,	95	,	3	>
<2119	,	110	,	4	,	4	,	95	,	0	>
<2120	,	110	,	4	,	6	,	95	,	3	>
<2121	,	110	,	5	,	2	,	94	,	0	>
<2122	,	110	,	5	,	3	,	94	,	3	>
<2123	,	110	,	5	,	4	,	94	,	0	>
<2124	,	110	,	5	,	6	,	94	,	3	>
<2125	,	110	,	6	,	2	,	98	,	0	>
<2126	,	110	,	6	,	3	,	98	,	3	>
<2127	,	110	,	6	,	4	,	98	,	0	>
<2128	,	110	,	6	,	6	,	98	,	3	>
<2129	,	110	,	7	,	2	,	78	,	0	>
<2130	,	110	,	7	,	3	,	78	,	2	>
<2131	,	110	,	7	,	4	,	78	,	0	>
<2132	,	110	,	7	,	6	,	78	,	2	>
<2133	,	110	,	10	,	2	,	93	,	0	>
<2134	,	110	,	10	,	3	,	93	,	3	>
<2135	,	110	,	10	,	4	,	93	,	0	>
<2136	,	110	,	10	,	6	,	93	,	3	>
<2137	,	111	,	2	,	1	,	15	,	0	>
<2138	,	111	,	2	,	2	,	15	,	0	>
<2139	,	111	,	2	,	4	,	15	,	0	>
<2140	,	111	,	2	,	6	,	15	,	0	>
<2141	,	111	,	2	,	7	,	15	,	0	>
<2142	,	111	,	8	,	1	,	13	,	0	>
<2143	,	111	,	8	,	2	,	13	,	0	>
<2144	,	111	,	8	,	4	,	13	,	0	>
<2145	,	111	,	8	,	6	,	13	,	0	>
<2146	,	111	,	8	,	7	,	13	,	0	>
<2147	,	111	,	9	,	1	,	39	,	0	>
<2148	,	111	,	9	,	2	,	39	,	1	>
<2149	,	111	,	9	,	4	,	39	,	0	>
<2150	,	111	,	9	,	6	,	39	,	1	>
<2151	,	111	,	9	,	7	,	39	,	0	>
<2152	,	112	,	6	,	4	,	91	,	0	>
<2153	,	112	,	6	,	5	,	91	,	5	>
<2154	,	112	,	6	,	6	,	91	,	0	>
<2155	,	112	,	8	,	4	,	90	,	0	>
<2156	,	112	,	8	,	5	,	90	,	5	>
<2157	,	112	,	8	,	6	,	90	,	0	>
<2158	,	112	,	10	,	4	,	99	,	0	>
<2159	,	112	,	10	,	5	,	99	,	5	>
<2160	,	112	,	10	,	6	,	99	,	0	>
<2161	,	113	,	1	,	1	,	74	,	0	>
<2162	,	113	,	1	,	2	,	74	,	2	>
<2163	,	113	,	1	,	4	,	74	,	0	>
<2164	,	113	,	1	,	7	,	74	,	2	>
<2165	,	113	,	3	,	1	,	76	,	0	>
<2166	,	113	,	3	,	2	,	76	,	2	>
<2167	,	113	,	3	,	4	,	76	,	0	>
<2168	,	113	,	3	,	7	,	76	,	2	>
<2169	,	113	,	4	,	1	,	65	,	0	>
<2170	,	113	,	4	,	2	,	65	,	2	>
<2171	,	113	,	4	,	4	,	65	,	0	>
<2172	,	113	,	4	,	7	,	65	,	2	>
<2173	,	113	,	7	,	1	,	88	,	0	>
<2174	,	113	,	7	,	2	,	88	,	3	>
<2175	,	113	,	7	,	4	,	88	,	0	>
<2176	,	113	,	7	,	7	,	88	,	3	>
<2177	,	113	,	8	,	1	,	77	,	0	>
<2178	,	113	,	8	,	2	,	77	,	2	>
<2179	,	113	,	8	,	4	,	77	,	0	>
<2180	,	113	,	8	,	7	,	77	,	2	>
<2181	,	113	,	9	,	1	,	75	,	0	>
<2182	,	113	,	9	,	2	,	75	,	2	>
<2183	,	113	,	9	,	4	,	75	,	0	>
<2184	,	113	,	9	,	7	,	75	,	2	>
<2185	,	114	,	3	,	2	,	65	,	0	>
<2186	,	114	,	3	,	3	,	65	,	2	>
<2187	,	114	,	3	,	5	,	65	,	0	>
<2188	,	114	,	3	,	6	,	65	,	2	>
<2189	,	114	,	4	,	2	,	37	,	0	>
<2190	,	114	,	4	,	3	,	37	,	1	>
<2191	,	114	,	4	,	5	,	37	,	0	>
<2192	,	114	,	4	,	6	,	37	,	1	>
<2193	,	114	,	5	,	2	,	47	,	0	>
<2194	,	114	,	5	,	3	,	47	,	1	>
<2195	,	114	,	5	,	5	,	47	,	0	>
<2196	,	114	,	5	,	6	,	47	,	1	>
<2197	,	114	,	7	,	2	,	74	,	0	>
<2198	,	114	,	7	,	3	,	74	,	2	>
<2199	,	114	,	7	,	5	,	74	,	0	>
<2200	,	114	,	7	,	6	,	74	,	2	>
<2201	,	114	,	8	,	2	,	80	,	0	>
<2202	,	114	,	8	,	3	,	80	,	2	>
<2203	,	114	,	8	,	5	,	80	,	0	>
<2204	,	114	,	8	,	6	,	80	,	2	>
<2205	,	114	,	9	,	2	,	55	,	0	>
<2206	,	114	,	9	,	3	,	55	,	2	>
<2207	,	114	,	9	,	5	,	55	,	0	>
<2208	,	114	,	9	,	6	,	55	,	2	>
<2209	,	114	,	10	,	2	,	64	,	0	>
<2210	,	114	,	10	,	3	,	64	,	2	>
<2211	,	114	,	10	,	5	,	64	,	0	>
<2212	,	114	,	10	,	6	,	64	,	2	>
<2213	,	115	,	1	,	2	,	88	,	0	>
<2214	,	115	,	1	,	3	,	88	,	1	>
<2215	,	115	,	1	,	4	,	88	,	0	>
<2216	,	115	,	1	,	6	,	88	,	1	>
<2217	,	115	,	1	,	7	,	88	,	0	>
<2218	,	115	,	2	,	2	,	95	,	0	>
<2219	,	115	,	2	,	3	,	95	,	2	>
<2220	,	115	,	2	,	4	,	95	,	0	>
<2221	,	115	,	2	,	6	,	95	,	2	>
<2222	,	115	,	2	,	7	,	95	,	0	>
<2223	,	115	,	4	,	2	,	76	,	0	>
<2224	,	115	,	4	,	3	,	76	,	1	>
<2225	,	115	,	4	,	4	,	76	,	0	>
<2226	,	115	,	4	,	6	,	76	,	1	>
<2227	,	115	,	4	,	7	,	76	,	0	>
<2228	,	115	,	5	,	2	,	78	,	0	>
<2229	,	115	,	5	,	3	,	78	,	1	>
<2230	,	115	,	5	,	4	,	78	,	0	>
<2231	,	115	,	5	,	6	,	78	,	1	>
<2232	,	115	,	5	,	7	,	78	,	0	>
<2233	,	115	,	7	,	2	,	67	,	0	>
<2234	,	115	,	7	,	3	,	67	,	1	>
<2235	,	115	,	7	,	4	,	67	,	0	>
<2236	,	115	,	7	,	6	,	67	,	1	>
<2237	,	115	,	7	,	7	,	67	,	0	>
<2238	,	115	,	9	,	2	,	72	,	0	>
<2239	,	115	,	9	,	3	,	72	,	1	>
<2240	,	115	,	9	,	4	,	72	,	0	>
<2241	,	115	,	9	,	6	,	72	,	1	>
<2242	,	115	,	9	,	7	,	72	,	0	>
<2243	,	115	,	10	,	2	,	79	,	0	>
<2244	,	115	,	10	,	3	,	79	,	1	>
<2245	,	115	,	10	,	4	,	79	,	0	>
<2246	,	115	,	10	,	6	,	79	,	1	>
<2247	,	115	,	10	,	7	,	79	,	0	>
<2248	,	116	,	3	,	3	,	29	,	0	>
<2249	,	116	,	3	,	4	,	29	,	1	>
<2250	,	116	,	3	,	5	,	29	,	0	>
<2251	,	116	,	3	,	7	,	29	,	1	>
<2252	,	116	,	5	,	3	,	21	,	0	>
<2253	,	116	,	5	,	4	,	21	,	1	>
<2254	,	116	,	5	,	5	,	21	,	0	>
<2255	,	116	,	5	,	7	,	21	,	1	>
<2256	,	116	,	7	,	3	,	42	,	0	>
<2257	,	116	,	7	,	4	,	42	,	1	>
<2258	,	116	,	7	,	5	,	42	,	0	>
<2259	,	116	,	7	,	7	,	42	,	1	>
<2260	,	116	,	8	,	3	,	20	,	0	>
<2261	,	116	,	8	,	4	,	20	,	1	>
<2262	,	116	,	8	,	5	,	20	,	0	>
<2263	,	116	,	8	,	7	,	20	,	1	>
<2264	,	116	,	9	,	3	,	50	,	0	>
<2265	,	116	,	9	,	4	,	50	,	2	>
<2266	,	116	,	9	,	5	,	50	,	0	>
<2267	,	116	,	9	,	7	,	50	,	2	>
<2268	,	117	,	1	,	2	,	73	,	0	>
<2269	,	117	,	1	,	3	,	73	,	4	>
<2270	,	117	,	1	,	5	,	73	,	0	>
<2271	,	117	,	4	,	2	,	85	,	0	>
<2272	,	117	,	4	,	3	,	85	,	5	>
<2273	,	117	,	4	,	5	,	85	,	0	>
<2274	,	117	,	5	,	2	,	73	,	0	>
<2275	,	117	,	5	,	3	,	73	,	4	>
<2276	,	117	,	5	,	5	,	73	,	0	>
<2277	,	117	,	6	,	2	,	70	,	0	>
<2278	,	117	,	6	,	3	,	70	,	4	>
<2279	,	117	,	6	,	5	,	70	,	0	>
<2280	,	117	,	8	,	2	,	87	,	0	>
<2281	,	117	,	8	,	3	,	87	,	5	>
<2282	,	117	,	8	,	5	,	87	,	0	>
<2283	,	117	,	10	,	2	,	73	,	0	>
<2284	,	117	,	10	,	3	,	73	,	4	>
<2285	,	117	,	10	,	5	,	73	,	0	>
<2286	,	118	,	1	,	1	,	93	,	0	>
<2287	,	118	,	1	,	2	,	93	,	1	>
<2288	,	118	,	1	,	3	,	93	,	0	>
<2289	,	118	,	1	,	5	,	93	,	1	>
<2290	,	118	,	1	,	7	,	93	,	0	>
<2291	,	118	,	2	,	1	,	90	,	0	>
<2292	,	118	,	2	,	2	,	90	,	1	>
<2293	,	118	,	2	,	3	,	90	,	0	>
<2294	,	118	,	2	,	5	,	90	,	1	>
<2295	,	118	,	2	,	7	,	90	,	0	>
<2296	,	118	,	4	,	1	,	92	,	0	>
<2297	,	118	,	4	,	2	,	92	,	1	>
<2298	,	118	,	4	,	3	,	92	,	0	>
<2299	,	118	,	4	,	5	,	92	,	1	>
<2300	,	118	,	4	,	7	,	92	,	0	>
<2301	,	118	,	5	,	1	,	71	,	0	>
<2302	,	118	,	5	,	2	,	71	,	1	>
<2303	,	118	,	5	,	3	,	71	,	0	>
<2304	,	118	,	5	,	5	,	71	,	1	>
<2305	,	118	,	5	,	7	,	71	,	0	>
<2306	,	118	,	9	,	1	,	38	,	0	>
<2307	,	118	,	9	,	2	,	38	,	1	>
<2308	,	118	,	9	,	3	,	38	,	0	>
<2309	,	118	,	9	,	5	,	38	,	1	>
<2310	,	118	,	9	,	7	,	38	,	0	>
<2311	,	118	,	10	,	1	,	38	,	0	>
<2312	,	118	,	10	,	2	,	38	,	1	>
<2313	,	118	,	10	,	3	,	38	,	0	>
<2314	,	118	,	10	,	5	,	38	,	1	>
<2315	,	118	,	10	,	7	,	38	,	0	>
<2316	,	119	,	3	,	1	,	86	,	0	>
<2317	,	119	,	3	,	4	,	86	,	1	>
<2318	,	119	,	3	,	5	,	86	,	0	>
<2319	,	119	,	3	,	6	,	86	,	1	>
<2320	,	119	,	3	,	7	,	86	,	0	>
<2321	,	119	,	6	,	1	,	63	,	0	>
<2322	,	119	,	6	,	4	,	63	,	1	>
<2323	,	119	,	6	,	5	,	63	,	0	>
<2324	,	119	,	6	,	6	,	63	,	1	>
<2325	,	119	,	6	,	7	,	63	,	0	>
<2326	,	119	,	8	,	1	,	92	,	0	>
<2327	,	119	,	8	,	4	,	92	,	1	>
<2328	,	119	,	8	,	5	,	92	,	0	>
<2329	,	119	,	8	,	6	,	92	,	1	>
<2330	,	119	,	8	,	7	,	92	,	0	>
<2331	,	119	,	9	,	1	,	74	,	0	>
<2332	,	119	,	9	,	4	,	74	,	1	>
<2333	,	119	,	9	,	5	,	74	,	0	>
<2334	,	119	,	9	,	6	,	74	,	1	>
<2335	,	119	,	9	,	7	,	74	,	0	>
<2336	,	120	,	1	,	1	,	88	,	0	>
<2337	,	120	,	1	,	3	,	88	,	5	>
<2338	,	120	,	1	,	4	,	88	,	0	>
<2339	,	120	,	5	,	1	,	88	,	0	>
<2340	,	120	,	5	,	3	,	88	,	5	>
<2341	,	120	,	5	,	4	,	88	,	0	>
<2342	,	120	,	6	,	1	,	84	,	0	>
<2343	,	120	,	6	,	3	,	84	,	4	>
<2344	,	120	,	6	,	4	,	84	,	0	>
<2345	,	120	,	8	,	1	,	82	,	0	>
<2346	,	120	,	8	,	3	,	82	,	4	>
<2347	,	120	,	8	,	4	,	82	,	0	>
<2348	,	120	,	10	,	1	,	90	,	0	>
<2349	,	120	,	10	,	3	,	90	,	5	>
<2350	,	120	,	10	,	4	,	90	,	0	>
};