
// XtraLGS y resolución directa de hechoDRC_DAFJS26_w7_letssee_119ops9m7w8jobs.txt 2401 modos!!!!
// 23mar25 08:22 ¿?¿?
IS_ALOBRUTO=1;

// DAFJS26 pero DCR con  hechoDRC_DAFJS26_w7_letssee_119ops9m7w8jobs.txt
//        Ntaks, nMachs, nWORKERs
Params = 	<119, 9, 7>;

precedences ={
<	1	,	2	,	0	>,
<	2	,	3	,	0	>,
<	3	,	4	,	0	>,
<	4	,	6	,	0	>,
<	3	,	5	,	0	>,
<	5	,	6	,	0	>,
<	6	,	7	,	0	>,
<	7	,	8	,	0	>,
<	8	,	9	,	0	>,
<	10	,	11	,	0	>,
<	11	,	12	,	0	>,
<	12	,	13	,	0	>,
<	13	,	14	,	0	>,
<	14	,	15	,	0	>,
<	15	,	16	,	0	>,
<	16	,	17	,	0	>,
<	17	,	18	,	0	>,
<	13	,	19	,	0	>,
<	19	,	20	,	0	>,
<	20	,	21	,	0	>,
<	21	,	22	,	0	>,
<	22	,	23	,	0	>,
<	24	,	25	,	0	>,
<	25	,	26	,	0	>,
<	26	,	27	,	0	>,
<	27	,	29	,	0	>,
<	26	,	28	,	0	>,
<	28	,	29	,	0	>,
<	29	,	30	,	0	>,
<	30	,	31	,	0	>,
<	32	,	33	,	0	>,
<	33	,	34	,	0	>,
<	34	,	35	,	0	>,
<	35	,	36	,	0	>,
<	36	,	37	,	0	>,
<	34	,	38	,	0	>,
<	38	,	39	,	0	>,
<	39	,	40	,	0	>,
<	41	,	42	,	0	>,
<	42	,	43	,	0	>,
<	43	,	44	,	0	>,
<	44	,	45	,	0	>,
<	45	,	46	,	0	>,
<	41	,	47	,	0	>,
<	47	,	48	,	0	>,
<	48	,	49	,	0	>,
<	49	,	50	,	0	>,
<	50	,	51	,	0	>,
<	41	,	52	,	0	>,
<	52	,	53	,	0	>,
<	53	,	54	,	0	>,
<	54	,	55	,	0	>,
<	55	,	56	,	0	>,
<	57	,	58	,	0	>,
<	58	,	59	,	0	>,
<	59	,	63	,	0	>,
<	60	,	61	,	0	>,
<	61	,	62	,	0	>,
<	62	,	63	,	0	>,
<	63	,	64	,	0	>,
<	64	,	65	,	0	>,
<	65	,	66	,	0	>,
<	66	,	67	,	0	>,
<	68	,	69	,	0	>,
<	69	,	70	,	0	>,
<	70	,	71	,	0	>,
<	71	,	78	,	0	>,
<	68	,	72	,	0	>,
<	72	,	73	,	0	>,
<	73	,	74	,	0	>,
<	74	,	78	,	0	>,
<	68	,	75	,	0	>,
<	75	,	76	,	0	>,
<	76	,	77	,	0	>,
<	77	,	78	,	0	>,
<	78	,	79	,	0	>,
<	80	,	81	,	0	>,
<	81	,	82	,	0	>,
<	82	,	83	,	0	>,
<	83	,	84	,	0	>,
<	84	,	85	,	0	>,
<	85	,	87	,	0	>,
<	84	,	86	,	0	>,
<	86	,	87	,	0	>,
<	87	,	88	,	0	>,
<	89	,	90	,	0	>,
<	90	,	91	,	0	>,
<	91	,	92	,	0	>,
<	92	,	93	,	0	>,
<	93	,	102	,	0	>,
<	89	,	94	,	0	>,
<	94	,	95	,	0	>,
<	95	,	96	,	0	>,
<	96	,	97	,	0	>,
<	97	,	102	,	0	>,
<	89	,	98	,	0	>,
<	98	,	99	,	0	>,
<	99	,	100	,	0	>,
<	100	,	101	,	0	>,
<	101	,	102	,	0	>,
<	103	,	104	,	0	>,
<	104	,	105	,	0	>,
<	105	,	106	,	0	>,
<	106	,	107	,	0	>,
<	107	,	118	,	0	>,
<	108	,	109	,	0	>,
<	109	,	110	,	0	>,
<	110	,	111	,	0	>,
<	111	,	112	,	0	>,
<	112	,	118	,	0	>,
<	113	,	114	,	0	>,
<	114	,	115	,	0	>,
<	115	,	116	,	0	>,
<	116	,	117	,	0	>,
<	117	,	118	,	0	>,
<	118	,	119	,	0	>
};


Modes = {
<0	,	1	,	3	,	1	,	94	,	0	>
<1	,	1	,	3	,	3	,	94	,	3	>
<2	,	1	,	3	,	7	,	94	,	0	>
<3	,	1	,	4	,	1	,	94	,	0	>
<4	,	1	,	4	,	3	,	94	,	3	>
<5	,	1	,	4	,	7	,	94	,	0	>
<6	,	1	,	6	,	1	,	94	,	0	>
<7	,	1	,	6	,	3	,	94	,	3	>
<8	,	1	,	6	,	7	,	94	,	0	>
<9	,	1	,	7	,	1	,	97	,	0	>
<10	,	1	,	7	,	3	,	97	,	3	>
<11	,	1	,	7	,	7	,	97	,	0	>
<12	,	1	,	8	,	1	,	97	,	0	>
<13	,	1	,	8	,	3	,	97	,	3	>
<14	,	1	,	8	,	7	,	97	,	0	>
<15	,	1	,	9	,	1	,	95	,	0	>
<16	,	1	,	9	,	3	,	95	,	3	>
<17	,	1	,	9	,	7	,	95	,	0	>
<18	,	2	,	1	,	2	,	96	,	0	>
<19	,	2	,	1	,	4	,	96	,	3	>
<20	,	2	,	1	,	7	,	96	,	0	>
<21	,	2	,	3	,	2	,	96	,	0	>
<22	,	2	,	3	,	4	,	96	,	3	>
<23	,	2	,	3	,	7	,	96	,	0	>
<24	,	2	,	4	,	2	,	97	,	0	>
<25	,	2	,	4	,	4	,	97	,	3	>
<26	,	2	,	4	,	7	,	97	,	0	>
<27	,	2	,	5	,	2	,	98	,	0	>
<28	,	2	,	5	,	4	,	98	,	3	>
<29	,	2	,	5	,	7	,	98	,	0	>
<30	,	2	,	9	,	2	,	96	,	0	>
<31	,	2	,	9	,	4	,	96	,	3	>
<32	,	2	,	9	,	7	,	96	,	0	>
<33	,	3	,	3	,	2	,	91	,	0	>
<34	,	3	,	3	,	3	,	91	,	1	>
<35	,	3	,	3	,	5	,	91	,	0	>
<36	,	3	,	3	,	6	,	91	,	1	>
<37	,	3	,	3	,	7	,	91	,	0	>
<38	,	3	,	5	,	2	,	80	,	0	>
<39	,	3	,	5	,	3	,	80	,	1	>
<40	,	3	,	5	,	5	,	80	,	0	>
<41	,	3	,	5	,	6	,	80	,	1	>
<42	,	3	,	5	,	7	,	80	,	0	>
<43	,	3	,	6	,	2	,	31	,	0	>
<44	,	3	,	6	,	3	,	31	,	0	>
<45	,	3	,	6	,	5	,	31	,	0	>
<46	,	3	,	6	,	6	,	31	,	0	>
<47	,	3	,	6	,	7	,	31	,	0	>
<48	,	3	,	9	,	2	,	73	,	0	>
<49	,	3	,	9	,	3	,	73	,	1	>
<50	,	3	,	9	,	5	,	73	,	0	>
<51	,	3	,	9	,	6	,	73	,	1	>
<52	,	3	,	9	,	7	,	73	,	0	>
<53	,	4	,	1	,	1	,	69	,	0	>
<54	,	4	,	1	,	4	,	69	,	2	>
<55	,	4	,	1	,	5	,	69	,	0	>
<56	,	4	,	2	,	1	,	80	,	0	>
<57	,	4	,	2	,	4	,	80	,	3	>
<58	,	4	,	2	,	5	,	80	,	0	>
<59	,	4	,	3	,	1	,	63	,	0	>
<60	,	4	,	3	,	4	,	63	,	2	>
<61	,	4	,	3	,	5	,	63	,	0	>
<62	,	4	,	5	,	1	,	93	,	0	>
<63	,	4	,	5	,	4	,	93	,	3	>
<64	,	4	,	5	,	5	,	93	,	0	>
<65	,	4	,	7	,	1	,	88	,	0	>
<66	,	4	,	7	,	4	,	88	,	3	>
<67	,	4	,	7	,	5	,	88	,	0	>
<68	,	4	,	8	,	1	,	85	,	0	>
<69	,	4	,	8	,	4	,	85	,	3	>
<70	,	4	,	8	,	5	,	85	,	0	>
<71	,	5	,	1	,	2	,	92	,	0	>
<72	,	5	,	1	,	3	,	92	,	2	>
<73	,	5	,	1	,	4	,	92	,	0	>
<74	,	5	,	1	,	6	,	92	,	2	>
<75	,	5	,	2	,	2	,	69	,	0	>
<76	,	5	,	2	,	3	,	69	,	1	>
<77	,	5	,	2	,	4	,	69	,	0	>
<78	,	5	,	2	,	6	,	69	,	1	>
<79	,	5	,	5	,	2	,	53	,	0	>
<80	,	5	,	5	,	3	,	53	,	1	>
<81	,	5	,	5	,	4	,	53	,	0	>
<82	,	5	,	5	,	6	,	53	,	1	>
<83	,	5	,	6	,	2	,	59	,	0	>
<84	,	5	,	6	,	3	,	59	,	1	>
<85	,	5	,	6	,	4	,	59	,	0	>
<86	,	5	,	6	,	6	,	59	,	1	>
<87	,	5	,	7	,	2	,	74	,	0	>
<88	,	5	,	7	,	3	,	74	,	1	>
<89	,	5	,	7	,	4	,	74	,	0	>
<90	,	5	,	7	,	6	,	74	,	1	>
<91	,	5	,	8	,	2	,	99	,	0	>
<92	,	5	,	8	,	3	,	99	,	2	>
<93	,	5	,	8	,	4	,	99	,	0	>
<94	,	5	,	8	,	6	,	99	,	2	>
<95	,	6	,	1	,	1	,	63	,	0	>
<96	,	6	,	1	,	6	,	63	,	2	>
<97	,	6	,	1	,	7	,	63	,	0	>
<98	,	6	,	3	,	1	,	76	,	0	>
<99	,	6	,	3	,	6	,	76	,	3	>
<100	,	6	,	3	,	7	,	76	,	0	>
<101	,	6	,	7	,	1	,	89	,	0	>
<102	,	6	,	7	,	6	,	89	,	3	>
<103	,	6	,	7	,	7	,	89	,	0	>
<104	,	6	,	8	,	1	,	76	,	0	>
<105	,	6	,	8	,	6	,	76	,	3	>
<106	,	6	,	8	,	7	,	76	,	0	>
<107	,	6	,	9	,	1	,	71	,	0	>
<108	,	6	,	9	,	6	,	71	,	2	>
<109	,	6	,	9	,	7	,	71	,	0	>
<110	,	7	,	1	,	2	,	80	,	0	>
<111	,	7	,	1	,	4	,	80	,	2	>
<112	,	7	,	1	,	5	,	80	,	0	>
<113	,	7	,	1	,	7	,	80	,	2	>
<114	,	7	,	4	,	2	,	92	,	0	>
<115	,	7	,	4	,	4	,	92	,	2	>
<116	,	7	,	4	,	5	,	92	,	0	>
<117	,	7	,	4	,	7	,	92	,	2	>
<118	,	7	,	6	,	2	,	96	,	0	>
<119	,	7	,	6	,	4	,	96	,	2	>
<120	,	7	,	6	,	5	,	96	,	0	>
<121	,	7	,	6	,	7	,	96	,	2	>
<122	,	7	,	8	,	2	,	97	,	0	>
<123	,	7	,	8	,	4	,	97	,	2	>
<124	,	7	,	8	,	5	,	97	,	0	>
<125	,	7	,	8	,	7	,	97	,	2	>
<126	,	7	,	9	,	2	,	85	,	0	>
<127	,	7	,	9	,	4	,	85	,	2	>
<128	,	7	,	9	,	5	,	85	,	0	>
<129	,	7	,	9	,	7	,	85	,	2	>
<130	,	8	,	1	,	2	,	86	,	0	>
<131	,	8	,	1	,	3	,	86	,	2	>
<132	,	8	,	1	,	5	,	86	,	0	>
<133	,	8	,	1	,	7	,	86	,	2	>
<134	,	8	,	5	,	2	,	83	,	0	>
<135	,	8	,	5	,	3	,	83	,	2	>
<136	,	8	,	5	,	5	,	83	,	0	>
<137	,	8	,	5	,	7	,	83	,	2	>
<138	,	8	,	6	,	2	,	52	,	0	>
<139	,	8	,	6	,	3	,	52	,	1	>
<140	,	8	,	6	,	5	,	52	,	0	>
<141	,	8	,	6	,	7	,	52	,	1	>
<142	,	8	,	8	,	2	,	72	,	0	>
<143	,	8	,	8	,	3	,	72	,	1	>
<144	,	8	,	8	,	5	,	72	,	0	>
<145	,	8	,	8	,	7	,	72	,	1	>
<146	,	9	,	3	,	1	,	90	,	0	>
<147	,	9	,	3	,	5	,	90	,	3	>
<148	,	9	,	3	,	7	,	90	,	0	>
<149	,	9	,	4	,	1	,	86	,	0	>
<150	,	9	,	4	,	5	,	86	,	3	>
<151	,	9	,	4	,	7	,	86	,	0	>
<152	,	9	,	5	,	1	,	86	,	0	>
<153	,	9	,	5	,	5	,	86	,	3	>
<154	,	9	,	5	,	7	,	86	,	0	>
<155	,	9	,	8	,	1	,	98	,	0	>
<156	,	9	,	8	,	5	,	98	,	3	>
<157	,	9	,	8	,	7	,	98	,	0	>
<158	,	10	,	1	,	1	,	14	,	0	>
<159	,	10	,	1	,	3	,	14	,	0	>
<160	,	10	,	1	,	4	,	14	,	0	>
<161	,	10	,	1	,	5	,	14	,	0	>
<162	,	10	,	1	,	7	,	14	,	0	>
<163	,	10	,	4	,	1	,	9	,	0	>
<164	,	10	,	4	,	3	,	9	,	0	>
<165	,	10	,	4	,	4	,	9	,	0	>
<166	,	10	,	4	,	5	,	9	,	0	>
<167	,	10	,	4	,	7	,	9	,	0	>
<168	,	10	,	5	,	1	,	18	,	0	>
<169	,	10	,	5	,	3	,	18	,	0	>
<170	,	10	,	5	,	4	,	18	,	0	>
<171	,	10	,	5	,	5	,	18	,	0	>
<172	,	10	,	5	,	7	,	18	,	0	>
<173	,	10	,	7	,	1	,	25	,	0	>
<174	,	10	,	7	,	3	,	25	,	0	>
<175	,	10	,	7	,	4	,	25	,	0	>
<176	,	10	,	7	,	5	,	25	,	0	>
<177	,	10	,	7	,	7	,	25	,	0	>
<178	,	10	,	8	,	1	,	19	,	0	>
<179	,	10	,	8	,	3	,	19	,	0	>
<180	,	10	,	8	,	4	,	19	,	0	>
<181	,	10	,	8	,	5	,	19	,	0	>
<182	,	10	,	8	,	7	,	19	,	0	>
<183	,	11	,	1	,	2	,	99	,	0	>
<184	,	11	,	1	,	3	,	99	,	2	>
<185	,	11	,	1	,	4	,	99	,	0	>
<186	,	11	,	1	,	5	,	99	,	2	>
<187	,	11	,	4	,	2	,	92	,	0	>
<188	,	11	,	4	,	3	,	92	,	2	>
<189	,	11	,	4	,	4	,	92	,	0	>
<190	,	11	,	4	,	5	,	92	,	2	>
<191	,	11	,	5	,	2	,	87	,	0	>
<192	,	11	,	5	,	3	,	87	,	2	>
<193	,	11	,	5	,	4	,	87	,	0	>
<194	,	11	,	5	,	5	,	87	,	2	>
<195	,	11	,	6	,	2	,	71	,	0	>
<196	,	11	,	6	,	3	,	71	,	1	>
<197	,	11	,	6	,	4	,	71	,	0	>
<198	,	11	,	6	,	5	,	71	,	1	>
<199	,	11	,	9	,	2	,	71	,	0	>
<200	,	11	,	9	,	3	,	71	,	1	>
<201	,	11	,	9	,	4	,	71	,	0	>
<202	,	11	,	9	,	5	,	71	,	1	>
<203	,	12	,	2	,	1	,	79	,	0	>
<204	,	12	,	2	,	2	,	79	,	1	>
<205	,	12	,	2	,	3	,	79	,	0	>
<206	,	12	,	2	,	5	,	79	,	1	>
<207	,	12	,	3	,	1	,	87	,	0	>
<208	,	12	,	3	,	2	,	87	,	2	>
<209	,	12	,	3	,	3	,	87	,	0	>
<210	,	12	,	3	,	5	,	87	,	2	>
<211	,	12	,	5	,	1	,	52	,	0	>
<212	,	12	,	5	,	2	,	52	,	1	>
<213	,	12	,	5	,	3	,	52	,	0	>
<214	,	12	,	5	,	5	,	52	,	1	>
<215	,	12	,	6	,	1	,	46	,	0	>
<216	,	12	,	6	,	2	,	46	,	1	>
<217	,	12	,	6	,	3	,	46	,	0	>
<218	,	12	,	6	,	5	,	46	,	1	>
<219	,	12	,	7	,	1	,	88	,	0	>
<220	,	12	,	7	,	2	,	88	,	2	>
<221	,	12	,	7	,	3	,	88	,	0	>
<222	,	12	,	7	,	5	,	88	,	2	>
<223	,	12	,	8	,	1	,	80	,	0	>
<224	,	12	,	8	,	2	,	80	,	2	>
<225	,	12	,	8	,	3	,	80	,	0	>
<226	,	12	,	8	,	5	,	80	,	2	>
<227	,	13	,	1	,	1	,	89	,	0	>
<228	,	13	,	1	,	4	,	89	,	3	>
<229	,	13	,	1	,	7	,	89	,	0	>
<230	,	13	,	6	,	1	,	99	,	0	>
<231	,	13	,	6	,	4	,	99	,	3	>
<232	,	13	,	6	,	7	,	99	,	0	>
<233	,	13	,	7	,	1	,	81	,	0	>
<234	,	13	,	7	,	4	,	81	,	3	>
<235	,	13	,	7	,	7	,	81	,	0	>
<236	,	13	,	8	,	1	,	77	,	0	>
<237	,	13	,	8	,	4	,	77	,	3	>
<238	,	13	,	8	,	7	,	77	,	0	>
<239	,	14	,	1	,	2	,	49	,	0	>
<240	,	14	,	1	,	4	,	49	,	0	>
<241	,	14	,	1	,	5	,	49	,	0	>
<242	,	14	,	1	,	6	,	49	,	0	>
<243	,	14	,	1	,	7	,	49	,	0	>
<244	,	14	,	2	,	2	,	95	,	0	>
<245	,	14	,	2	,	4	,	95	,	1	>
<246	,	14	,	2	,	5	,	95	,	0	>
<247	,	14	,	2	,	6	,	95	,	1	>
<248	,	14	,	2	,	7	,	95	,	0	>
<249	,	14	,	5	,	2	,	59	,	0	>
<250	,	14	,	5	,	4	,	59	,	1	>
<251	,	14	,	5	,	5	,	59	,	0	>
<252	,	14	,	5	,	6	,	59	,	1	>
<253	,	14	,	5	,	7	,	59	,	0	>
<254	,	14	,	6	,	2	,	84	,	0	>
<255	,	14	,	6	,	4	,	84	,	1	>
<256	,	14	,	6	,	5	,	84	,	0	>
<257	,	14	,	6	,	6	,	84	,	1	>
<258	,	14	,	6	,	7	,	84	,	0	>
<259	,	14	,	8	,	2	,	76	,	0	>
<260	,	14	,	8	,	4	,	76	,	1	>
<261	,	14	,	8	,	5	,	76	,	0	>
<262	,	14	,	8	,	6	,	76	,	1	>
<263	,	14	,	8	,	7	,	76	,	0	>
<264	,	15	,	1	,	1	,	20	,	0	>
<265	,	15	,	1	,	3	,	20	,	0	>
<266	,	15	,	1	,	5	,	20	,	0	>
<267	,	15	,	1	,	6	,	20	,	0	>
<268	,	15	,	1	,	7	,	20	,	0	>
<269	,	15	,	2	,	1	,	35	,	0	>
<270	,	15	,	2	,	3	,	35	,	0	>
<271	,	15	,	2	,	5	,	35	,	0	>
<272	,	15	,	2	,	6	,	35	,	0	>
<273	,	15	,	2	,	7	,	35	,	0	>
<274	,	15	,	4	,	1	,	35	,	0	>
<275	,	15	,	4	,	3	,	35	,	0	>
<276	,	15	,	4	,	5	,	35	,	0	>
<277	,	15	,	4	,	6	,	35	,	0	>
<278	,	15	,	4	,	7	,	35	,	0	>
<279	,	15	,	7	,	1	,	34	,	0	>
<280	,	15	,	7	,	3	,	34	,	0	>
<281	,	15	,	7	,	5	,	34	,	0	>
<282	,	15	,	7	,	6	,	34	,	0	>
<283	,	15	,	7	,	7	,	34	,	0	>
<284	,	15	,	8	,	1	,	22	,	0	>
<285	,	15	,	8	,	3	,	22	,	0	>
<286	,	15	,	8	,	5	,	22	,	0	>
<287	,	15	,	8	,	6	,	22	,	0	>
<288	,	15	,	8	,	7	,	22	,	0	>
<289	,	16	,	1	,	2	,	19	,	0	>
<290	,	16	,	1	,	4	,	19	,	0	>
<291	,	16	,	1	,	6	,	19	,	0	>
<292	,	16	,	1	,	7	,	19	,	0	>
<293	,	16	,	3	,	2	,	44	,	0	>
<294	,	16	,	3	,	4	,	44	,	1	>
<295	,	16	,	3	,	6	,	44	,	0	>
<296	,	16	,	3	,	7	,	44	,	1	>
<297	,	16	,	6	,	2	,	15	,	0	>
<298	,	16	,	6	,	4	,	15	,	0	>
<299	,	16	,	6	,	6	,	15	,	0	>
<300	,	16	,	6	,	7	,	15	,	0	>
<301	,	16	,	8	,	2	,	17	,	0	>
<302	,	16	,	8	,	4	,	17	,	0	>
<303	,	16	,	8	,	6	,	17	,	0	>
<304	,	16	,	8	,	7	,	17	,	0	>
<305	,	17	,	2	,	2	,	93	,	0	>
<306	,	17	,	2	,	3	,	93	,	3	>
<307	,	17	,	2	,	5	,	93	,	0	>
<308	,	17	,	3	,	2	,	92	,	0	>
<309	,	17	,	3	,	3	,	92	,	3	>
<310	,	17	,	3	,	5	,	92	,	0	>
<311	,	17	,	7	,	2	,	92	,	0	>
<312	,	17	,	7	,	3	,	92	,	3	>
<313	,	17	,	7	,	5	,	92	,	0	>
<314	,	17	,	8	,	2	,	97	,	0	>
<315	,	17	,	8	,	3	,	97	,	3	>
<316	,	17	,	8	,	5	,	97	,	0	>
<317	,	18	,	1	,	2	,	97	,	0	>
<318	,	18	,	1	,	3	,	97	,	1	>
<319	,	18	,	1	,	5	,	97	,	0	>
<320	,	18	,	1	,	6	,	97	,	1	>
<321	,	18	,	1	,	7	,	97	,	0	>
<322	,	18	,	2	,	2	,	94	,	0	>
<323	,	18	,	2	,	3	,	94	,	1	>
<324	,	18	,	2	,	5	,	94	,	0	>
<325	,	18	,	2	,	6	,	94	,	1	>
<326	,	18	,	2	,	7	,	94	,	0	>
<327	,	18	,	3	,	2	,	90	,	0	>
<328	,	18	,	3	,	3	,	90	,	1	>
<329	,	18	,	3	,	5	,	90	,	0	>
<330	,	18	,	3	,	6	,	90	,	1	>
<331	,	18	,	3	,	7	,	90	,	0	>
<332	,	18	,	4	,	2	,	96	,	0	>
<333	,	18	,	4	,	3	,	96	,	1	>
<334	,	18	,	4	,	5	,	96	,	0	>
<335	,	18	,	4	,	6	,	96	,	1	>
<336	,	18	,	4	,	7	,	96	,	0	>
<337	,	18	,	5	,	2	,	93	,	0	>
<338	,	18	,	5	,	3	,	93	,	1	>
<339	,	18	,	5	,	5	,	93	,	0	>
<340	,	18	,	5	,	6	,	93	,	1	>
<341	,	18	,	5	,	7	,	93	,	0	>
<342	,	18	,	8	,	2	,	99	,	0	>
<343	,	18	,	8	,	3	,	99	,	1	>
<344	,	18	,	8	,	5	,	99	,	0	>
<345	,	18	,	8	,	6	,	99	,	1	>
<346	,	18	,	8	,	7	,	99	,	0	>
<347	,	19	,	1	,	1	,	43	,	0	>
<348	,	19	,	1	,	3	,	43	,	1	>
<349	,	19	,	1	,	4	,	43	,	0	>
<350	,	19	,	3	,	1	,	77	,	0	>
<351	,	19	,	3	,	3	,	77	,	3	>
<352	,	19	,	3	,	4	,	77	,	0	>
<353	,	19	,	8	,	1	,	99	,	0	>
<354	,	19	,	8	,	3	,	99	,	3	>
<355	,	19	,	8	,	4	,	99	,	0	>
<356	,	19	,	9	,	1	,	57	,	0	>
<357	,	19	,	9	,	3	,	57	,	2	>
<358	,	19	,	9	,	4	,	57	,	0	>
<359	,	20	,	3	,	1	,	45	,	0	>
<360	,	20	,	3	,	3	,	45	,	0	>
<361	,	20	,	3	,	5	,	45	,	0	>
<362	,	20	,	3	,	6	,	45	,	0	>
<363	,	20	,	3	,	7	,	45	,	0	>
<364	,	20	,	5	,	1	,	68	,	0	>
<365	,	20	,	5	,	3	,	68	,	1	>
<366	,	20	,	5	,	5	,	68	,	0	>
<367	,	20	,	5	,	6	,	68	,	1	>
<368	,	20	,	5	,	7	,	68	,	0	>
<369	,	20	,	7	,	1	,	76	,	0	>
<370	,	20	,	7	,	3	,	76	,	1	>
<371	,	20	,	7	,	5	,	76	,	0	>
<372	,	20	,	7	,	6	,	76	,	1	>
<373	,	20	,	7	,	7	,	76	,	0	>
<374	,	20	,	8	,	1	,	89	,	0	>
<375	,	20	,	8	,	3	,	89	,	1	>
<376	,	20	,	8	,	5	,	89	,	0	>
<377	,	20	,	8	,	6	,	89	,	1	>
<378	,	20	,	8	,	7	,	89	,	0	>
<379	,	20	,	9	,	1	,	33	,	0	>
<380	,	20	,	9	,	3	,	33	,	0	>
<381	,	20	,	9	,	5	,	33	,	0	>
<382	,	20	,	9	,	6	,	33	,	0	>
<383	,	20	,	9	,	7	,	33	,	0	>
<384	,	21	,	3	,	1	,	95	,	0	>
<385	,	21	,	3	,	2	,	95	,	3	>
<386	,	21	,	3	,	6	,	95	,	0	>
<387	,	21	,	4	,	1	,	83	,	0	>
<388	,	21	,	4	,	2	,	83	,	3	>
<389	,	21	,	4	,	6	,	83	,	0	>
<390	,	21	,	6	,	1	,	64	,	0	>
<391	,	21	,	6	,	2	,	64	,	2	>
<392	,	21	,	6	,	6	,	64	,	0	>
<393	,	21	,	9	,	1	,	71	,	0	>
<394	,	21	,	9	,	2	,	71	,	2	>
<395	,	21	,	9	,	6	,	71	,	0	>
<396	,	22	,	2	,	1	,	35	,	0	>
<397	,	22	,	2	,	2	,	35	,	0	>
<398	,	22	,	2	,	4	,	35	,	0	>
<399	,	22	,	2	,	6	,	35	,	0	>
<400	,	22	,	2	,	7	,	35	,	0	>
<401	,	22	,	5	,	1	,	52	,	0	>
<402	,	22	,	5	,	2	,	52	,	1	>
<403	,	22	,	5	,	4	,	52	,	0	>
<404	,	22	,	5	,	6	,	52	,	1	>
<405	,	22	,	5	,	7	,	52	,	0	>
<406	,	22	,	8	,	1	,	26	,	0	>
<407	,	22	,	8	,	2	,	26	,	0	>
<408	,	22	,	8	,	4	,	26	,	0	>
<409	,	22	,	8	,	6	,	26	,	0	>
<410	,	22	,	8	,	7	,	26	,	0	>
<411	,	22	,	9	,	1	,	19	,	0	>
<412	,	22	,	9	,	2	,	19	,	0	>
<413	,	22	,	9	,	4	,	19	,	0	>
<414	,	22	,	9	,	6	,	19	,	0	>
<415	,	22	,	9	,	7	,	19	,	0	>
<416	,	23	,	1	,	1	,	25	,	0	>
<417	,	23	,	1	,	2	,	25	,	0	>
<418	,	23	,	1	,	4	,	25	,	0	>
<419	,	23	,	1	,	5	,	25	,	0	>
<420	,	23	,	2	,	1	,	17	,	0	>
<421	,	23	,	2	,	2	,	17	,	0	>
<422	,	23	,	2	,	4	,	17	,	0	>
<423	,	23	,	2	,	5	,	17	,	0	>
<424	,	23	,	5	,	1	,	20	,	0	>
<425	,	23	,	5	,	2	,	20	,	0	>
<426	,	23	,	5	,	4	,	20	,	0	>
<427	,	23	,	5	,	5	,	20	,	0	>
<428	,	23	,	6	,	1	,	28	,	0	>
<429	,	23	,	6	,	2	,	28	,	1	>
<430	,	23	,	6	,	4	,	28	,	0	>
<431	,	23	,	6	,	5	,	28	,	1	>
<432	,	23	,	7	,	1	,	38	,	0	>
<433	,	23	,	7	,	2	,	38	,	1	>
<434	,	23	,	7	,	4	,	38	,	0	>
<435	,	23	,	7	,	5	,	38	,	1	>
<436	,	23	,	8	,	1	,	47	,	0	>
<437	,	23	,	8	,	2	,	47	,	1	>
<438	,	23	,	8	,	4	,	47	,	0	>
<439	,	23	,	8	,	5	,	47	,	1	>
<440	,	24	,	2	,	1	,	85	,	0	>
<441	,	24	,	2	,	2	,	85	,	1	>
<442	,	24	,	2	,	4	,	85	,	0	>
<443	,	24	,	2	,	6	,	85	,	1	>
<444	,	24	,	2	,	7	,	85	,	0	>
<445	,	24	,	3	,	1	,	80	,	0	>
<446	,	24	,	3	,	2	,	80	,	1	>
<447	,	24	,	3	,	4	,	80	,	0	>
<448	,	24	,	3	,	6	,	80	,	1	>
<449	,	24	,	3	,	7	,	80	,	0	>
<450	,	24	,	6	,	1	,	83	,	0	>
<451	,	24	,	6	,	2	,	83	,	1	>
<452	,	24	,	6	,	4	,	83	,	0	>
<453	,	24	,	6	,	6	,	83	,	1	>
<454	,	24	,	6	,	7	,	83	,	0	>
<455	,	24	,	8	,	1	,	51	,	0	>
<456	,	24	,	8	,	2	,	51	,	1	>
<457	,	24	,	8	,	4	,	51	,	0	>
<458	,	24	,	8	,	6	,	51	,	1	>
<459	,	24	,	8	,	7	,	51	,	0	>
<460	,	25	,	2	,	1	,	76	,	0	>
<461	,	25	,	2	,	4	,	76	,	3	>
<462	,	25	,	2	,	7	,	76	,	0	>
<463	,	25	,	3	,	1	,	42	,	0	>
<464	,	25	,	3	,	4	,	42	,	1	>
<465	,	25	,	3	,	7	,	42	,	0	>
<466	,	25	,	4	,	1	,	88	,	0	>
<467	,	25	,	4	,	4	,	88	,	3	>
<468	,	25	,	4	,	7	,	88	,	0	>
<469	,	25	,	5	,	1	,	59	,	0	>
<470	,	25	,	5	,	4	,	59	,	2	>
<471	,	25	,	5	,	7	,	59	,	0	>
<472	,	25	,	7	,	1	,	79	,	0	>
<473	,	25	,	7	,	4	,	79	,	3	>
<474	,	25	,	7	,	7	,	79	,	0	>
<475	,	25	,	8	,	1	,	77	,	0	>
<476	,	25	,	8	,	4	,	77	,	3	>
<477	,	25	,	8	,	7	,	77	,	0	>
<478	,	26	,	2	,	2	,	13	,	0	>
<479	,	26	,	2	,	3	,	13	,	0	>
<480	,	26	,	2	,	4	,	13	,	0	>
<481	,	26	,	2	,	5	,	13	,	0	>
<482	,	26	,	2	,	6	,	13	,	0	>
<483	,	26	,	3	,	2	,	23	,	0	>
<484	,	26	,	3	,	3	,	23	,	0	>
<485	,	26	,	3	,	4	,	23	,	0	>
<486	,	26	,	3	,	5	,	23	,	0	>
<487	,	26	,	3	,	6	,	23	,	0	>
<488	,	26	,	5	,	2	,	35	,	0	>
<489	,	26	,	5	,	3	,	35	,	0	>
<490	,	26	,	5	,	4	,	35	,	0	>
<491	,	26	,	5	,	5	,	35	,	0	>
<492	,	26	,	5	,	6	,	35	,	0	>
<493	,	26	,	6	,	2	,	29	,	0	>
<494	,	26	,	6	,	3	,	29	,	0	>
<495	,	26	,	6	,	4	,	29	,	0	>
<496	,	26	,	6	,	5	,	29	,	0	>
<497	,	26	,	6	,	6	,	29	,	0	>
<498	,	26	,	7	,	2	,	12	,	0	>
<499	,	26	,	7	,	3	,	12	,	0	>
<500	,	26	,	7	,	4	,	12	,	0	>
<501	,	26	,	7	,	5	,	12	,	0	>
<502	,	26	,	7	,	6	,	12	,	0	>
<503	,	26	,	9	,	2	,	14	,	0	>
<504	,	26	,	9	,	3	,	14	,	0	>
<505	,	26	,	9	,	4	,	14	,	0	>
<506	,	26	,	9	,	5	,	14	,	0	>
<507	,	26	,	9	,	6	,	14	,	0	>
<508	,	27	,	1	,	3	,	16	,	0	>
<509	,	27	,	1	,	5	,	16	,	0	>
<510	,	27	,	1	,	6	,	16	,	0	>
<511	,	27	,	1	,	7	,	16	,	0	>
<512	,	27	,	2	,	3	,	8	,	0	>
<513	,	27	,	2	,	5	,	8	,	0	>
<514	,	27	,	2	,	6	,	8	,	0	>
<515	,	27	,	2	,	7	,	8	,	0	>
<516	,	27	,	3	,	3	,	17	,	0	>
<517	,	27	,	3	,	5	,	17	,	0	>
<518	,	27	,	3	,	6	,	17	,	0	>
<519	,	27	,	3	,	7	,	17	,	0	>
<520	,	27	,	4	,	3	,	15	,	0	>
<521	,	27	,	4	,	5	,	15	,	0	>
<522	,	27	,	4	,	6	,	15	,	0	>
<523	,	27	,	4	,	7	,	15	,	0	>
<524	,	27	,	6	,	3	,	14	,	0	>
<525	,	27	,	6	,	5	,	14	,	0	>
<526	,	27	,	6	,	6	,	14	,	0	>
<527	,	27	,	6	,	7	,	14	,	0	>
<528	,	27	,	8	,	3	,	8	,	0	>
<529	,	27	,	8	,	5	,	8	,	0	>
<530	,	27	,	8	,	6	,	8	,	0	>
<531	,	27	,	8	,	7	,	8	,	0	>
<532	,	28	,	3	,	1	,	88	,	0	>
<533	,	28	,	3	,	2	,	88	,	1	>
<534	,	28	,	3	,	3	,	88	,	0	>
<535	,	28	,	3	,	4	,	88	,	1	>
<536	,	28	,	3	,	5	,	88	,	0	>
<537	,	28	,	4	,	1	,	80	,	0	>
<538	,	28	,	4	,	2	,	80	,	1	>
<539	,	28	,	4	,	3	,	80	,	0	>
<540	,	28	,	4	,	4	,	80	,	1	>
<541	,	28	,	4	,	5	,	80	,	0	>
<542	,	28	,	7	,	1	,	98	,	0	>
<543	,	28	,	7	,	2	,	98	,	1	>
<544	,	28	,	7	,	3	,	98	,	0	>
<545	,	28	,	7	,	4	,	98	,	1	>
<546	,	28	,	7	,	5	,	98	,	0	>
<547	,	28	,	8	,	1	,	89	,	0	>
<548	,	28	,	8	,	2	,	89	,	1	>
<549	,	28	,	8	,	3	,	89	,	0	>
<550	,	28	,	8	,	4	,	89	,	1	>
<551	,	28	,	8	,	5	,	89	,	0	>
<552	,	29	,	1	,	1	,	33	,	0	>
<553	,	29	,	1	,	2	,	33	,	1	>
<554	,	29	,	1	,	5	,	33	,	0	>
<555	,	29	,	3	,	1	,	51	,	0	>
<556	,	29	,	3	,	2	,	51	,	2	>
<557	,	29	,	3	,	5	,	51	,	0	>
<558	,	29	,	4	,	1	,	28	,	0	>
<559	,	29	,	4	,	2	,	28	,	1	>
<560	,	29	,	4	,	5	,	28	,	0	>
<561	,	29	,	5	,	1	,	68	,	0	>
<562	,	29	,	5	,	2	,	68	,	2	>
<563	,	29	,	5	,	5	,	68	,	0	>
<564	,	29	,	8	,	1	,	23	,	0	>
<565	,	29	,	8	,	2	,	23	,	1	>
<566	,	29	,	8	,	5	,	23	,	0	>
<567	,	29	,	9	,	1	,	31	,	0	>
<568	,	29	,	9	,	2	,	31	,	1	>
<569	,	29	,	9	,	5	,	31	,	0	>
<570	,	30	,	1	,	2	,	83	,	0	>
<571	,	30	,	1	,	4	,	83	,	1	>
<572	,	30	,	1	,	5	,	83	,	0	>
<573	,	30	,	1	,	6	,	83	,	1	>
<574	,	30	,	1	,	7	,	83	,	0	>
<575	,	30	,	2	,	2	,	33	,	0	>
<576	,	30	,	2	,	4	,	33	,	0	>
<577	,	30	,	2	,	5	,	33	,	0	>
<578	,	30	,	2	,	6	,	33	,	0	>
<579	,	30	,	2	,	7	,	33	,	0	>
<580	,	30	,	4	,	2	,	29	,	0	>
<581	,	30	,	4	,	4	,	29	,	0	>
<582	,	30	,	4	,	5	,	29	,	0	>
<583	,	30	,	4	,	6	,	29	,	0	>
<584	,	30	,	4	,	7	,	29	,	0	>
<585	,	30	,	6	,	2	,	59	,	0	>
<586	,	30	,	6	,	4	,	59	,	1	>
<587	,	30	,	6	,	5	,	59	,	0	>
<588	,	30	,	6	,	6	,	59	,	1	>
<589	,	30	,	6	,	7	,	59	,	0	>
<590	,	30	,	8	,	2	,	68	,	0	>
<591	,	30	,	8	,	4	,	68	,	1	>
<592	,	30	,	8	,	5	,	68	,	0	>
<593	,	30	,	8	,	6	,	68	,	1	>
<594	,	30	,	8	,	7	,	68	,	0	>
<595	,	31	,	1	,	3	,	83	,	0	>
<596	,	31	,	1	,	4	,	83	,	3	>
<597	,	31	,	1	,	6	,	83	,	0	>
<598	,	31	,	6	,	3	,	85	,	0	>
<599	,	31	,	6	,	4	,	85	,	3	>
<600	,	31	,	6	,	6	,	85	,	0	>
<601	,	31	,	7	,	3	,	93	,	0	>
<602	,	31	,	7	,	4	,	93	,	3	>
<603	,	31	,	7	,	6	,	93	,	0	>
<604	,	31	,	8	,	3	,	94	,	0	>
<605	,	31	,	8	,	4	,	94	,	3	>
<606	,	31	,	8	,	6	,	94	,	0	>
<607	,	31	,	9	,	3	,	89	,	0	>
<608	,	31	,	9	,	4	,	89	,	3	>
<609	,	31	,	9	,	6	,	89	,	0	>
<610	,	32	,	3	,	3	,	79	,	0	>
<611	,	32	,	3	,	4	,	79	,	1	>
<612	,	32	,	3	,	6	,	79	,	0	>
<613	,	32	,	3	,	7	,	79	,	1	>
<614	,	32	,	6	,	3	,	88	,	0	>
<615	,	32	,	6	,	4	,	88	,	2	>
<616	,	32	,	6	,	6	,	88	,	0	>
<617	,	32	,	6	,	7	,	88	,	2	>
<618	,	32	,	7	,	3	,	41	,	0	>
<619	,	32	,	7	,	4	,	41	,	1	>
<620	,	32	,	7	,	6	,	41	,	0	>
<621	,	32	,	7	,	7	,	41	,	1	>
<622	,	32	,	9	,	3	,	92	,	0	>
<623	,	32	,	9	,	4	,	92	,	2	>
<624	,	32	,	9	,	6	,	92	,	0	>
<625	,	32	,	9	,	7	,	92	,	2	>
<626	,	33	,	1	,	1	,	97	,	0	>
<627	,	33	,	1	,	2	,	97	,	2	>
<628	,	33	,	1	,	4	,	97	,	0	>
<629	,	33	,	1	,	5	,	97	,	2	>
<630	,	33	,	2	,	1	,	80	,	0	>
<631	,	33	,	2	,	2	,	80	,	2	>
<632	,	33	,	2	,	4	,	80	,	0	>
<633	,	33	,	2	,	5	,	80	,	2	>
<634	,	33	,	3	,	1	,	72	,	0	>
<635	,	33	,	3	,	2	,	72	,	1	>
<636	,	33	,	3	,	4	,	72	,	0	>
<637	,	33	,	3	,	5	,	72	,	1	>
<638	,	33	,	5	,	1	,	76	,	0	>
<639	,	33	,	5	,	2	,	76	,	1	>
<640	,	33	,	5	,	4	,	76	,	0	>
<641	,	33	,	5	,	5	,	76	,	1	>
<642	,	33	,	6	,	1	,	68	,	0	>
<643	,	33	,	6	,	2	,	68	,	1	>
<644	,	33	,	6	,	4	,	68	,	0	>
<645	,	33	,	6	,	5	,	68	,	1	>
<646	,	33	,	7	,	1	,	68	,	0	>
<647	,	33	,	7	,	2	,	68	,	1	>
<648	,	33	,	7	,	4	,	68	,	0	>
<649	,	33	,	7	,	5	,	68	,	1	>
<650	,	34	,	2	,	1	,	68	,	0	>
<651	,	34	,	2	,	2	,	68	,	1	>
<652	,	34	,	2	,	4	,	68	,	0	>
<653	,	34	,	2	,	6	,	68	,	1	>
<654	,	34	,	3	,	1	,	78	,	0	>
<655	,	34	,	3	,	2	,	78	,	1	>
<656	,	34	,	3	,	4	,	78	,	0	>
<657	,	34	,	3	,	6	,	78	,	1	>
<658	,	34	,	4	,	1	,	93	,	0	>
<659	,	34	,	4	,	2	,	93	,	2	>
<660	,	34	,	4	,	4	,	93	,	0	>
<661	,	34	,	4	,	6	,	93	,	2	>
<662	,	34	,	7	,	1	,	49	,	0	>
<663	,	34	,	7	,	2	,	49	,	1	>
<664	,	34	,	7	,	4	,	49	,	0	>
<665	,	34	,	7	,	6	,	49	,	1	>
<666	,	34	,	9	,	1	,	44	,	0	>
<667	,	34	,	9	,	2	,	44	,	1	>
<668	,	34	,	9	,	4	,	44	,	0	>
<669	,	34	,	9	,	6	,	44	,	1	>
<670	,	35	,	1	,	1	,	53	,	0	>
<671	,	35	,	1	,	3	,	53	,	2	>
<672	,	35	,	1	,	6	,	53	,	0	>
<673	,	35	,	2	,	1	,	86	,	0	>
<674	,	35	,	2	,	3	,	86	,	3	>
<675	,	35	,	2	,	6	,	86	,	0	>
<676	,	35	,	6	,	1	,	65	,	0	>
<677	,	35	,	6	,	3	,	65	,	2	>
<678	,	35	,	6	,	6	,	65	,	0	>
<679	,	35	,	8	,	1	,	46	,	0	>
<680	,	35	,	8	,	3	,	46	,	2	>
<681	,	35	,	8	,	6	,	46	,	0	>
<682	,	36	,	1	,	3	,	3	,	0	>
<683	,	36	,	1	,	4	,	3	,	0	>
<684	,	36	,	1	,	6	,	3	,	0	>
<685	,	36	,	4	,	3	,	2	,	0	>
<686	,	36	,	4	,	4	,	2	,	0	>
<687	,	36	,	4	,	6	,	2	,	0	>
<688	,	36	,	6	,	3	,	4	,	0	>
<689	,	36	,	6	,	4	,	4	,	0	>
<690	,	36	,	6	,	6	,	4	,	0	>
<691	,	36	,	8	,	3	,	2	,	0	>
<692	,	36	,	8	,	4	,	2	,	0	>
<693	,	36	,	8	,	6	,	2	,	0	>
<694	,	36	,	9	,	3	,	4	,	0	>
<695	,	36	,	9	,	4	,	4	,	0	>
<696	,	36	,	9	,	6	,	4	,	0	>
<697	,	37	,	1	,	1	,	68	,	0	>
<698	,	37	,	1	,	2	,	68	,	2	>
<699	,	37	,	1	,	6	,	68	,	0	>
<700	,	37	,	2	,	1	,	61	,	0	>
<701	,	37	,	2	,	2	,	61	,	2	>
<702	,	37	,	2	,	6	,	61	,	0	>
<703	,	37	,	3	,	1	,	78	,	0	>
<704	,	37	,	3	,	2	,	78	,	3	>
<705	,	37	,	3	,	6	,	78	,	0	>
<706	,	37	,	4	,	1	,	91	,	0	>
<707	,	37	,	4	,	2	,	91	,	3	>
<708	,	37	,	4	,	6	,	91	,	0	>
<709	,	37	,	5	,	1	,	97	,	0	>
<710	,	37	,	5	,	2	,	97	,	3	>
<711	,	37	,	5	,	6	,	97	,	0	>
<712	,	37	,	8	,	1	,	95	,	0	>
<713	,	37	,	8	,	2	,	95	,	3	>
<714	,	37	,	8	,	6	,	95	,	0	>
<715	,	38	,	3	,	2	,	56	,	0	>
<716	,	38	,	3	,	4	,	56	,	2	>
<717	,	38	,	3	,	5	,	56	,	0	>
<718	,	38	,	4	,	2	,	50	,	0	>
<719	,	38	,	4	,	4	,	50	,	2	>
<720	,	38	,	4	,	5	,	50	,	0	>
<721	,	38	,	5	,	2	,	73	,	0	>
<722	,	38	,	5	,	4	,	73	,	2	>
<723	,	38	,	5	,	5	,	73	,	0	>
<724	,	38	,	8	,	2	,	74	,	0	>
<725	,	38	,	8	,	4	,	74	,	2	>
<726	,	38	,	8	,	5	,	74	,	0	>
<727	,	39	,	1	,	1	,	20	,	0	>
<728	,	39	,	1	,	2	,	20	,	0	>
<729	,	39	,	1	,	5	,	20	,	0	>
<730	,	39	,	1	,	6	,	20	,	0	>
<731	,	39	,	1	,	7	,	20	,	0	>
<732	,	39	,	4	,	1	,	12	,	0	>
<733	,	39	,	4	,	2	,	12	,	0	>
<734	,	39	,	4	,	5	,	12	,	0	>
<735	,	39	,	4	,	6	,	12	,	0	>
<736	,	39	,	4	,	7	,	12	,	0	>
<737	,	39	,	5	,	1	,	21	,	0	>
<738	,	39	,	5	,	2	,	21	,	0	>
<739	,	39	,	5	,	5	,	21	,	0	>
<740	,	39	,	5	,	6	,	21	,	0	>
<741	,	39	,	5	,	7	,	21	,	0	>
<742	,	39	,	6	,	1	,	27	,	0	>
<743	,	39	,	6	,	2	,	27	,	0	>
<744	,	39	,	6	,	5	,	27	,	0	>
<745	,	39	,	6	,	6	,	27	,	0	>
<746	,	39	,	6	,	7	,	27	,	0	>
<747	,	39	,	8	,	1	,	27	,	0	>
<748	,	39	,	8	,	2	,	27	,	0	>
<749	,	39	,	8	,	5	,	27	,	0	>
<750	,	39	,	8	,	6	,	27	,	0	>
<751	,	39	,	8	,	7	,	27	,	0	>
<752	,	39	,	9	,	1	,	23	,	0	>
<753	,	39	,	9	,	2	,	23	,	0	>
<754	,	39	,	9	,	5	,	23	,	0	>
<755	,	39	,	9	,	6	,	23	,	0	>
<756	,	39	,	9	,	7	,	23	,	0	>
<757	,	40	,	1	,	4	,	15	,	0	>
<758	,	40	,	1	,	5	,	15	,	0	>
<759	,	40	,	1	,	6	,	15	,	0	>
<760	,	40	,	1	,	7	,	15	,	0	>
<761	,	40	,	3	,	4	,	9	,	0	>
<762	,	40	,	3	,	5	,	9	,	0	>
<763	,	40	,	3	,	6	,	9	,	0	>
<764	,	40	,	3	,	7	,	9	,	0	>
<765	,	40	,	6	,	4	,	7	,	0	>
<766	,	40	,	6	,	5	,	7	,	0	>
<767	,	40	,	6	,	6	,	7	,	0	>
<768	,	40	,	6	,	7	,	7	,	0	>
<769	,	40	,	9	,	4	,	16	,	0	>
<770	,	40	,	9	,	5	,	16	,	0	>
<771	,	40	,	9	,	6	,	16	,	0	>
<772	,	40	,	9	,	7	,	16	,	0	>
<773	,	41	,	3	,	2	,	84	,	0	>
<774	,	41	,	3	,	4	,	84	,	3	>
<775	,	41	,	3	,	5	,	84	,	0	>
<776	,	41	,	5	,	2	,	67	,	0	>
<777	,	41	,	5	,	4	,	67	,	2	>
<778	,	41	,	5	,	5	,	67	,	0	>
<779	,	41	,	6	,	2	,	67	,	0	>
<780	,	41	,	6	,	4	,	67	,	2	>
<781	,	41	,	6	,	5	,	67	,	0	>
<782	,	41	,	8	,	2	,	80	,	0	>
<783	,	41	,	8	,	4	,	80	,	3	>
<784	,	41	,	8	,	5	,	80	,	0	>
<785	,	42	,	2	,	3	,	44	,	0	>
<786	,	42	,	2	,	4	,	44	,	1	>
<787	,	42	,	2	,	5	,	44	,	0	>
<788	,	42	,	2	,	7	,	44	,	1	>
<789	,	42	,	3	,	3	,	80	,	0	>
<790	,	42	,	3	,	4	,	80	,	2	>
<791	,	42	,	3	,	5	,	80	,	0	>
<792	,	42	,	3	,	7	,	80	,	2	>
<793	,	42	,	4	,	3	,	59	,	0	>
<794	,	42	,	4	,	4	,	59	,	1	>
<795	,	42	,	4	,	5	,	59	,	0	>
<796	,	42	,	4	,	7	,	59	,	1	>
<797	,	42	,	5	,	3	,	81	,	0	>
<798	,	42	,	5	,	4	,	81	,	2	>
<799	,	42	,	5	,	5	,	81	,	0	>
<800	,	42	,	5	,	7	,	81	,	2	>
<801	,	42	,	7	,	3	,	70	,	0	>
<802	,	42	,	7	,	4	,	70	,	1	>
<803	,	42	,	7	,	5	,	70	,	0	>
<804	,	42	,	7	,	7	,	70	,	1	>
<805	,	42	,	8	,	3	,	35	,	0	>
<806	,	42	,	8	,	4	,	35	,	1	>
<807	,	42	,	8	,	5	,	35	,	0	>
<808	,	42	,	8	,	7	,	35	,	1	>
<809	,	43	,	2	,	2	,	74	,	0	>
<810	,	43	,	2	,	3	,	74	,	1	>
<811	,	43	,	2	,	4	,	74	,	0	>
<812	,	43	,	2	,	6	,	74	,	1	>
<813	,	43	,	4	,	2	,	63	,	0	>
<814	,	43	,	4	,	3	,	63	,	1	>
<815	,	43	,	4	,	4	,	63	,	0	>
<816	,	43	,	4	,	6	,	63	,	1	>
<817	,	43	,	7	,	2	,	62	,	0	>
<818	,	43	,	7	,	3	,	62	,	1	>
<819	,	43	,	7	,	4	,	62	,	0	>
<820	,	43	,	7	,	6	,	62	,	1	>
<821	,	43	,	9	,	2	,	72	,	0	>
<822	,	43	,	9	,	3	,	72	,	1	>
<823	,	43	,	9	,	4	,	72	,	0	>
<824	,	43	,	9	,	6	,	72	,	1	>
<825	,	44	,	1	,	1	,	23	,	0	>
<826	,	44	,	1	,	6	,	23	,	1	>
<827	,	44	,	1	,	7	,	23	,	0	>
<828	,	44	,	2	,	1	,	16	,	0	>
<829	,	44	,	2	,	6	,	16	,	1	>
<830	,	44	,	2	,	7	,	16	,	0	>
<831	,	44	,	4	,	1	,	40	,	0	>
<832	,	44	,	4	,	6	,	40	,	1	>
<833	,	44	,	4	,	7	,	40	,	0	>
<834	,	44	,	5	,	1	,	21	,	0	>
<835	,	44	,	5	,	6	,	21	,	1	>
<836	,	44	,	5	,	7	,	21	,	0	>
<837	,	44	,	6	,	1	,	46	,	0	>
<838	,	44	,	6	,	6	,	46	,	2	>
<839	,	44	,	6	,	7	,	46	,	0	>
<840	,	44	,	7	,	1	,	29	,	0	>
<841	,	44	,	7	,	6	,	29	,	1	>
<842	,	44	,	7	,	7	,	29	,	0	>
<843	,	45	,	3	,	1	,	97	,	0	>
<844	,	45	,	3	,	4	,	97	,	3	>
<845	,	45	,	3	,	5	,	97	,	0	>
<846	,	45	,	5	,	1	,	99	,	0	>
<847	,	45	,	5	,	4	,	99	,	3	>
<848	,	45	,	5	,	5	,	99	,	0	>
<849	,	45	,	6	,	1	,	98	,	0	>
<850	,	45	,	6	,	4	,	98	,	3	>
<851	,	45	,	6	,	5	,	98	,	0	>
<852	,	45	,	7	,	1	,	98	,	0	>
<853	,	45	,	7	,	4	,	98	,	3	>
<854	,	45	,	7	,	5	,	98	,	0	>
<855	,	46	,	3	,	1	,	8	,	0	>
<856	,	46	,	3	,	2	,	8	,	0	>
<857	,	46	,	3	,	3	,	8	,	0	>
<858	,	46	,	3	,	4	,	8	,	0	>
<859	,	46	,	3	,	7	,	8	,	0	>
<860	,	46	,	4	,	1	,	7	,	0	>
<861	,	46	,	4	,	2	,	7	,	0	>
<862	,	46	,	4	,	3	,	7	,	0	>
<863	,	46	,	4	,	4	,	7	,	0	>
<864	,	46	,	4	,	7	,	7	,	0	>
<865	,	46	,	6	,	1	,	9	,	0	>
<866	,	46	,	6	,	2	,	9	,	0	>
<867	,	46	,	6	,	3	,	9	,	0	>
<868	,	46	,	6	,	4	,	9	,	0	>
<869	,	46	,	6	,	7	,	9	,	0	>
<870	,	46	,	7	,	1	,	20	,	0	>
<871	,	46	,	7	,	2	,	20	,	0	>
<872	,	46	,	7	,	3	,	20	,	0	>
<873	,	46	,	7	,	4	,	20	,	0	>
<874	,	46	,	7	,	7	,	20	,	0	>
<875	,	46	,	8	,	1	,	18	,	0	>
<876	,	46	,	8	,	2	,	18	,	0	>
<877	,	46	,	8	,	3	,	18	,	0	>
<878	,	46	,	8	,	4	,	18	,	0	>
<879	,	46	,	8	,	7	,	18	,	0	>
<880	,	47	,	5	,	1	,	82	,	0	>
<881	,	47	,	5	,	5	,	82	,	2	>
<882	,	47	,	5	,	6	,	82	,	0	>
<883	,	47	,	5	,	7	,	82	,	2	>
<884	,	47	,	6	,	1	,	77	,	0	>
<885	,	47	,	6	,	5	,	77	,	1	>
<886	,	47	,	6	,	6	,	77	,	0	>
<887	,	47	,	6	,	7	,	77	,	1	>
<888	,	47	,	7	,	1	,	77	,	0	>
<889	,	47	,	7	,	5	,	77	,	1	>
<890	,	47	,	7	,	6	,	77	,	0	>
<891	,	47	,	7	,	7	,	77	,	1	>
<892	,	47	,	8	,	1	,	98	,	0	>
<893	,	47	,	8	,	5	,	98	,	2	>
<894	,	47	,	8	,	6	,	98	,	0	>
<895	,	47	,	8	,	7	,	98	,	2	>
<896	,	47	,	9	,	1	,	83	,	0	>
<897	,	47	,	9	,	5	,	83	,	2	>
<898	,	47	,	9	,	6	,	83	,	0	>
<899	,	47	,	9	,	7	,	83	,	2	>
<900	,	48	,	1	,	1	,	95	,	0	>
<901	,	48	,	1	,	2	,	95	,	3	>
<902	,	48	,	1	,	5	,	95	,	0	>
<903	,	48	,	4	,	1	,	97	,	0	>
<904	,	48	,	4	,	2	,	97	,	3	>
<905	,	48	,	4	,	5	,	97	,	0	>
<906	,	48	,	5	,	1	,	97	,	0	>
<907	,	48	,	5	,	2	,	97	,	3	>
<908	,	48	,	5	,	5	,	97	,	0	>
<909	,	48	,	7	,	1	,	98	,	0	>
<910	,	48	,	7	,	2	,	98	,	3	>
<911	,	48	,	7	,	5	,	98	,	0	>
<912	,	48	,	8	,	1	,	95	,	0	>
<913	,	48	,	8	,	2	,	95	,	3	>
<914	,	48	,	8	,	5	,	95	,	0	>
<915	,	48	,	9	,	1	,	96	,	0	>
<916	,	48	,	9	,	2	,	96	,	3	>
<917	,	48	,	9	,	5	,	96	,	0	>
<918	,	49	,	1	,	1	,	92	,	0	>
<919	,	49	,	1	,	2	,	92	,	1	>
<920	,	49	,	1	,	4	,	92	,	0	>
<921	,	49	,	1	,	5	,	92	,	1	>
<922	,	49	,	1	,	7	,	92	,	0	>
<923	,	49	,	6	,	1	,	91	,	0	>
<924	,	49	,	6	,	2	,	91	,	1	>
<925	,	49	,	6	,	4	,	91	,	0	>
<926	,	49	,	6	,	5	,	91	,	1	>
<927	,	49	,	6	,	7	,	91	,	0	>
<928	,	49	,	7	,	1	,	89	,	0	>
<929	,	49	,	7	,	2	,	89	,	1	>
<930	,	49	,	7	,	4	,	89	,	0	>
<931	,	49	,	7	,	5	,	89	,	1	>
<932	,	49	,	7	,	7	,	89	,	0	>
<933	,	49	,	8	,	1	,	80	,	0	>
<934	,	49	,	8	,	2	,	80	,	1	>
<935	,	49	,	8	,	4	,	80	,	0	>
<936	,	49	,	8	,	5	,	80	,	1	>
<937	,	49	,	8	,	7	,	80	,	0	>
<938	,	50	,	4	,	1	,	77	,	0	>
<939	,	50	,	4	,	4	,	77	,	3	>
<940	,	50	,	4	,	7	,	77	,	0	>
<941	,	50	,	5	,	1	,	95	,	0	>
<942	,	50	,	5	,	4	,	95	,	3	>
<943	,	50	,	5	,	7	,	95	,	0	>
<944	,	50	,	7	,	1	,	91	,	0	>
<945	,	50	,	7	,	4	,	91	,	3	>
<946	,	50	,	7	,	7	,	91	,	0	>
<947	,	50	,	8	,	1	,	89	,	0	>
<948	,	50	,	8	,	4	,	89	,	3	>
<949	,	50	,	8	,	7	,	89	,	0	>
<950	,	50	,	9	,	1	,	96	,	0	>
<951	,	50	,	9	,	4	,	96	,	3	>
<952	,	50	,	9	,	7	,	96	,	0	>
<953	,	51	,	4	,	1	,	90	,	0	>
<954	,	51	,	4	,	2	,	90	,	3	>
<955	,	51	,	4	,	4	,	90	,	0	>
<956	,	51	,	5	,	1	,	94	,	0	>
<957	,	51	,	5	,	2	,	94	,	3	>
<958	,	51	,	5	,	4	,	94	,	0	>
<959	,	51	,	6	,	1	,	95	,	0	>
<960	,	51	,	6	,	2	,	95	,	3	>
<961	,	51	,	6	,	4	,	95	,	0	>
<962	,	51	,	8	,	1	,	98	,	0	>
<963	,	51	,	8	,	2	,	98	,	3	>
<964	,	51	,	8	,	4	,	98	,	0	>
<965	,	52	,	2	,	1	,	90	,	0	>
<966	,	52	,	2	,	4	,	90	,	1	>
<967	,	52	,	2	,	5	,	90	,	0	>
<968	,	52	,	2	,	6	,	90	,	1	>
<969	,	52	,	2	,	7	,	90	,	0	>
<970	,	52	,	3	,	1	,	91	,	0	>
<971	,	52	,	3	,	4	,	91	,	1	>
<972	,	52	,	3	,	5	,	91	,	0	>
<973	,	52	,	3	,	6	,	91	,	1	>
<974	,	52	,	3	,	7	,	91	,	0	>
<975	,	52	,	4	,	1	,	78	,	0	>
<976	,	52	,	4	,	4	,	78	,	1	>
<977	,	52	,	4	,	5	,	78	,	0	>
<978	,	52	,	4	,	6	,	78	,	1	>
<979	,	52	,	4	,	7	,	78	,	0	>
<980	,	52	,	6	,	1	,	95	,	0	>
<981	,	52	,	6	,	4	,	95	,	1	>
<982	,	52	,	6	,	5	,	95	,	0	>
<983	,	52	,	6	,	6	,	95	,	1	>
<984	,	52	,	6	,	7	,	95	,	0	>
<985	,	52	,	8	,	1	,	99	,	0	>
<986	,	52	,	8	,	4	,	99	,	1	>
<987	,	52	,	8	,	5	,	99	,	0	>
<988	,	52	,	8	,	6	,	99	,	1	>
<989	,	52	,	8	,	7	,	99	,	0	>
<990	,	52	,	9	,	1	,	94	,	0	>
<991	,	52	,	9	,	4	,	94	,	1	>
<992	,	52	,	9	,	5	,	94	,	0	>
<993	,	52	,	9	,	6	,	94	,	1	>
<994	,	52	,	9	,	7	,	94	,	0	>
<995	,	53	,	1	,	1	,	48	,	0	>
<996	,	53	,	1	,	2	,	48	,	0	>
<997	,	53	,	1	,	3	,	48	,	0	>
<998	,	53	,	1	,	5	,	48	,	0	>
<999	,	53	,	1	,	6	,	48	,	0	>
<1000	,	53	,	3	,	1	,	22	,	0	>
<1001	,	53	,	3	,	2	,	22	,	0	>
<1002	,	53	,	3	,	3	,	22	,	0	>
<1003	,	53	,	3	,	5	,	22	,	0	>
<1004	,	53	,	3	,	6	,	22	,	0	>
<1005	,	53	,	5	,	1	,	25	,	0	>
<1006	,	53	,	5	,	2	,	25	,	0	>
<1007	,	53	,	5	,	3	,	25	,	0	>
<1008	,	53	,	5	,	5	,	25	,	0	>
<1009	,	53	,	5	,	6	,	25	,	0	>
<1010	,	53	,	6	,	1	,	43	,	0	>
<1011	,	53	,	6	,	2	,	43	,	0	>
<1012	,	53	,	6	,	3	,	43	,	0	>
<1013	,	53	,	6	,	5	,	43	,	0	>
<1014	,	53	,	6	,	6	,	43	,	0	>
<1015	,	53	,	8	,	1	,	42	,	0	>
<1016	,	53	,	8	,	2	,	42	,	0	>
<1017	,	53	,	8	,	3	,	42	,	0	>
<1018	,	53	,	8	,	5	,	42	,	0	>
<1019	,	53	,	8	,	6	,	42	,	0	>
<1020	,	53	,	9	,	1	,	28	,	0	>
<1021	,	53	,	9	,	2	,	28	,	0	>
<1022	,	53	,	9	,	3	,	28	,	0	>
<1023	,	53	,	9	,	5	,	28	,	0	>
<1024	,	53	,	9	,	6	,	28	,	0	>
<1025	,	54	,	2	,	3	,	12	,	0	>
<1026	,	54	,	2	,	4	,	12	,	0	>
<1027	,	54	,	2	,	6	,	12	,	0	>
<1028	,	54	,	3	,	3	,	6	,	0	>
<1029	,	54	,	3	,	4	,	6	,	0	>
<1030	,	54	,	3	,	6	,	6	,	0	>
<1031	,	54	,	4	,	3	,	8	,	0	>
<1032	,	54	,	4	,	4	,	8	,	0	>
<1033	,	54	,	4	,	6	,	8	,	0	>
<1034	,	54	,	5	,	3	,	5	,	0	>
<1035	,	54	,	5	,	4	,	5	,	0	>
<1036	,	54	,	5	,	6	,	5	,	0	>
<1037	,	54	,	6	,	3	,	7	,	0	>
<1038	,	54	,	6	,	4	,	7	,	0	>
<1039	,	54	,	6	,	6	,	7	,	0	>
<1040	,	54	,	7	,	3	,	12	,	0	>
<1041	,	54	,	7	,	4	,	12	,	0	>
<1042	,	54	,	7	,	6	,	12	,	0	>
<1043	,	55	,	2	,	3	,	75	,	0	>
<1044	,	55	,	2	,	4	,	75	,	1	>
<1045	,	55	,	2	,	5	,	75	,	0	>
<1046	,	55	,	2	,	7	,	75	,	1	>
<1047	,	55	,	4	,	3	,	76	,	0	>
<1048	,	55	,	4	,	4	,	76	,	1	>
<1049	,	55	,	4	,	5	,	76	,	0	>
<1050	,	55	,	4	,	7	,	76	,	1	>
<1051	,	55	,	5	,	3	,	63	,	0	>
<1052	,	55	,	5	,	4	,	63	,	1	>
<1053	,	55	,	5	,	5	,	63	,	0	>
<1054	,	55	,	5	,	7	,	63	,	1	>
<1055	,	55	,	7	,	3	,	50	,	0	>
<1056	,	55	,	7	,	4	,	50	,	1	>
<1057	,	55	,	7	,	5	,	50	,	0	>
<1058	,	55	,	7	,	7	,	50	,	1	>
<1059	,	55	,	8	,	3	,	79	,	0	>
<1060	,	55	,	8	,	4	,	79	,	1	>
<1061	,	55	,	8	,	5	,	79	,	0	>
<1062	,	55	,	8	,	7	,	79	,	1	>
<1063	,	55	,	9	,	3	,	53	,	0	>
<1064	,	55	,	9	,	4	,	53	,	1	>
<1065	,	55	,	9	,	5	,	53	,	0	>
<1066	,	55	,	9	,	7	,	53	,	1	>
<1067	,	56	,	2	,	1	,	69	,	0	>
<1068	,	56	,	2	,	2	,	69	,	1	>
<1069	,	56	,	2	,	3	,	69	,	0	>
<1070	,	56	,	2	,	4	,	69	,	1	>
<1071	,	56	,	3	,	1	,	82	,	0	>
<1072	,	56	,	3	,	2	,	82	,	2	>
<1073	,	56	,	3	,	3	,	82	,	0	>
<1074	,	56	,	3	,	4	,	82	,	2	>
<1075	,	56	,	5	,	1	,	68	,	0	>
<1076	,	56	,	5	,	2	,	68	,	1	>
<1077	,	56	,	5	,	3	,	68	,	0	>
<1078	,	56	,	5	,	4	,	68	,	1	>
<1079	,	56	,	6	,	1	,	76	,	0	>
<1080	,	56	,	6	,	2	,	76	,	1	>
<1081	,	56	,	6	,	3	,	76	,	0	>
<1082	,	56	,	6	,	4	,	76	,	1	>
<1083	,	56	,	8	,	1	,	86	,	0	>
<1084	,	56	,	8	,	2	,	86	,	2	>
<1085	,	56	,	8	,	3	,	86	,	0	>
<1086	,	56	,	8	,	4	,	86	,	2	>
<1087	,	56	,	9	,	1	,	71	,	0	>
<1088	,	56	,	9	,	2	,	71	,	1	>
<1089	,	56	,	9	,	3	,	71	,	0	>
<1090	,	56	,	9	,	4	,	71	,	1	>
<1091	,	57	,	2	,	1	,	30	,	0	>
<1092	,	57	,	2	,	3	,	30	,	0	>
<1093	,	57	,	2	,	4	,	30	,	0	>
<1094	,	57	,	2	,	5	,	30	,	0	>
<1095	,	57	,	2	,	6	,	30	,	0	>
<1096	,	57	,	3	,	1	,	27	,	0	>
<1097	,	57	,	3	,	3	,	27	,	0	>
<1098	,	57	,	3	,	4	,	27	,	0	>
<1099	,	57	,	3	,	5	,	27	,	0	>
<1100	,	57	,	3	,	6	,	27	,	0	>
<1101	,	57	,	4	,	1	,	71	,	0	>
<1102	,	57	,	4	,	3	,	71	,	1	>
<1103	,	57	,	4	,	4	,	71	,	0	>
<1104	,	57	,	4	,	5	,	71	,	1	>
<1105	,	57	,	4	,	6	,	71	,	0	>
<1106	,	57	,	5	,	1	,	41	,	0	>
<1107	,	57	,	5	,	3	,	41	,	0	>
<1108	,	57	,	5	,	4	,	41	,	0	>
<1109	,	57	,	5	,	5	,	41	,	0	>
<1110	,	57	,	5	,	6	,	41	,	0	>
<1111	,	57	,	8	,	1	,	53	,	0	>
<1112	,	57	,	8	,	3	,	53	,	1	>
<1113	,	57	,	8	,	4	,	53	,	0	>
<1114	,	57	,	8	,	5	,	53	,	1	>
<1115	,	57	,	8	,	6	,	53	,	0	>
<1116	,	57	,	9	,	1	,	80	,	0	>
<1117	,	57	,	9	,	3	,	80	,	1	>
<1118	,	57	,	9	,	4	,	80	,	0	>
<1119	,	57	,	9	,	5	,	80	,	1	>
<1120	,	57	,	9	,	6	,	80	,	0	>
<1121	,	58	,	1	,	1	,	84	,	0	>
<1122	,	58	,	1	,	2	,	84	,	2	>
<1123	,	58	,	1	,	3	,	84	,	0	>
<1124	,	58	,	1	,	7	,	84	,	2	>
<1125	,	58	,	2	,	1	,	83	,	0	>
<1126	,	58	,	2	,	2	,	83	,	2	>
<1127	,	58	,	2	,	3	,	83	,	0	>
<1128	,	58	,	2	,	7	,	83	,	2	>
<1129	,	58	,	3	,	1	,	82	,	0	>
<1130	,	58	,	3	,	2	,	82	,	2	>
<1131	,	58	,	3	,	3	,	82	,	0	>
<1132	,	58	,	3	,	7	,	82	,	2	>
<1133	,	58	,	4	,	1	,	80	,	0	>
<1134	,	58	,	4	,	2	,	80	,	2	>
<1135	,	58	,	4	,	3	,	80	,	0	>
<1136	,	58	,	4	,	7	,	80	,	2	>
<1137	,	58	,	5	,	1	,	68	,	0	>
<1138	,	58	,	5	,	2	,	68	,	1	>
<1139	,	58	,	5	,	3	,	68	,	0	>
<1140	,	58	,	5	,	7	,	68	,	1	>
<1141	,	58	,	7	,	1	,	97	,	0	>
<1142	,	58	,	7	,	2	,	97	,	2	>
<1143	,	58	,	7	,	3	,	97	,	0	>
<1144	,	58	,	7	,	7	,	97	,	2	>
<1145	,	59	,	2	,	1	,	46	,	0	>
<1146	,	59	,	2	,	3	,	46	,	0	>
<1147	,	59	,	2	,	4	,	46	,	0	>
<1148	,	59	,	2	,	5	,	46	,	0	>
<1149	,	59	,	2	,	7	,	46	,	0	>
<1150	,	59	,	3	,	1	,	42	,	0	>
<1151	,	59	,	3	,	3	,	42	,	0	>
<1152	,	59	,	3	,	4	,	42	,	0	>
<1153	,	59	,	3	,	5	,	42	,	0	>
<1154	,	59	,	3	,	7	,	42	,	0	>
<1155	,	59	,	4	,	1	,	46	,	0	>
<1156	,	59	,	4	,	3	,	46	,	0	>
<1157	,	59	,	4	,	4	,	46	,	0	>
<1158	,	59	,	4	,	5	,	46	,	0	>
<1159	,	59	,	4	,	7	,	46	,	0	>
<1160	,	59	,	8	,	1	,	20	,	0	>
<1161	,	59	,	8	,	3	,	20	,	0	>
<1162	,	59	,	8	,	4	,	20	,	0	>
<1163	,	59	,	8	,	5	,	20	,	0	>
<1164	,	59	,	8	,	7	,	20	,	0	>
<1165	,	59	,	9	,	1	,	31	,	0	>
<1166	,	59	,	9	,	3	,	31	,	0	>
<1167	,	59	,	9	,	4	,	31	,	0	>
<1168	,	59	,	9	,	5	,	31	,	0	>
<1169	,	59	,	9	,	7	,	31	,	0	>
<1170	,	60	,	1	,	1	,	77	,	0	>
<1171	,	60	,	1	,	3	,	77	,	1	>
<1172	,	60	,	1	,	4	,	77	,	0	>
<1173	,	60	,	1	,	5	,	77	,	1	>
<1174	,	60	,	1	,	7	,	77	,	0	>
<1175	,	60	,	4	,	1	,	43	,	0	>
<1176	,	60	,	4	,	3	,	43	,	0	>
<1177	,	60	,	4	,	4	,	43	,	0	>
<1178	,	60	,	4	,	5	,	43	,	0	>
<1179	,	60	,	4	,	7	,	43	,	0	>
<1180	,	60	,	5	,	1	,	38	,	0	>
<1181	,	60	,	5	,	3	,	38	,	0	>
<1182	,	60	,	5	,	4	,	38	,	0	>
<1183	,	60	,	5	,	5	,	38	,	0	>
<1184	,	60	,	5	,	7	,	38	,	0	>
<1185	,	60	,	6	,	1	,	87	,	0	>
<1186	,	60	,	6	,	3	,	87	,	1	>
<1187	,	60	,	6	,	4	,	87	,	0	>
<1188	,	60	,	6	,	5	,	87	,	1	>
<1189	,	60	,	6	,	7	,	87	,	0	>
<1190	,	60	,	7	,	1	,	74	,	0	>
<1191	,	60	,	7	,	3	,	74	,	1	>
<1192	,	60	,	7	,	4	,	74	,	0	>
<1193	,	60	,	7	,	5	,	74	,	1	>
<1194	,	60	,	7	,	7	,	74	,	0	>
<1195	,	60	,	8	,	1	,	81	,	0	>
<1196	,	60	,	8	,	3	,	81	,	1	>
<1197	,	60	,	8	,	4	,	81	,	0	>
<1198	,	60	,	8	,	5	,	81	,	1	>
<1199	,	60	,	8	,	7	,	81	,	0	>
<1200	,	61	,	1	,	1	,	24	,	0	>
<1201	,	61	,	1	,	3	,	24	,	0	>
<1202	,	61	,	1	,	4	,	24	,	0	>
<1203	,	61	,	1	,	5	,	24	,	0	>
<1204	,	61	,	5	,	1	,	63	,	0	>
<1205	,	61	,	5	,	3	,	63	,	1	>
<1206	,	61	,	5	,	4	,	63	,	0	>
<1207	,	61	,	5	,	5	,	63	,	1	>
<1208	,	61	,	6	,	1	,	66	,	0	>
<1209	,	61	,	6	,	3	,	66	,	1	>
<1210	,	61	,	6	,	4	,	66	,	0	>
<1211	,	61	,	6	,	5	,	66	,	1	>
<1212	,	61	,	7	,	1	,	48	,	0	>
<1213	,	61	,	7	,	3	,	48	,	1	>
<1214	,	61	,	7	,	4	,	48	,	0	>
<1215	,	61	,	7	,	5	,	48	,	1	>
<1216	,	62	,	1	,	1	,	36	,	0	>
<1217	,	62	,	1	,	5	,	36	,	1	>
<1218	,	62	,	1	,	6	,	36	,	0	>
<1219	,	62	,	1	,	7	,	36	,	1	>
<1220	,	62	,	3	,	1	,	52	,	0	>
<1221	,	62	,	3	,	5	,	52	,	1	>
<1222	,	62	,	3	,	6	,	52	,	0	>
<1223	,	62	,	3	,	7	,	52	,	1	>
<1224	,	62	,	4	,	1	,	44	,	0	>
<1225	,	62	,	4	,	5	,	44	,	1	>
<1226	,	62	,	4	,	6	,	44	,	0	>
<1227	,	62	,	4	,	7	,	44	,	1	>
<1228	,	62	,	6	,	1	,	59	,	0	>
<1229	,	62	,	6	,	5	,	59	,	1	>
<1230	,	62	,	6	,	6	,	59	,	0	>
<1231	,	62	,	6	,	7	,	59	,	1	>
<1232	,	62	,	7	,	1	,	68	,	0	>
<1233	,	62	,	7	,	5	,	68	,	1	>
<1234	,	62	,	7	,	6	,	68	,	0	>
<1235	,	62	,	7	,	7	,	68	,	1	>
<1236	,	62	,	9	,	1	,	32	,	0	>
<1237	,	62	,	9	,	5	,	32	,	1	>
<1238	,	62	,	9	,	6	,	32	,	0	>
<1239	,	62	,	9	,	7	,	32	,	1	>
<1240	,	63	,	2	,	1	,	67	,	0	>
<1241	,	63	,	2	,	2	,	67	,	2	>
<1242	,	63	,	2	,	7	,	67	,	0	>
<1243	,	63	,	3	,	1	,	85	,	0	>
<1244	,	63	,	3	,	2	,	85	,	3	>
<1245	,	63	,	3	,	7	,	85	,	0	>
<1246	,	63	,	7	,	1	,	45	,	0	>
<1247	,	63	,	7	,	2	,	45	,	2	>
<1248	,	63	,	7	,	7	,	45	,	0	>
<1249	,	63	,	9	,	1	,	45	,	0	>
<1250	,	63	,	9	,	2	,	45	,	2	>
<1251	,	63	,	9	,	7	,	45	,	0	>
<1252	,	64	,	1	,	2	,	96	,	0	>
<1253	,	64	,	1	,	4	,	96	,	3	>
<1254	,	64	,	1	,	7	,	96	,	0	>
<1255	,	64	,	2	,	2	,	95	,	0	>
<1256	,	64	,	2	,	4	,	95	,	3	>
<1257	,	64	,	2	,	7	,	95	,	0	>
<1258	,	64	,	4	,	2	,	96	,	0	>
<1259	,	64	,	4	,	4	,	96	,	3	>
<1260	,	64	,	4	,	7	,	96	,	0	>
<1261	,	64	,	6	,	2	,	96	,	0	>
<1262	,	64	,	6	,	4	,	96	,	3	>
<1263	,	64	,	6	,	7	,	96	,	0	>
<1264	,	64	,	7	,	2	,	95	,	0	>
<1265	,	64	,	7	,	4	,	95	,	3	>
<1266	,	64	,	7	,	7	,	95	,	0	>
<1267	,	64	,	8	,	2	,	96	,	0	>
<1268	,	64	,	8	,	4	,	96	,	3	>
<1269	,	64	,	8	,	7	,	96	,	0	>
<1270	,	65	,	1	,	1	,	96	,	0	>
<1271	,	65	,	1	,	4	,	96	,	1	>
<1272	,	65	,	1	,	5	,	96	,	0	>
<1273	,	65	,	1	,	6	,	96	,	1	>
<1274	,	65	,	1	,	7	,	96	,	0	>
<1275	,	65	,	3	,	1	,	90	,	0	>
<1276	,	65	,	3	,	4	,	90	,	1	>
<1277	,	65	,	3	,	5	,	90	,	0	>
<1278	,	65	,	3	,	6	,	90	,	1	>
<1279	,	65	,	3	,	7	,	90	,	0	>
<1280	,	65	,	4	,	1	,	95	,	0	>
<1281	,	65	,	4	,	4	,	95	,	1	>
<1282	,	65	,	4	,	5	,	95	,	0	>
<1283	,	65	,	4	,	6	,	95	,	1	>
<1284	,	65	,	4	,	7	,	95	,	0	>
<1285	,	65	,	6	,	1	,	83	,	0	>
<1286	,	65	,	6	,	4	,	83	,	1	>
<1287	,	65	,	6	,	5	,	83	,	0	>
<1288	,	65	,	6	,	6	,	83	,	1	>
<1289	,	65	,	6	,	7	,	83	,	0	>
<1290	,	65	,	9	,	1	,	83	,	0	>
<1291	,	65	,	9	,	4	,	83	,	1	>
<1292	,	65	,	9	,	5	,	83	,	0	>
<1293	,	65	,	9	,	6	,	83	,	1	>
<1294	,	65	,	9	,	7	,	83	,	0	>
<1295	,	66	,	1	,	2	,	75	,	0	>
<1296	,	66	,	1	,	4	,	75	,	1	>
<1297	,	66	,	1	,	5	,	75	,	0	>
<1298	,	66	,	1	,	6	,	75	,	1	>
<1299	,	66	,	4	,	2	,	44	,	0	>
<1300	,	66	,	4	,	4	,	44	,	1	>
<1301	,	66	,	4	,	5	,	44	,	0	>
<1302	,	66	,	4	,	6	,	44	,	1	>
<1303	,	66	,	5	,	2	,	49	,	0	>
<1304	,	66	,	5	,	4	,	49	,	1	>
<1305	,	66	,	5	,	5	,	49	,	0	>
<1306	,	66	,	5	,	6	,	49	,	1	>
<1307	,	66	,	6	,	2	,	48	,	0	>
<1308	,	66	,	6	,	4	,	48	,	1	>
<1309	,	66	,	6	,	5	,	48	,	0	>
<1310	,	66	,	6	,	6	,	48	,	1	>
<1311	,	66	,	7	,	2	,	75	,	0	>
<1312	,	66	,	7	,	4	,	75	,	1	>
<1313	,	66	,	7	,	5	,	75	,	0	>
<1314	,	66	,	7	,	6	,	75	,	1	>
<1315	,	66	,	8	,	2	,	31	,	0	>
<1316	,	66	,	8	,	4	,	31	,	1	>
<1317	,	66	,	8	,	5	,	31	,	0	>
<1318	,	66	,	8	,	6	,	31	,	1	>
<1319	,	67	,	2	,	2	,	94	,	0	>
<1320	,	67	,	2	,	4	,	94	,	3	>
<1321	,	67	,	2	,	6	,	94	,	0	>
<1322	,	67	,	5	,	2	,	96	,	0	>
<1323	,	67	,	5	,	4	,	96	,	3	>
<1324	,	67	,	5	,	6	,	96	,	0	>
<1325	,	67	,	7	,	2	,	47	,	0	>
<1326	,	67	,	7	,	4	,	47	,	2	>
<1327	,	67	,	7	,	6	,	47	,	0	>
<1328	,	67	,	9	,	2	,	83	,	0	>
<1329	,	67	,	9	,	4	,	83	,	3	>
<1330	,	67	,	9	,	6	,	83	,	0	>
<1331	,	68	,	1	,	1	,	72	,	0	>
<1332	,	68	,	1	,	6	,	72	,	2	>
<1333	,	68	,	1	,	7	,	72	,	0	>
<1334	,	68	,	3	,	1	,	51	,	0	>
<1335	,	68	,	3	,	6	,	51	,	2	>
<1336	,	68	,	3	,	7	,	51	,	0	>
<1337	,	68	,	4	,	1	,	46	,	0	>
<1338	,	68	,	4	,	6	,	46	,	2	>
<1339	,	68	,	4	,	7	,	46	,	0	>
<1340	,	68	,	5	,	1	,	98	,	0	>
<1341	,	68	,	5	,	6	,	98	,	3	>
<1342	,	68	,	5	,	7	,	98	,	0	>
<1343	,	68	,	6	,	1	,	76	,	0	>
<1344	,	68	,	6	,	6	,	76	,	3	>
<1345	,	68	,	6	,	7	,	76	,	0	>
<1346	,	68	,	9	,	1	,	52	,	0	>
<1347	,	68	,	9	,	6	,	52	,	2	>
<1348	,	68	,	9	,	7	,	52	,	0	>
<1349	,	69	,	1	,	1	,	11	,	0	>
<1350	,	69	,	1	,	2	,	11	,	0	>
<1351	,	69	,	1	,	5	,	11	,	0	>
<1352	,	69	,	1	,	7	,	11	,	0	>
<1353	,	69	,	2	,	1	,	11	,	0	>
<1354	,	69	,	2	,	2	,	11	,	0	>
<1355	,	69	,	2	,	5	,	11	,	0	>
<1356	,	69	,	2	,	7	,	11	,	0	>
<1357	,	69	,	3	,	1	,	33	,	0	>
<1358	,	69	,	3	,	2	,	33	,	1	>
<1359	,	69	,	3	,	5	,	33	,	0	>
<1360	,	69	,	3	,	7	,	33	,	1	>
<1361	,	69	,	9	,	1	,	15	,	0	>
<1362	,	69	,	9	,	2	,	15	,	0	>
<1363	,	69	,	9	,	5	,	15	,	0	>
<1364	,	69	,	9	,	7	,	15	,	0	>
<1365	,	70	,	2	,	1	,	77	,	0	>
<1366	,	70	,	2	,	3	,	77	,	3	>
<1367	,	70	,	2	,	6	,	77	,	0	>
<1368	,	70	,	3	,	1	,	72	,	0	>
<1369	,	70	,	3	,	3	,	72	,	2	>
<1370	,	70	,	3	,	6	,	72	,	0	>
<1371	,	70	,	4	,	1	,	38	,	0	>
<1372	,	70	,	4	,	3	,	38	,	1	>
<1373	,	70	,	4	,	6	,	38	,	0	>
<1374	,	70	,	8	,	1	,	38	,	0	>
<1375	,	70	,	8	,	3	,	38	,	1	>
<1376	,	70	,	8	,	6	,	38	,	0	>
<1377	,	70	,	9	,	1	,	26	,	0	>
<1378	,	70	,	9	,	3	,	26	,	1	>
<1379	,	70	,	9	,	6	,	26	,	0	>
<1380	,	71	,	2	,	1	,	78	,	0	>
<1381	,	71	,	2	,	5	,	78	,	1	>
<1382	,	71	,	2	,	6	,	78	,	0	>
<1383	,	71	,	2	,	7	,	78	,	1	>
<1384	,	71	,	4	,	1	,	87	,	0	>
<1385	,	71	,	4	,	5	,	87	,	2	>
<1386	,	71	,	4	,	6	,	87	,	0	>
<1387	,	71	,	4	,	7	,	87	,	2	>
<1388	,	71	,	6	,	1	,	38	,	0	>
<1389	,	71	,	6	,	5	,	38	,	1	>
<1390	,	71	,	6	,	6	,	38	,	0	>
<1391	,	71	,	6	,	7	,	38	,	1	>
<1392	,	71	,	7	,	1	,	35	,	0	>
<1393	,	71	,	7	,	5	,	35	,	1	>
<1394	,	71	,	7	,	6	,	35	,	0	>
<1395	,	71	,	7	,	7	,	35	,	1	>
<1396	,	71	,	8	,	1	,	47	,	0	>
<1397	,	71	,	8	,	5	,	47	,	1	>
<1398	,	71	,	8	,	6	,	47	,	0	>
<1399	,	71	,	8	,	7	,	47	,	1	>
<1400	,	71	,	9	,	1	,	96	,	0	>
<1401	,	71	,	9	,	5	,	96	,	2	>
<1402	,	71	,	9	,	6	,	96	,	0	>
<1403	,	71	,	9	,	7	,	96	,	2	>
<1404	,	72	,	2	,	1	,	82	,	0	>
<1405	,	72	,	2	,	2	,	82	,	1	>
<1406	,	72	,	2	,	3	,	82	,	0	>
<1407	,	72	,	2	,	4	,	82	,	1	>
<1408	,	72	,	2	,	5	,	82	,	0	>
<1409	,	72	,	4	,	1	,	82	,	0	>
<1410	,	72	,	4	,	2	,	82	,	1	>
<1411	,	72	,	4	,	3	,	82	,	0	>
<1412	,	72	,	4	,	4	,	82	,	1	>
<1413	,	72	,	4	,	5	,	82	,	0	>
<1414	,	72	,	5	,	1	,	96	,	0	>
<1415	,	72	,	5	,	2	,	96	,	1	>
<1416	,	72	,	5	,	3	,	96	,	0	>
<1417	,	72	,	5	,	4	,	96	,	1	>
<1418	,	72	,	5	,	5	,	96	,	0	>
<1419	,	72	,	6	,	1	,	91	,	0	>
<1420	,	72	,	6	,	2	,	91	,	1	>
<1421	,	72	,	6	,	3	,	91	,	0	>
<1422	,	72	,	6	,	4	,	91	,	1	>
<1423	,	72	,	6	,	5	,	91	,	0	>
<1424	,	72	,	8	,	1	,	58	,	0	>
<1425	,	72	,	8	,	2	,	58	,	1	>
<1426	,	72	,	8	,	3	,	58	,	0	>
<1427	,	72	,	8	,	4	,	58	,	1	>
<1428	,	72	,	8	,	5	,	58	,	0	>
<1429	,	72	,	9	,	1	,	87	,	0	>
<1430	,	72	,	9	,	2	,	87	,	1	>
<1431	,	72	,	9	,	3	,	87	,	0	>
<1432	,	72	,	9	,	4	,	87	,	1	>
<1433	,	72	,	9	,	5	,	87	,	0	>
<1434	,	73	,	1	,	1	,	59	,	0	>
<1435	,	73	,	1	,	3	,	59	,	2	>
<1436	,	73	,	1	,	7	,	59	,	0	>
<1437	,	73	,	2	,	1	,	62	,	0	>
<1438	,	73	,	2	,	3	,	62	,	2	>
<1439	,	73	,	2	,	7	,	62	,	0	>
<1440	,	73	,	4	,	1	,	26	,	0	>
<1441	,	73	,	4	,	3	,	26	,	1	>
<1442	,	73	,	4	,	7	,	26	,	0	>
<1443	,	73	,	6	,	1	,	34	,	0	>
<1444	,	73	,	6	,	3	,	34	,	1	>
<1445	,	73	,	6	,	7	,	34	,	0	>
<1446	,	73	,	7	,	1	,	46	,	0	>
<1447	,	73	,	7	,	3	,	46	,	2	>
<1448	,	73	,	7	,	7	,	46	,	0	>
<1449	,	73	,	9	,	1	,	30	,	0	>
<1450	,	73	,	9	,	3	,	30	,	1	>
<1451	,	73	,	9	,	7	,	30	,	0	>
<1452	,	74	,	2	,	1	,	40	,	0	>
<1453	,	74	,	2	,	3	,	40	,	0	>
<1454	,	74	,	2	,	4	,	40	,	0	>
<1455	,	74	,	2	,	6	,	40	,	0	>
<1456	,	74	,	2	,	7	,	40	,	0	>
<1457	,	74	,	4	,	1	,	82	,	0	>
<1458	,	74	,	4	,	3	,	82	,	1	>
<1459	,	74	,	4	,	4	,	82	,	0	>
<1460	,	74	,	4	,	6	,	82	,	1	>
<1461	,	74	,	4	,	7	,	82	,	0	>
<1462	,	74	,	6	,	1	,	95	,	0	>
<1463	,	74	,	6	,	3	,	95	,	1	>
<1464	,	74	,	6	,	4	,	95	,	0	>
<1465	,	74	,	6	,	6	,	95	,	1	>
<1466	,	74	,	6	,	7	,	95	,	0	>
<1467	,	74	,	7	,	1	,	79	,	0	>
<1468	,	74	,	7	,	3	,	79	,	1	>
<1469	,	74	,	7	,	4	,	79	,	0	>
<1470	,	74	,	7	,	6	,	79	,	1	>
<1471	,	74	,	7	,	7	,	79	,	0	>
<1472	,	74	,	9	,	1	,	49	,	0	>
<1473	,	74	,	9	,	3	,	49	,	0	>
<1474	,	74	,	9	,	4	,	49	,	0	>
<1475	,	74	,	9	,	6	,	49	,	0	>
<1476	,	74	,	9	,	7	,	49	,	0	>
<1477	,	75	,	1	,	1	,	49	,	0	>
<1478	,	75	,	1	,	3	,	49	,	1	>
<1479	,	75	,	1	,	4	,	49	,	0	>
<1480	,	75	,	1	,	7	,	49	,	1	>
<1481	,	75	,	2	,	1	,	55	,	0	>
<1482	,	75	,	2	,	3	,	55	,	1	>
<1483	,	75	,	2	,	4	,	55	,	0	>
<1484	,	75	,	2	,	7	,	55	,	1	>
<1485	,	75	,	3	,	1	,	74	,	0	>
<1486	,	75	,	3	,	3	,	74	,	1	>
<1487	,	75	,	3	,	4	,	74	,	0	>
<1488	,	75	,	3	,	7	,	74	,	1	>
<1489	,	75	,	4	,	1	,	94	,	0	>
<1490	,	75	,	4	,	3	,	94	,	2	>
<1491	,	75	,	4	,	4	,	94	,	0	>
<1492	,	75	,	4	,	7	,	94	,	2	>
<1493	,	75	,	9	,	1	,	77	,	0	>
<1494	,	75	,	9	,	3	,	77	,	1	>
<1495	,	75	,	9	,	4	,	77	,	0	>
<1496	,	75	,	9	,	7	,	77	,	1	>
<1497	,	76	,	1	,	2	,	69	,	0	>
<1498	,	76	,	1	,	3	,	69	,	1	>
<1499	,	76	,	1	,	4	,	69	,	0	>
<1500	,	76	,	1	,	5	,	69	,	1	>
<1501	,	76	,	1	,	6	,	69	,	0	>
<1502	,	76	,	2	,	2	,	73	,	0	>
<1503	,	76	,	2	,	3	,	73	,	1	>
<1504	,	76	,	2	,	4	,	73	,	0	>
<1505	,	76	,	2	,	5	,	73	,	1	>
<1506	,	76	,	2	,	6	,	73	,	0	>
<1507	,	76	,	4	,	2	,	80	,	0	>
<1508	,	76	,	4	,	3	,	80	,	1	>
<1509	,	76	,	4	,	4	,	80	,	0	>
<1510	,	76	,	4	,	5	,	80	,	1	>
<1511	,	76	,	4	,	6	,	80	,	0	>
<1512	,	76	,	6	,	2	,	91	,	0	>
<1513	,	76	,	6	,	3	,	91	,	1	>
<1514	,	76	,	6	,	4	,	91	,	0	>
<1515	,	76	,	6	,	5	,	91	,	1	>
<1516	,	76	,	6	,	6	,	91	,	0	>
<1517	,	76	,	7	,	2	,	65	,	0	>
<1518	,	76	,	7	,	3	,	65	,	1	>
<1519	,	76	,	7	,	4	,	65	,	0	>
<1520	,	76	,	7	,	5	,	65	,	1	>
<1521	,	76	,	7	,	6	,	65	,	0	>
<1522	,	76	,	8	,	2	,	85	,	0	>
<1523	,	76	,	8	,	3	,	85	,	1	>
<1524	,	76	,	8	,	4	,	85	,	0	>
<1525	,	76	,	8	,	5	,	85	,	1	>
<1526	,	76	,	8	,	6	,	85	,	0	>
<1527	,	77	,	1	,	2	,	85	,	0	>
<1528	,	77	,	1	,	6	,	85	,	3	>
<1529	,	77	,	1	,	7	,	85	,	0	>
<1530	,	77	,	2	,	2	,	76	,	0	>
<1531	,	77	,	2	,	6	,	76	,	3	>
<1532	,	77	,	2	,	7	,	76	,	0	>
<1533	,	77	,	5	,	2	,	79	,	0	>
<1534	,	77	,	5	,	6	,	79	,	3	>
<1535	,	77	,	5	,	7	,	79	,	0	>
<1536	,	77	,	6	,	2	,	68	,	0	>
<1537	,	77	,	6	,	6	,	68	,	2	>
<1538	,	77	,	6	,	7	,	68	,	0	>
<1539	,	77	,	7	,	2	,	91	,	0	>
<1540	,	77	,	7	,	6	,	91	,	3	>
<1541	,	77	,	7	,	7	,	91	,	0	>
<1542	,	77	,	8	,	2	,	90	,	0	>
<1543	,	77	,	8	,	6	,	90	,	3	>
<1544	,	77	,	8	,	7	,	90	,	0	>
<1545	,	78	,	1	,	1	,	85	,	0	>
<1546	,	78	,	1	,	2	,	85	,	1	>
<1547	,	78	,	1	,	3	,	85	,	0	>
<1548	,	78	,	1	,	5	,	85	,	1	>
<1549	,	78	,	1	,	7	,	85	,	0	>
<1550	,	78	,	3	,	1	,	98	,	0	>
<1551	,	78	,	3	,	2	,	98	,	1	>
<1552	,	78	,	3	,	3	,	98	,	0	>
<1553	,	78	,	3	,	5	,	98	,	1	>
<1554	,	78	,	3	,	7	,	98	,	0	>
<1555	,	78	,	6	,	1	,	82	,	0	>
<1556	,	78	,	6	,	2	,	82	,	1	>
<1557	,	78	,	6	,	3	,	82	,	0	>
<1558	,	78	,	6	,	5	,	82	,	1	>
<1559	,	78	,	6	,	7	,	82	,	0	>
<1560	,	78	,	7	,	1	,	95	,	0	>
<1561	,	78	,	7	,	2	,	95	,	1	>
<1562	,	78	,	7	,	3	,	95	,	0	>
<1563	,	78	,	7	,	5	,	95	,	1	>
<1564	,	78	,	7	,	7	,	95	,	0	>
<1565	,	79	,	1	,	1	,	19	,	0	>
<1566	,	79	,	1	,	3	,	19	,	1	>
<1567	,	79	,	1	,	6	,	19	,	0	>
<1568	,	79	,	3	,	1	,	30	,	0	>
<1569	,	79	,	3	,	3	,	30	,	1	>
<1570	,	79	,	3	,	6	,	30	,	0	>
<1571	,	79	,	6	,	1	,	30	,	0	>
<1572	,	79	,	6	,	3	,	30	,	1	>
<1573	,	79	,	6	,	6	,	30	,	0	>
<1574	,	79	,	7	,	1	,	22	,	0	>
<1575	,	79	,	7	,	3	,	22	,	1	>
<1576	,	79	,	7	,	6	,	22	,	0	>
<1577	,	79	,	9	,	1	,	38	,	0	>
<1578	,	79	,	9	,	3	,	38	,	1	>
<1579	,	79	,	9	,	6	,	38	,	0	>
<1580	,	80	,	2	,	1	,	66	,	0	>
<1581	,	80	,	2	,	3	,	66	,	1	>
<1582	,	80	,	2	,	6	,	66	,	0	>
<1583	,	80	,	2	,	7	,	66	,	1	>
<1584	,	80	,	3	,	1	,	26	,	0	>
<1585	,	80	,	3	,	3	,	26	,	0	>
<1586	,	80	,	3	,	6	,	26	,	0	>
<1587	,	80	,	3	,	7	,	26	,	0	>
<1588	,	80	,	8	,	1	,	23	,	0	>
<1589	,	80	,	8	,	3	,	23	,	0	>
<1590	,	80	,	8	,	6	,	23	,	0	>
<1591	,	80	,	8	,	7	,	23	,	0	>
<1592	,	80	,	9	,	1	,	65	,	0	>
<1593	,	80	,	9	,	3	,	65	,	1	>
<1594	,	80	,	9	,	6	,	65	,	0	>
<1595	,	80	,	9	,	7	,	65	,	1	>
<1596	,	81	,	1	,	2	,	44	,	0	>
<1597	,	81	,	1	,	4	,	44	,	1	>
<1598	,	81	,	1	,	5	,	44	,	0	>
<1599	,	81	,	1	,	7	,	44	,	1	>
<1600	,	81	,	2	,	2	,	76	,	0	>
<1601	,	81	,	2	,	4	,	76	,	1	>
<1602	,	81	,	2	,	5	,	76	,	0	>
<1603	,	81	,	2	,	7	,	76	,	1	>
<1604	,	81	,	3	,	2	,	65	,	0	>
<1605	,	81	,	3	,	4	,	65	,	1	>
<1606	,	81	,	3	,	5	,	65	,	0	>
<1607	,	81	,	3	,	7	,	65	,	1	>
<1608	,	81	,	4	,	2	,	60	,	0	>
<1609	,	81	,	4	,	4	,	60	,	1	>
<1610	,	81	,	4	,	5	,	60	,	0	>
<1611	,	81	,	4	,	7	,	60	,	1	>
<1612	,	81	,	6	,	2	,	89	,	0	>
<1613	,	81	,	6	,	4	,	89	,	2	>
<1614	,	81	,	6	,	5	,	89	,	0	>
<1615	,	81	,	6	,	7	,	89	,	2	>
<1616	,	81	,	7	,	2	,	72	,	0	>
<1617	,	81	,	7	,	4	,	72	,	1	>
<1618	,	81	,	7	,	5	,	72	,	0	>
<1619	,	81	,	7	,	7	,	72	,	1	>
<1620	,	82	,	2	,	2	,	86	,	0	>
<1621	,	82	,	2	,	3	,	86	,	3	>
<1622	,	82	,	2	,	6	,	86	,	0	>
<1623	,	82	,	3	,	2	,	69	,	0	>
<1624	,	82	,	3	,	3	,	69	,	2	>
<1625	,	82	,	3	,	6	,	69	,	0	>
<1626	,	82	,	5	,	2	,	92	,	0	>
<1627	,	82	,	5	,	3	,	92	,	3	>
<1628	,	82	,	5	,	6	,	92	,	0	>
<1629	,	82	,	6	,	2	,	58	,	0	>
<1630	,	82	,	6	,	3	,	58	,	2	>
<1631	,	82	,	6	,	6	,	58	,	0	>
<1632	,	83	,	1	,	5	,	95	,	0	>
<1633	,	83	,	1	,	6	,	95	,	3	>
<1634	,	83	,	1	,	7	,	95	,	0	>
<1635	,	83	,	2	,	5	,	93	,	0	>
<1636	,	83	,	2	,	6	,	93	,	3	>
<1637	,	83	,	2	,	7	,	93	,	0	>
<1638	,	83	,	3	,	5	,	89	,	0	>
<1639	,	83	,	3	,	6	,	89	,	3	>
<1640	,	83	,	3	,	7	,	89	,	0	>
<1641	,	83	,	4	,	5	,	96	,	0	>
<1642	,	83	,	4	,	6	,	96	,	3	>
<1643	,	83	,	4	,	7	,	96	,	0	>
<1644	,	83	,	5	,	5	,	92	,	0	>
<1645	,	83	,	5	,	6	,	92	,	3	>
<1646	,	83	,	5	,	7	,	92	,	0	>
<1647	,	83	,	7	,	5	,	93	,	0	>
<1648	,	83	,	7	,	6	,	93	,	3	>
<1649	,	83	,	7	,	7	,	93	,	0	>
<1650	,	84	,	1	,	1	,	75	,	0	>
<1651	,	84	,	1	,	2	,	75	,	1	>
<1652	,	84	,	1	,	3	,	75	,	0	>
<1653	,	84	,	1	,	4	,	75	,	1	>
<1654	,	84	,	1	,	7	,	75	,	0	>
<1655	,	84	,	2	,	1	,	81	,	0	>
<1656	,	84	,	2	,	2	,	81	,	1	>
<1657	,	84	,	2	,	3	,	81	,	0	>
<1658	,	84	,	2	,	4	,	81	,	1	>
<1659	,	84	,	2	,	7	,	81	,	0	>
<1660	,	84	,	5	,	1	,	72	,	0	>
<1661	,	84	,	5	,	2	,	72	,	1	>
<1662	,	84	,	5	,	3	,	72	,	0	>
<1663	,	84	,	5	,	4	,	72	,	1	>
<1664	,	84	,	5	,	7	,	72	,	0	>
<1665	,	84	,	6	,	1	,	95	,	0	>
<1666	,	84	,	6	,	2	,	95	,	1	>
<1667	,	84	,	6	,	3	,	95	,	0	>
<1668	,	84	,	6	,	4	,	95	,	1	>
<1669	,	84	,	6	,	7	,	95	,	0	>
<1670	,	84	,	7	,	1	,	77	,	0	>
<1671	,	84	,	7	,	2	,	77	,	1	>
<1672	,	84	,	7	,	3	,	77	,	0	>
<1673	,	84	,	7	,	4	,	77	,	1	>
<1674	,	84	,	7	,	7	,	77	,	0	>
<1675	,	84	,	8	,	1	,	88	,	0	>
<1676	,	84	,	8	,	2	,	88	,	1	>
<1677	,	84	,	8	,	3	,	88	,	0	>
<1678	,	84	,	8	,	4	,	88	,	1	>
<1679	,	84	,	8	,	7	,	88	,	0	>
<1680	,	85	,	1	,	1	,	71	,	0	>
<1681	,	85	,	1	,	3	,	71	,	1	>
<1682	,	85	,	1	,	5	,	71	,	0	>
<1683	,	85	,	1	,	6	,	71	,	1	>
<1684	,	85	,	2	,	1	,	80	,	0	>
<1685	,	85	,	2	,	3	,	80	,	2	>
<1686	,	85	,	2	,	5	,	80	,	0	>
<1687	,	85	,	2	,	6	,	80	,	2	>
<1688	,	85	,	8	,	1	,	57	,	0	>
<1689	,	85	,	8	,	3	,	57	,	1	>
<1690	,	85	,	8	,	5	,	57	,	0	>
<1691	,	85	,	8	,	6	,	57	,	1	>
<1692	,	85	,	9	,	1	,	31	,	0	>
<1693	,	85	,	9	,	3	,	31	,	1	>
<1694	,	85	,	9	,	5	,	31	,	0	>
<1695	,	85	,	9	,	6	,	31	,	1	>
<1696	,	86	,	1	,	1	,	55	,	0	>
<1697	,	86	,	1	,	6	,	55	,	2	>
<1698	,	86	,	1	,	7	,	55	,	0	>
<1699	,	86	,	4	,	1	,	85	,	0	>
<1700	,	86	,	4	,	6	,	85	,	3	>
<1701	,	86	,	4	,	7	,	85	,	0	>
<1702	,	86	,	7	,	1	,	96	,	0	>
<1703	,	86	,	7	,	6	,	96	,	3	>
<1704	,	86	,	7	,	7	,	96	,	0	>
<1705	,	86	,	8	,	1	,	90	,	0	>
<1706	,	86	,	8	,	6	,	90	,	3	>
<1707	,	86	,	8	,	7	,	90	,	0	>
<1708	,	87	,	1	,	2	,	6	,	0	>
<1709	,	87	,	1	,	3	,	6	,	0	>
<1710	,	87	,	1	,	4	,	6	,	0	>
<1711	,	87	,	1	,	5	,	6	,	0	>
<1712	,	87	,	1	,	6	,	6	,	0	>
<1713	,	87	,	2	,	2	,	6	,	0	>
<1714	,	87	,	2	,	3	,	6	,	0	>
<1715	,	87	,	2	,	4	,	6	,	0	>
<1716	,	87	,	2	,	5	,	6	,	0	>
<1717	,	87	,	2	,	6	,	6	,	0	>
<1718	,	87	,	3	,	2	,	6	,	0	>
<1719	,	87	,	3	,	3	,	6	,	0	>
<1720	,	87	,	3	,	4	,	6	,	0	>
<1721	,	87	,	3	,	5	,	6	,	0	>
<1722	,	87	,	3	,	6	,	6	,	0	>
<1723	,	87	,	6	,	2	,	14	,	0	>
<1724	,	87	,	6	,	3	,	14	,	0	>
<1725	,	87	,	6	,	4	,	14	,	0	>
<1726	,	87	,	6	,	5	,	14	,	0	>
<1727	,	87	,	6	,	6	,	14	,	0	>
<1728	,	87	,	7	,	2	,	14	,	0	>
<1729	,	87	,	7	,	3	,	14	,	0	>
<1730	,	87	,	7	,	4	,	14	,	0	>
<1731	,	87	,	7	,	5	,	14	,	0	>
<1732	,	87	,	7	,	6	,	14	,	0	>
<1733	,	88	,	3	,	2	,	74	,	0	>
<1734	,	88	,	3	,	6	,	74	,	2	>
<1735	,	88	,	3	,	7	,	74	,	0	>
<1736	,	88	,	5	,	2	,	73	,	0	>
<1737	,	88	,	5	,	6	,	73	,	2	>
<1738	,	88	,	5	,	7	,	73	,	0	>
<1739	,	88	,	6	,	2	,	71	,	0	>
<1740	,	88	,	6	,	6	,	71	,	2	>
<1741	,	88	,	6	,	7	,	71	,	0	>
<1742	,	88	,	7	,	2	,	85	,	0	>
<1743	,	88	,	7	,	6	,	85	,	3	>
<1744	,	88	,	7	,	7	,	85	,	0	>
<1745	,	88	,	8	,	2	,	71	,	0	>
<1746	,	88	,	8	,	6	,	71	,	2	>
<1747	,	88	,	8	,	7	,	71	,	0	>
<1748	,	89	,	5	,	3	,	68	,	0	>
<1749	,	89	,	5	,	4	,	68	,	2	>
<1750	,	89	,	5	,	6	,	68	,	0	>
<1751	,	89	,	6	,	3	,	81	,	0	>
<1752	,	89	,	6	,	4	,	81	,	3	>
<1753	,	89	,	6	,	6	,	81	,	0	>
<1754	,	89	,	8	,	3	,	63	,	0	>
<1755	,	89	,	8	,	4	,	63	,	2	>
<1756	,	89	,	8	,	6	,	63	,	0	>
<1757	,	89	,	9	,	3	,	89	,	0	>
<1758	,	89	,	9	,	4	,	89	,	3	>
<1759	,	89	,	9	,	6	,	89	,	0	>
<1760	,	90	,	1	,	3	,	73	,	0	>
<1761	,	90	,	1	,	4	,	73	,	2	>
<1762	,	90	,	1	,	7	,	73	,	0	>
<1763	,	90	,	4	,	3	,	71	,	0	>
<1764	,	90	,	4	,	4	,	71	,	2	>
<1765	,	90	,	4	,	7	,	71	,	0	>
<1766	,	90	,	5	,	3	,	92	,	0	>
<1767	,	90	,	5	,	4	,	92	,	3	>
<1768	,	90	,	5	,	7	,	92	,	0	>
<1769	,	90	,	7	,	3	,	84	,	0	>
<1770	,	90	,	7	,	4	,	84	,	3	>
<1771	,	90	,	7	,	7	,	84	,	0	>
<1772	,	90	,	8	,	3	,	90	,	0	>
<1773	,	90	,	8	,	4	,	90	,	3	>
<1774	,	90	,	8	,	7	,	90	,	0	>
<1775	,	90	,	9	,	3	,	56	,	0	>
<1776	,	90	,	9	,	4	,	56	,	2	>
<1777	,	90	,	9	,	7	,	56	,	0	>
<1778	,	91	,	1	,	1	,	59	,	0	>
<1779	,	91	,	1	,	3	,	59	,	1	>
<1780	,	91	,	1	,	5	,	59	,	0	>
<1781	,	91	,	1	,	6	,	59	,	1	>
<1782	,	91	,	3	,	1	,	41	,	0	>
<1783	,	91	,	3	,	3	,	41	,	1	>
<1784	,	91	,	3	,	5	,	41	,	0	>
<1785	,	91	,	3	,	6	,	41	,	1	>
<1786	,	91	,	4	,	1	,	28	,	0	>
<1787	,	91	,	4	,	3	,	28	,	1	>
<1788	,	91	,	4	,	5	,	28	,	0	>
<1789	,	91	,	4	,	6	,	28	,	1	>
<1790	,	91	,	7	,	1	,	31	,	0	>
<1791	,	91	,	7	,	3	,	31	,	1	>
<1792	,	91	,	7	,	5	,	31	,	0	>
<1793	,	91	,	7	,	6	,	31	,	1	>
<1794	,	91	,	8	,	1	,	74	,	0	>
<1795	,	91	,	8	,	3	,	74	,	1	>
<1796	,	91	,	8	,	5	,	74	,	0	>
<1797	,	91	,	8	,	6	,	74	,	1	>
<1798	,	92	,	1	,	2	,	31	,	0	>
<1799	,	92	,	1	,	3	,	31	,	0	>
<1800	,	92	,	1	,	4	,	31	,	0	>
<1801	,	92	,	1	,	6	,	31	,	0	>
<1802	,	92	,	1	,	7	,	31	,	0	>
<1803	,	92	,	2	,	2	,	33	,	0	>
<1804	,	92	,	2	,	3	,	33	,	0	>
<1805	,	92	,	2	,	4	,	33	,	0	>
<1806	,	92	,	2	,	6	,	33	,	0	>
<1807	,	92	,	2	,	7	,	33	,	0	>
<1808	,	92	,	4	,	2	,	42	,	0	>
<1809	,	92	,	4	,	3	,	42	,	0	>
<1810	,	92	,	4	,	4	,	42	,	0	>
<1811	,	92	,	4	,	6	,	42	,	0	>
<1812	,	92	,	4	,	7	,	42	,	0	>
<1813	,	92	,	5	,	2	,	20	,	0	>
<1814	,	92	,	5	,	3	,	20	,	0	>
<1815	,	92	,	5	,	4	,	20	,	0	>
<1816	,	92	,	5	,	6	,	20	,	0	>
<1817	,	92	,	5	,	7	,	20	,	0	>
<1818	,	92	,	6	,	2	,	46	,	0	>
<1819	,	92	,	6	,	3	,	46	,	0	>
<1820	,	92	,	6	,	4	,	46	,	0	>
<1821	,	92	,	6	,	6	,	46	,	0	>
<1822	,	92	,	6	,	7	,	46	,	0	>
<1823	,	92	,	7	,	2	,	19	,	0	>
<1824	,	92	,	7	,	3	,	19	,	0	>
<1825	,	92	,	7	,	4	,	19	,	0	>
<1826	,	92	,	7	,	6	,	19	,	0	>
<1827	,	92	,	7	,	7	,	19	,	0	>
<1828	,	93	,	1	,	1	,	84	,	0	>
<1829	,	93	,	1	,	5	,	84	,	2	>
<1830	,	93	,	1	,	6	,	84	,	0	>
<1831	,	93	,	1	,	7	,	84	,	2	>
<1832	,	93	,	4	,	1	,	87	,	0	>
<1833	,	93	,	4	,	5	,	87	,	2	>
<1834	,	93	,	4	,	6	,	87	,	0	>
<1835	,	93	,	4	,	7	,	87	,	2	>
<1836	,	93	,	7	,	1	,	72	,	0	>
<1837	,	93	,	7	,	5	,	72	,	1	>
<1838	,	93	,	7	,	6	,	72	,	0	>
<1839	,	93	,	7	,	7	,	72	,	1	>
<1840	,	93	,	8	,	1	,	87	,	0	>
<1841	,	93	,	8	,	5	,	87	,	2	>
<1842	,	93	,	8	,	6	,	87	,	0	>
<1843	,	93	,	8	,	7	,	87	,	2	>
<1844	,	94	,	1	,	1	,	87	,	0	>
<1845	,	94	,	1	,	2	,	87	,	2	>
<1846	,	94	,	1	,	4	,	87	,	0	>
<1847	,	94	,	1	,	7	,	87	,	2	>
<1848	,	94	,	3	,	1	,	84	,	0	>
<1849	,	94	,	3	,	2	,	84	,	2	>
<1850	,	94	,	3	,	4	,	84	,	0	>
<1851	,	94	,	3	,	7	,	84	,	2	>
<1852	,	94	,	6	,	1	,	46	,	0	>
<1853	,	94	,	6	,	2	,	46	,	1	>
<1854	,	94	,	6	,	4	,	46	,	0	>
<1855	,	94	,	6	,	7	,	46	,	1	>
<1856	,	94	,	7	,	1	,	70	,	0	>
<1857	,	94	,	7	,	2	,	70	,	1	>
<1858	,	94	,	7	,	4	,	70	,	0	>
<1859	,	94	,	7	,	7	,	70	,	1	>
<1860	,	95	,	3	,	1	,	96	,	0	>
<1861	,	95	,	3	,	2	,	96	,	1	>
<1862	,	95	,	3	,	4	,	96	,	0	>
<1863	,	95	,	3	,	6	,	96	,	1	>
<1864	,	95	,	3	,	7	,	96	,	0	>
<1865	,	95	,	4	,	1	,	66	,	0	>
<1866	,	95	,	4	,	2	,	66	,	1	>
<1867	,	95	,	4	,	4	,	66	,	0	>
<1868	,	95	,	4	,	6	,	66	,	1	>
<1869	,	95	,	4	,	7	,	66	,	0	>
<1870	,	95	,	6	,	1	,	71	,	0	>
<1871	,	95	,	6	,	2	,	71	,	1	>
<1872	,	95	,	6	,	4	,	71	,	0	>
<1873	,	95	,	6	,	6	,	71	,	1	>
<1874	,	95	,	6	,	7	,	71	,	0	>
<1875	,	95	,	7	,	1	,	86	,	0	>
<1876	,	95	,	7	,	2	,	86	,	1	>
<1877	,	95	,	7	,	4	,	86	,	0	>
<1878	,	95	,	7	,	6	,	86	,	1	>
<1879	,	95	,	7	,	7	,	86	,	0	>
<1880	,	95	,	8	,	1	,	71	,	0	>
<1881	,	95	,	8	,	2	,	71	,	1	>
<1882	,	95	,	8	,	4	,	71	,	0	>
<1883	,	95	,	8	,	6	,	71	,	1	>
<1884	,	95	,	8	,	7	,	71	,	0	>
<1885	,	96	,	1	,	1	,	31	,	0	>
<1886	,	96	,	1	,	5	,	31	,	1	>
<1887	,	96	,	1	,	7	,	31	,	0	>
<1888	,	96	,	2	,	1	,	31	,	0	>
<1889	,	96	,	2	,	5	,	31	,	1	>
<1890	,	96	,	2	,	7	,	31	,	0	>
<1891	,	96	,	4	,	1	,	21	,	0	>
<1892	,	96	,	4	,	5	,	21	,	1	>
<1893	,	96	,	4	,	7	,	21	,	0	>
<1894	,	96	,	5	,	1	,	44	,	0	>
<1895	,	96	,	5	,	5	,	44	,	1	>
<1896	,	96	,	5	,	7	,	44	,	0	>
<1897	,	96	,	7	,	1	,	17	,	0	>
<1898	,	96	,	7	,	5	,	17	,	1	>
<1899	,	96	,	7	,	7	,	17	,	0	>
<1900	,	96	,	8	,	1	,	39	,	0	>
<1901	,	96	,	8	,	5	,	39	,	1	>
<1902	,	96	,	8	,	7	,	39	,	0	>
<1903	,	97	,	1	,	2	,	64	,	0	>
<1904	,	97	,	1	,	3	,	64	,	2	>
<1905	,	97	,	1	,	7	,	64	,	0	>
<1906	,	97	,	2	,	2	,	94	,	0	>
<1907	,	97	,	2	,	3	,	94	,	3	>
<1908	,	97	,	2	,	7	,	94	,	0	>
<1909	,	97	,	6	,	2	,	58	,	0	>
<1910	,	97	,	6	,	3	,	58	,	2	>
<1911	,	97	,	6	,	7	,	58	,	0	>
<1912	,	97	,	8	,	2	,	79	,	0	>
<1913	,	97	,	8	,	3	,	79	,	3	>
<1914	,	97	,	8	,	7	,	79	,	0	>
<1915	,	97	,	9	,	2	,	80	,	0	>
<1916	,	97	,	9	,	3	,	80	,	3	>
<1917	,	97	,	9	,	7	,	80	,	0	>
<1918	,	98	,	1	,	1	,	75	,	0	>
<1919	,	98	,	1	,	4	,	75	,	1	>
<1920	,	98	,	1	,	5	,	75	,	0	>
<1921	,	98	,	1	,	6	,	75	,	1	>
<1922	,	98	,	1	,	7	,	75	,	0	>
<1923	,	98	,	3	,	1	,	68	,	0	>
<1924	,	98	,	3	,	4	,	68	,	1	>
<1925	,	98	,	3	,	5	,	68	,	0	>
<1926	,	98	,	3	,	6	,	68	,	1	>
<1927	,	98	,	3	,	7	,	68	,	0	>
<1928	,	98	,	6	,	1	,	28	,	0	>
<1929	,	98	,	6	,	4	,	28	,	0	>
<1930	,	98	,	6	,	5	,	28	,	0	>
<1931	,	98	,	6	,	6	,	28	,	0	>
<1932	,	98	,	6	,	7	,	28	,	0	>
<1933	,	98	,	9	,	1	,	70	,	0	>
<1934	,	98	,	9	,	4	,	70	,	1	>
<1935	,	98	,	9	,	5	,	70	,	0	>
<1936	,	98	,	9	,	6	,	70	,	1	>
<1937	,	98	,	9	,	7	,	70	,	0	>
<1938	,	99	,	2	,	1	,	50	,	0	>
<1939	,	99	,	2	,	3	,	50	,	0	>
<1940	,	99	,	2	,	4	,	50	,	0	>
<1941	,	99	,	2	,	6	,	50	,	0	>
<1942	,	99	,	2	,	7	,	50	,	0	>
<1943	,	99	,	3	,	1	,	63	,	0	>
<1944	,	99	,	3	,	3	,	63	,	1	>
<1945	,	99	,	3	,	4	,	63	,	0	>
<1946	,	99	,	3	,	6	,	63	,	1	>
<1947	,	99	,	3	,	7	,	63	,	0	>
<1948	,	99	,	4	,	1	,	92	,	0	>
<1949	,	99	,	4	,	3	,	92	,	1	>
<1950	,	99	,	4	,	4	,	92	,	0	>
<1951	,	99	,	4	,	6	,	92	,	1	>
<1952	,	99	,	4	,	7	,	92	,	0	>
<1953	,	99	,	5	,	1	,	80	,	0	>
<1954	,	99	,	5	,	3	,	80	,	1	>
<1955	,	99	,	5	,	4	,	80	,	0	>
<1956	,	99	,	5	,	6	,	80	,	1	>
<1957	,	99	,	5	,	7	,	80	,	0	>
<1958	,	99	,	7	,	1	,	70	,	0	>
<1959	,	99	,	7	,	3	,	70	,	1	>
<1960	,	99	,	7	,	4	,	70	,	0	>
<1961	,	99	,	7	,	6	,	70	,	1	>
<1962	,	99	,	7	,	7	,	70	,	0	>
<1963	,	99	,	8	,	1	,	86	,	0	>
<1964	,	99	,	8	,	3	,	86	,	1	>
<1965	,	99	,	8	,	4	,	86	,	0	>
<1966	,	99	,	8	,	6	,	86	,	1	>
<1967	,	99	,	8	,	7	,	86	,	0	>
<1968	,	100	,	1	,	1	,	93	,	0	>
<1969	,	100	,	1	,	5	,	93	,	3	>
<1970	,	100	,	1	,	6	,	93	,	0	>
<1971	,	100	,	2	,	1	,	84	,	0	>
<1972	,	100	,	2	,	5	,	84	,	3	>
<1973	,	100	,	2	,	6	,	84	,	0	>
<1974	,	100	,	3	,	1	,	81	,	0	>
<1975	,	100	,	3	,	5	,	81	,	3	>
<1976	,	100	,	3	,	6	,	81	,	0	>
<1977	,	100	,	6	,	1	,	85	,	0	>
<1978	,	100	,	6	,	5	,	85	,	3	>
<1979	,	100	,	6	,	6	,	85	,	0	>
<1980	,	100	,	8	,	1	,	75	,	0	>
<1981	,	100	,	8	,	5	,	75	,	3	>
<1982	,	100	,	8	,	6	,	75	,	0	>
<1983	,	100	,	9	,	1	,	89	,	0	>
<1984	,	100	,	9	,	5	,	89	,	3	>
<1985	,	100	,	9	,	6	,	89	,	0	>
<1986	,	101	,	1	,	1	,	95	,	0	>
<1987	,	101	,	1	,	3	,	95	,	1	>
<1988	,	101	,	1	,	5	,	95	,	0	>
<1989	,	101	,	1	,	6	,	95	,	1	>
<1990	,	101	,	1	,	7	,	95	,	0	>
<1991	,	101	,	3	,	1	,	89	,	0	>
<1992	,	101	,	3	,	3	,	89	,	1	>
<1993	,	101	,	3	,	5	,	89	,	0	>
<1994	,	101	,	3	,	6	,	89	,	1	>
<1995	,	101	,	3	,	7	,	89	,	0	>
<1996	,	101	,	4	,	1	,	95	,	0	>
<1997	,	101	,	4	,	3	,	95	,	1	>
<1998	,	101	,	4	,	5	,	95	,	0	>
<1999	,	101	,	4	,	6	,	95	,	1	>
<2000	,	101	,	4	,	7	,	95	,	0	>
<2001	,	101	,	6	,	1	,	96	,	0	>
<2002	,	101	,	6	,	3	,	96	,	1	>
<2003	,	101	,	6	,	5	,	96	,	0	>
<2004	,	101	,	6	,	6	,	96	,	1	>
<2005	,	101	,	6	,	7	,	96	,	0	>
<2006	,	101	,	9	,	1	,	91	,	0	>
<2007	,	101	,	9	,	3	,	91	,	1	>
<2008	,	101	,	9	,	5	,	91	,	0	>
<2009	,	101	,	9	,	6	,	91	,	1	>
<2010	,	101	,	9	,	7	,	91	,	0	>
<2011	,	102	,	1	,	1	,	99	,	0	>
<2012	,	102	,	1	,	3	,	99	,	2	>
<2013	,	102	,	1	,	4	,	99	,	0	>
<2014	,	102	,	1	,	7	,	99	,	2	>
<2015	,	102	,	3	,	1	,	97	,	0	>
<2016	,	102	,	3	,	3	,	97	,	2	>
<2017	,	102	,	3	,	4	,	97	,	0	>
<2018	,	102	,	3	,	7	,	97	,	2	>
<2019	,	102	,	8	,	1	,	73	,	0	>
<2020	,	102	,	8	,	3	,	73	,	1	>
<2021	,	102	,	8	,	4	,	73	,	0	>
<2022	,	102	,	8	,	7	,	73	,	1	>
<2023	,	102	,	9	,	1	,	63	,	0	>
<2024	,	102	,	9	,	3	,	63	,	1	>
<2025	,	102	,	9	,	4	,	63	,	0	>
<2026	,	102	,	9	,	7	,	63	,	1	>
<2027	,	103	,	3	,	1	,	42	,	0	>
<2028	,	103	,	3	,	2	,	42	,	0	>
<2029	,	103	,	3	,	4	,	42	,	0	>
<2030	,	103	,	3	,	6	,	42	,	0	>
<2031	,	103	,	3	,	7	,	42	,	0	>
<2032	,	103	,	4	,	1	,	63	,	0	>
<2033	,	103	,	4	,	2	,	63	,	1	>
<2034	,	103	,	4	,	4	,	63	,	0	>
<2035	,	103	,	4	,	6	,	63	,	1	>
<2036	,	103	,	4	,	7	,	63	,	0	>
<2037	,	103	,	5	,	1	,	56	,	0	>
<2038	,	103	,	5	,	2	,	56	,	1	>
<2039	,	103	,	5	,	4	,	56	,	0	>
<2040	,	103	,	5	,	6	,	56	,	1	>
<2041	,	103	,	5	,	7	,	56	,	0	>
<2042	,	103	,	7	,	1	,	96	,	0	>
<2043	,	103	,	7	,	2	,	96	,	1	>
<2044	,	103	,	7	,	4	,	96	,	0	>
<2045	,	103	,	7	,	6	,	96	,	1	>
<2046	,	103	,	7	,	7	,	96	,	0	>
<2047	,	103	,	9	,	1	,	74	,	0	>
<2048	,	103	,	9	,	2	,	74	,	1	>
<2049	,	103	,	9	,	4	,	74	,	0	>
<2050	,	103	,	9	,	6	,	74	,	1	>
<2051	,	103	,	9	,	7	,	74	,	0	>
<2052	,	104	,	1	,	2	,	36	,	0	>
<2053	,	104	,	1	,	6	,	36	,	1	>
<2054	,	104	,	1	,	7	,	36	,	0	>
<2055	,	104	,	4	,	2	,	19	,	0	>
<2056	,	104	,	4	,	6	,	19	,	1	>
<2057	,	104	,	4	,	7	,	19	,	0	>
<2058	,	104	,	5	,	2	,	37	,	0	>
<2059	,	104	,	5	,	6	,	37	,	1	>
<2060	,	104	,	5	,	7	,	37	,	0	>
<2061	,	104	,	7	,	2	,	50	,	0	>
<2062	,	104	,	7	,	6	,	50	,	2	>
<2063	,	104	,	7	,	7	,	50	,	0	>
<2064	,	104	,	8	,	2	,	46	,	0	>
<2065	,	104	,	8	,	6	,	46	,	2	>
<2066	,	104	,	8	,	7	,	46	,	0	>
<2067	,	104	,	9	,	2	,	45	,	0	>
<2068	,	104	,	9	,	6	,	45	,	2	>
<2069	,	104	,	9	,	7	,	45	,	0	>
<2070	,	105	,	1	,	1	,	89	,	0	>
<2071	,	105	,	1	,	2	,	89	,	1	>
<2072	,	105	,	1	,	3	,	89	,	0	>
<2073	,	105	,	1	,	4	,	89	,	1	>
<2074	,	105	,	1	,	6	,	89	,	0	>
<2075	,	105	,	3	,	1	,	53	,	0	>
<2076	,	105	,	3	,	2	,	53	,	1	>
<2077	,	105	,	3	,	3	,	53	,	0	>
<2078	,	105	,	3	,	4	,	53	,	1	>
<2079	,	105	,	3	,	6	,	53	,	0	>
<2080	,	105	,	4	,	1	,	99	,	0	>
<2081	,	105	,	4	,	2	,	99	,	1	>
<2082	,	105	,	4	,	3	,	99	,	0	>
<2083	,	105	,	4	,	4	,	99	,	1	>
<2084	,	105	,	4	,	6	,	99	,	0	>
<2085	,	105	,	5	,	1	,	77	,	0	>
<2086	,	105	,	5	,	2	,	77	,	1	>
<2087	,	105	,	5	,	3	,	77	,	0	>
<2088	,	105	,	5	,	4	,	77	,	1	>
<2089	,	105	,	5	,	6	,	77	,	0	>
<2090	,	105	,	7	,	1	,	84	,	0	>
<2091	,	105	,	7	,	2	,	84	,	1	>
<2092	,	105	,	7	,	3	,	84	,	0	>
<2093	,	105	,	7	,	4	,	84	,	1	>
<2094	,	105	,	7	,	6	,	84	,	0	>
<2095	,	106	,	2	,	2	,	90	,	0	>
<2096	,	106	,	2	,	4	,	90	,	2	>
<2097	,	106	,	2	,	5	,	90	,	0	>
<2098	,	106	,	2	,	7	,	90	,	2	>
<2099	,	106	,	3	,	2	,	98	,	0	>
<2100	,	106	,	3	,	4	,	98	,	2	>
<2101	,	106	,	3	,	5	,	98	,	0	>
<2102	,	106	,	3	,	7	,	98	,	2	>
<2103	,	106	,	6	,	2	,	77	,	0	>
<2104	,	106	,	6	,	4	,	77	,	1	>
<2105	,	106	,	6	,	5	,	77	,	0	>
<2106	,	106	,	6	,	7	,	77	,	1	>
<2107	,	106	,	7	,	2	,	90	,	0	>
<2108	,	106	,	7	,	4	,	90	,	2	>
<2109	,	106	,	7	,	5	,	90	,	0	>
<2110	,	106	,	7	,	7	,	90	,	2	>
<2111	,	107	,	2	,	1	,	58	,	0	>
<2112	,	107	,	2	,	2	,	58	,	1	>
<2113	,	107	,	2	,	3	,	58	,	0	>
<2114	,	107	,	2	,	5	,	58	,	1	>
<2115	,	107	,	2	,	7	,	58	,	0	>
<2116	,	107	,	4	,	1	,	65	,	0	>
<2117	,	107	,	4	,	2	,	65	,	1	>
<2118	,	107	,	4	,	3	,	65	,	0	>
<2119	,	107	,	4	,	5	,	65	,	1	>
<2120	,	107	,	4	,	7	,	65	,	0	>
<2121	,	107	,	5	,	1	,	84	,	0	>
<2122	,	107	,	5	,	2	,	84	,	1	>
<2123	,	107	,	5	,	3	,	84	,	0	>
<2124	,	107	,	5	,	5	,	84	,	1	>
<2125	,	107	,	5	,	7	,	84	,	0	>
<2126	,	107	,	6	,	1	,	85	,	0	>
<2127	,	107	,	6	,	2	,	85	,	1	>
<2128	,	107	,	6	,	3	,	85	,	0	>
<2129	,	107	,	6	,	5	,	85	,	1	>
<2130	,	107	,	6	,	7	,	85	,	0	>
<2131	,	107	,	7	,	1	,	87	,	0	>
<2132	,	107	,	7	,	2	,	87	,	1	>
<2133	,	107	,	7	,	3	,	87	,	0	>
<2134	,	107	,	7	,	5	,	87	,	1	>
<2135	,	107	,	7	,	7	,	87	,	0	>
<2136	,	107	,	8	,	1	,	73	,	0	>
<2137	,	107	,	8	,	2	,	73	,	1	>
<2138	,	107	,	8	,	3	,	73	,	0	>
<2139	,	107	,	8	,	5	,	73	,	1	>
<2140	,	107	,	8	,	7	,	73	,	0	>
<2141	,	108	,	2	,	2	,	66	,	0	>
<2142	,	108	,	2	,	4	,	66	,	2	>
<2143	,	108	,	2	,	5	,	66	,	0	>
<2144	,	108	,	3	,	2	,	88	,	0	>
<2145	,	108	,	3	,	4	,	88	,	3	>
<2146	,	108	,	3	,	5	,	88	,	0	>
<2147	,	108	,	4	,	2	,	72	,	0	>
<2148	,	108	,	4	,	4	,	72	,	2	>
<2149	,	108	,	4	,	5	,	72	,	0	>
<2150	,	108	,	7	,	2	,	76	,	0	>
<2151	,	108	,	7	,	4	,	76	,	3	>
<2152	,	108	,	7	,	5	,	76	,	0	>
<2153	,	108	,	9	,	2	,	96	,	0	>
<2154	,	108	,	9	,	4	,	96	,	3	>
<2155	,	108	,	9	,	5	,	96	,	0	>
<2156	,	109	,	3	,	1	,	28	,	0	>
<2157	,	109	,	3	,	2	,	28	,	0	>
<2158	,	109	,	3	,	3	,	28	,	0	>
<2159	,	109	,	3	,	5	,	28	,	0	>
<2160	,	109	,	3	,	6	,	28	,	0	>
<2161	,	109	,	6	,	1	,	37	,	0	>
<2162	,	109	,	6	,	2	,	37	,	0	>
<2163	,	109	,	6	,	3	,	37	,	0	>
<2164	,	109	,	6	,	5	,	37	,	0	>
<2165	,	109	,	6	,	6	,	37	,	0	>
<2166	,	109	,	7	,	1	,	63	,	0	>
<2167	,	109	,	7	,	2	,	63	,	1	>
<2168	,	109	,	7	,	3	,	63	,	0	>
<2169	,	109	,	7	,	5	,	63	,	1	>
<2170	,	109	,	7	,	6	,	63	,	0	>
<2171	,	109	,	8	,	1	,	57	,	0	>
<2172	,	109	,	8	,	2	,	57	,	1	>
<2173	,	109	,	8	,	3	,	57	,	0	>
<2174	,	109	,	8	,	5	,	57	,	1	>
<2175	,	109	,	8	,	6	,	57	,	0	>
<2176	,	110	,	2	,	2	,	55	,	0	>
<2177	,	110	,	2	,	3	,	55	,	1	>
<2178	,	110	,	2	,	4	,	55	,	0	>
<2179	,	110	,	2	,	6	,	55	,	1	>
<2180	,	110	,	3	,	2	,	89	,	0	>
<2181	,	110	,	3	,	3	,	89	,	2	>
<2182	,	110	,	3	,	4	,	89	,	0	>
<2183	,	110	,	3	,	6	,	89	,	2	>
<2184	,	110	,	4	,	2	,	78	,	0	>
<2185	,	110	,	4	,	3	,	78	,	1	>
<2186	,	110	,	4	,	4	,	78	,	0	>
<2187	,	110	,	4	,	6	,	78	,	1	>
<2188	,	110	,	5	,	2	,	64	,	0	>
<2189	,	110	,	5	,	3	,	64	,	1	>
<2190	,	110	,	5	,	4	,	64	,	0	>
<2191	,	110	,	5	,	6	,	64	,	1	>
<2192	,	110	,	6	,	2	,	68	,	0	>
<2193	,	110	,	6	,	3	,	68	,	1	>
<2194	,	110	,	6	,	4	,	68	,	0	>
<2195	,	110	,	6	,	6	,	68	,	1	>
<2196	,	110	,	9	,	2	,	64	,	0	>
<2197	,	110	,	9	,	3	,	64	,	1	>
<2198	,	110	,	9	,	4	,	64	,	0	>
<2199	,	110	,	9	,	6	,	64	,	1	>
<2200	,	111	,	2	,	1	,	59	,	0	>
<2201	,	111	,	2	,	2	,	59	,	1	>
<2202	,	111	,	2	,	4	,	59	,	0	>
<2203	,	111	,	2	,	6	,	59	,	1	>
<2204	,	111	,	2	,	7	,	59	,	0	>
<2205	,	111	,	4	,	1	,	61	,	0	>
<2206	,	111	,	4	,	2	,	61	,	1	>
<2207	,	111	,	4	,	4	,	61	,	0	>
<2208	,	111	,	4	,	6	,	61	,	1	>
<2209	,	111	,	4	,	7	,	61	,	0	>
<2210	,	111	,	5	,	1	,	72	,	0	>
<2211	,	111	,	5	,	2	,	72	,	1	>
<2212	,	111	,	5	,	4	,	72	,	0	>
<2213	,	111	,	5	,	6	,	72	,	1	>
<2214	,	111	,	5	,	7	,	72	,	0	>
<2215	,	111	,	6	,	1	,	75	,	0	>
<2216	,	111	,	6	,	2	,	75	,	1	>
<2217	,	111	,	6	,	4	,	75	,	0	>
<2218	,	111	,	6	,	6	,	75	,	1	>
<2219	,	111	,	6	,	7	,	75	,	0	>
<2220	,	111	,	8	,	1	,	77	,	0	>
<2221	,	111	,	8	,	2	,	77	,	1	>
<2222	,	111	,	8	,	4	,	77	,	0	>
<2223	,	111	,	8	,	6	,	77	,	1	>
<2224	,	111	,	8	,	7	,	77	,	0	>
<2225	,	112	,	1	,	4	,	19	,	0	>
<2226	,	112	,	1	,	5	,	19	,	1	>
<2227	,	112	,	1	,	6	,	19	,	0	>
<2228	,	112	,	2	,	4	,	14	,	0	>
<2229	,	112	,	2	,	5	,	14	,	0	>
<2230	,	112	,	2	,	6	,	14	,	0	>
<2231	,	112	,	5	,	4	,	17	,	0	>
<2232	,	112	,	5	,	5	,	17	,	1	>
<2233	,	112	,	5	,	6	,	17	,	0	>
<2234	,	112	,	7	,	4	,	38	,	0	>
<2235	,	112	,	7	,	5	,	38	,	1	>
<2236	,	112	,	7	,	6	,	38	,	0	>
<2237	,	112	,	8	,	4	,	34	,	0	>
<2238	,	112	,	8	,	5	,	34	,	1	>
<2239	,	112	,	8	,	6	,	34	,	0	>
<2240	,	112	,	9	,	4	,	34	,	0	>
<2241	,	112	,	9	,	5	,	34	,	1	>
<2242	,	112	,	9	,	6	,	34	,	0	>
<2243	,	113	,	1	,	1	,	26	,	0	>
<2244	,	113	,	1	,	2	,	26	,	0	>
<2245	,	113	,	1	,	4	,	26	,	0	>
<2246	,	113	,	1	,	7	,	26	,	0	>
<2247	,	113	,	3	,	1	,	34	,	0	>
<2248	,	113	,	3	,	2	,	34	,	1	>
<2249	,	113	,	3	,	4	,	34	,	0	>
<2250	,	113	,	3	,	7	,	34	,	1	>
<2251	,	113	,	6	,	1	,	18	,	0	>
<2252	,	113	,	6	,	2	,	18	,	0	>
<2253	,	113	,	6	,	4	,	18	,	0	>
<2254	,	113	,	6	,	7	,	18	,	0	>
<2255	,	113	,	9	,	1	,	13	,	0	>
<2256	,	113	,	9	,	2	,	13	,	0	>
<2257	,	113	,	9	,	4	,	13	,	0	>
<2258	,	113	,	9	,	7	,	13	,	0	>
<2259	,	114	,	1	,	2	,	82	,	0	>
<2260	,	114	,	1	,	3	,	82	,	2	>
<2261	,	114	,	1	,	5	,	82	,	0	>
<2262	,	114	,	1	,	6	,	82	,	2	>
<2263	,	114	,	2	,	2	,	96	,	0	>
<2264	,	114	,	2	,	3	,	96	,	2	>
<2265	,	114	,	2	,	5	,	96	,	0	>
<2266	,	114	,	2	,	6	,	96	,	2	>
<2267	,	114	,	3	,	2	,	92	,	0	>
<2268	,	114	,	3	,	3	,	92	,	2	>
<2269	,	114	,	3	,	5	,	92	,	0	>
<2270	,	114	,	3	,	6	,	92	,	2	>
<2271	,	114	,	4	,	2	,	91	,	0	>
<2272	,	114	,	4	,	3	,	91	,	2	>
<2273	,	114	,	4	,	5	,	91	,	0	>
<2274	,	114	,	4	,	6	,	91	,	2	>
<2275	,	114	,	7	,	2	,	80	,	0	>
<2276	,	114	,	7	,	3	,	80	,	2	>
<2277	,	114	,	7	,	5	,	80	,	0	>
<2278	,	114	,	7	,	6	,	80	,	2	>
<2279	,	114	,	9	,	2	,	75	,	0	>
<2280	,	114	,	9	,	3	,	75	,	1	>
<2281	,	114	,	9	,	5	,	75	,	0	>
<2282	,	114	,	9	,	6	,	75	,	1	>
<2283	,	115	,	3	,	2	,	78	,	0	>
<2284	,	115	,	3	,	3	,	78	,	1	>
<2285	,	115	,	3	,	4	,	78	,	0	>
<2286	,	115	,	3	,	6	,	78	,	1	>
<2287	,	115	,	3	,	7	,	78	,	0	>
<2288	,	115	,	4	,	2	,	82	,	0	>
<2289	,	115	,	4	,	3	,	82	,	1	>
<2290	,	115	,	4	,	4	,	82	,	0	>
<2291	,	115	,	4	,	6	,	82	,	1	>
<2292	,	115	,	4	,	7	,	82	,	0	>
<2293	,	115	,	6	,	2	,	84	,	0	>
<2294	,	115	,	6	,	3	,	84	,	1	>
<2295	,	115	,	6	,	4	,	84	,	0	>
<2296	,	115	,	6	,	6	,	84	,	1	>
<2297	,	115	,	6	,	7	,	84	,	0	>
<2298	,	115	,	8	,	2	,	88	,	0	>
<2299	,	115	,	8	,	3	,	88	,	1	>
<2300	,	115	,	8	,	4	,	88	,	0	>
<2301	,	115	,	8	,	6	,	88	,	1	>
<2302	,	115	,	8	,	7	,	88	,	0	>
<2303	,	115	,	9	,	2	,	95	,	0	>
<2304	,	115	,	9	,	3	,	95	,	1	>
<2305	,	115	,	9	,	4	,	95	,	0	>
<2306	,	115	,	9	,	6	,	95	,	1	>
<2307	,	115	,	9	,	7	,	95	,	0	>
<2308	,	116	,	2	,	3	,	67	,	0	>
<2309	,	116	,	2	,	4	,	67	,	1	>
<2310	,	116	,	2	,	5	,	67	,	0	>
<2311	,	116	,	2	,	7	,	67	,	1	>
<2312	,	116	,	4	,	3	,	80	,	0	>
<2313	,	116	,	4	,	4	,	80	,	2	>
<2314	,	116	,	4	,	5	,	80	,	0	>
<2315	,	116	,	4	,	7	,	80	,	2	>
<2316	,	116	,	5	,	3	,	82	,	0	>
<2317	,	116	,	5	,	4	,	82	,	2	>
<2318	,	116	,	5	,	5	,	82	,	0	>
<2319	,	116	,	5	,	7	,	82	,	2	>
<2320	,	116	,	6	,	3	,	30	,	0	>
<2321	,	116	,	6	,	4	,	30	,	1	>
<2322	,	116	,	6	,	5	,	30	,	0	>
<2323	,	116	,	6	,	7	,	30	,	1	>
<2324	,	116	,	7	,	3	,	70	,	0	>
<2325	,	116	,	7	,	4	,	70	,	1	>
<2326	,	116	,	7	,	5	,	70	,	0	>
<2327	,	116	,	7	,	7	,	70	,	1	>
<2328	,	117	,	1	,	2	,	99	,	0	>
<2329	,	117	,	1	,	3	,	99	,	3	>
<2330	,	117	,	1	,	5	,	99	,	0	>
<2331	,	117	,	2	,	2	,	95	,	0	>
<2332	,	117	,	2	,	3	,	95	,	3	>
<2333	,	117	,	2	,	5	,	95	,	0	>
<2334	,	117	,	4	,	2	,	96	,	0	>
<2335	,	117	,	4	,	3	,	96	,	3	>
<2336	,	117	,	4	,	5	,	96	,	0	>
<2337	,	117	,	5	,	2	,	98	,	0	>
<2338	,	117	,	5	,	3	,	98	,	3	>
<2339	,	117	,	5	,	5	,	98	,	0	>
<2340	,	117	,	6	,	2	,	96	,	0	>
<2341	,	117	,	6	,	3	,	96	,	3	>
<2342	,	117	,	6	,	5	,	96	,	0	>
<2343	,	117	,	8	,	2	,	95	,	0	>
<2344	,	117	,	8	,	3	,	95	,	3	>
<2345	,	117	,	8	,	5	,	95	,	0	>
<2346	,	118	,	3	,	1	,	90	,	0	>
<2347	,	118	,	3	,	2	,	90	,	1	>
<2348	,	118	,	3	,	3	,	90	,	0	>
<2349	,	118	,	3	,	5	,	90	,	1	>
<2350	,	118	,	3	,	7	,	90	,	0	>
<2351	,	118	,	4	,	1	,	87	,	0	>
<2352	,	118	,	4	,	2	,	87	,	1	>
<2353	,	118	,	4	,	3	,	87	,	0	>
<2354	,	118	,	4	,	5	,	87	,	1	>
<2355	,	118	,	4	,	7	,	87	,	0	>
<2356	,	118	,	5	,	1	,	92	,	0	>
<2357	,	118	,	5	,	2	,	92	,	1	>
<2358	,	118	,	5	,	3	,	92	,	0	>
<2359	,	118	,	5	,	5	,	92	,	1	>
<2360	,	118	,	5	,	7	,	92	,	0	>
<2361	,	118	,	6	,	1	,	94	,	0	>
<2362	,	118	,	6	,	2	,	94	,	1	>
<2363	,	118	,	6	,	3	,	94	,	0	>
<2364	,	118	,	6	,	5	,	94	,	1	>
<2365	,	118	,	6	,	7	,	94	,	0	>
<2366	,	118	,	7	,	1	,	89	,	0	>
<2367	,	118	,	7	,	2	,	89	,	1	>
<2368	,	118	,	7	,	3	,	89	,	0	>
<2369	,	118	,	7	,	5	,	89	,	1	>
<2370	,	118	,	7	,	7	,	89	,	0	>
<2371	,	119	,	1	,	1	,	59	,	0	>
<2372	,	119	,	1	,	4	,	59	,	1	>
<2373	,	119	,	1	,	5	,	59	,	0	>
<2374	,	119	,	1	,	6	,	59	,	1	>
<2375	,	119	,	1	,	7	,	59	,	0	>
<2376	,	119	,	2	,	1	,	97	,	0	>
<2377	,	119	,	2	,	4	,	97	,	1	>
<2378	,	119	,	2	,	5	,	97	,	0	>
<2379	,	119	,	2	,	6	,	97	,	1	>
<2380	,	119	,	2	,	7	,	97	,	0	>
<2381	,	119	,	3	,	1	,	94	,	0	>
<2382	,	119	,	3	,	4	,	94	,	1	>
<2383	,	119	,	3	,	5	,	94	,	0	>
<2384	,	119	,	3	,	6	,	94	,	1	>
<2385	,	119	,	3	,	7	,	94	,	0	>
<2386	,	119	,	5	,	1	,	80	,	0	>
<2387	,	119	,	5	,	4	,	80	,	1	>
<2388	,	119	,	5	,	5	,	80	,	0	>
<2389	,	119	,	5	,	6	,	80	,	1	>
<2390	,	119	,	5	,	7	,	80	,	0	>
<2391	,	119	,	7	,	1	,	63	,	0	>
<2392	,	119	,	7	,	4	,	63	,	1	>
<2393	,	119	,	7	,	5	,	63	,	0	>
<2394	,	119	,	7	,	6	,	63	,	1	>
<2395	,	119	,	7	,	7	,	63	,	0	>
<2396	,	119	,	9	,	1	,	89	,	0	>
<2397	,	119	,	9	,	4	,	89	,	1	>
<2398	,	119	,	9	,	5	,	89	,	0	>
<2399	,	119	,	9	,	6	,	89	,	1	>
<2400	,	119	,	9	,	7	,	89	,	0	>
};