// XtraLGS y resolución directa de hecho_DRC_DAFJS08_W7_2_12_7_3inst2_85ops10m7w6jobs Alobruto en MAQUINON 1629modos mks657 en 5h42min2s

//  15mar26 10:35 &&&&&&&&&&&&&&&&&&&&&&&&&& RESUELVO CON LAGS POR WORKER TORPER EN ALOBRUTO SOBRE XDAFJS08  &&&&&&&&&&&&&&&&&&&&&&&&&&&&&&&&&
// .... Y SUS 1629 MODOS A LO BRUTO.
IS_ALOBRUTO=1;

// DAFJSP08... pero DRC con uno mío hecho_DRC_DAFJS08_W7_2_12_7_3inst2_85ops10m7w6jobs.txt
//        Ntaks, nMachs, nWORKERs
Params = <85,10,7>;

precedences ={
<	1	,	2	,	0	>,
<	2	,	3	,	0	>,
<	3	,	4	,	0	>,
<	4	,	5	,	0	>,
<	5	,	6	,	0	>,
<	6	,	7	,	0	>,
<	7	,	8	,	0	>,
<	8	,	9	,	0	>,
<	2	,	10	,	0	>,
<	10	,	11	,	0	>,
<	11	,	12	,	0	>,
<	12	,	13	,	0	>,
<	13	,	14	,	0	>,
<	14	,	15	,	0	>,
<	15	,	16	,	0	>,
<	2	,	17	,	0	>,
<	17	,	18	,	0	>,
<	18	,	19	,	0	>,
<	19	,	20	,	0	>,
<	20	,	21	,	0	>,
<	21	,	22	,	0	>,
<	22	,	23	,	0	>,
<	24	,	25	,	0	>,
<	25	,	26	,	0	>,
<	26	,	27	,	0	>,
<	27	,	28	,	0	>,
<	28	,	29	,	0	>,
<	29	,	42	,	0	>,
<	30	,	31	,	0	>,
<	31	,	32	,	0	>,
<	32	,	33	,	0	>,
<	33	,	34	,	0	>,
<	34	,	35	,	0	>,
<	35	,	42	,	0	>,
<	36	,	37	,	0	>,
<	37	,	38	,	0	>,
<	38	,	39	,	0	>,
<	39	,	40	,	0	>,
<	40	,	41	,	0	>,
<	41	,	42	,	0	>,
<	42	,	43	,	0	>,
<	43	,	44	,	0	>,
<	44	,	45	,	0	>,
<	46	,	47	,	0	>,
<	47	,	48	,	0	>,
<	48	,	49	,	0	>,
<	49	,	50	,	0	>,
<	50	,	51	,	0	>,
<	51	,	56	,	0	>,
<	49	,	52	,	0	>,
<	52	,	53	,	0	>,
<	53	,	56	,	0	>,
<	49	,	54	,	0	>,
<	54	,	55	,	0	>,
<	55	,	56	,	0	>,
<	56	,	57	,	0	>,
<	57	,	58	,	0	>,
<	58	,	59	,	0	>,
<	60	,	61	,	0	>,
<	61	,	62	,	0	>,
<	62	,	63	,	0	>,
<	63	,	64	,	0	>,
<	63	,	65	,	0	>,
<	66	,	67	,	0	>,
<	67	,	68	,	0	>,
<	68	,	75	,	0	>,
<	69	,	70	,	0	>,
<	70	,	71	,	0	>,
<	71	,	75	,	0	>,
<	72	,	73	,	0	>,
<	73	,	74	,	0	>,
<	74	,	75	,	0	>,
<	75	,	76	,	0	>,
<	76	,	77	,	0	>,
<	77	,	78	,	0	>,
<	78	,	79	,	0	>,
<	80	,	81	,	0	>,
<	81	,	82	,	0	>,
<	82	,	83	,	0	>,
<	83	,	85	,	0	>,
<	82	,	84	,	0	>,
<	84	,	85	,	0	>
};

Modes = {
<0	,	1	,	1	,	2	,	84	,	3	>
<1	,	1	,	1	,	3	,	84	,	0	>
<2	,	1	,	1	,	5	,	84	,	3	>
<3	,	1	,	1	,	7	,	84	,	0	>
<4	,	1	,	2	,	1	,	69	,	0	>
<5	,	1	,	2	,	2	,	69	,	2	>
<6	,	1	,	2	,	3	,	69	,	0	>
<7	,	1	,	2	,	5	,	69	,	2	>
<8	,	1	,	2	,	7	,	69	,	0	>
<9	,	1	,	5	,	1	,	63	,	0	>
<10	,	1	,	5	,	2	,	63	,	2	>
<11	,	1	,	5	,	3	,	63	,	0	>
<12	,	1	,	5	,	5	,	63	,	2	>
<13	,	1	,	5	,	7	,	63	,	0	>
<14	,	1	,	6	,	1	,	70	,	0	>
<15	,	1	,	6	,	2	,	70	,	3	>
<16	,	1	,	6	,	3	,	70	,	0	>
<17	,	1	,	6	,	5	,	70	,	3	>
<18	,	1	,	6	,	7	,	70	,	0	>
<19	,	1	,	7	,	1	,	95	,	0	>
<20	,	1	,	7	,	2	,	95	,	3	>
<21	,	1	,	7	,	3	,	95	,	0	>
<22	,	1	,	7	,	5	,	95	,	3	>
<23	,	1	,	7	,	7	,	95	,	0	>
<24	,	1	,	9	,	1	,	63	,	0	>
<25	,	1	,	9	,	2	,	63	,	2	>
<26	,	1	,	9	,	3	,	63	,	0	>
<27	,	1	,	9	,	5	,	63	,	2	>
<28	,	1	,	9	,	7	,	63	,	0	>
<29	,	1	,	10	,	1	,	89	,	0	>
<30	,	1	,	10	,	2	,	89	,	3	>
<31	,	1	,	10	,	3	,	89	,	0	>
<32	,	1	,	10	,	5	,	89	,	3	>
<33	,	1	,	10	,	7	,	89	,	0	>
<34	,	2	,	4	,	2	,	42	,	0	>
<35	,	2	,	4	,	4	,	42	,	5	>
<36	,	2	,	4	,	7	,	42	,	0	>
<37	,	2	,	6	,	2	,	58	,	0	>
<38	,	2	,	6	,	4	,	58	,	7	>
<39	,	2	,	6	,	7	,	58	,	0	>
<40	,	2	,	9	,	2	,	89	,	0	>
<41	,	2	,	9	,	4	,	89	,	11	>
<42	,	2	,	9	,	7	,	89	,	0	>
<43	,	2	,	10	,	2	,	64	,	0	>
<44	,	2	,	10	,	4	,	64	,	8	>
<45	,	2	,	10	,	7	,	64	,	0	>
<46	,	3	,	1	,	1	,	26	,	0	>
<47	,	3	,	1	,	5	,	26	,	2	>
<48	,	3	,	1	,	6	,	26	,	0	>
<49	,	3	,	1	,	7	,	26	,	2	>
<50	,	3	,	2	,	1	,	35	,	0	>
<51	,	3	,	2	,	5	,	35	,	2	>
<52	,	3	,	2	,	6	,	35	,	0	>
<53	,	3	,	2	,	7	,	35	,	2	>
<54	,	3	,	5	,	1	,	78	,	0	>
<55	,	3	,	5	,	5	,	78	,	5	>
<56	,	3	,	5	,	6	,	78	,	0	>
<57	,	3	,	5	,	7	,	78	,	5	>
<58	,	4	,	6	,	2	,	93	,	0	>
<59	,	4	,	6	,	3	,	93	,	6	>
<60	,	4	,	6	,	5	,	93	,	0	>
<61	,	4	,	6	,	6	,	93	,	6	>
<62	,	4	,	7	,	2	,	95	,	0	>
<63	,	4	,	7	,	3	,	95	,	6	>
<64	,	4	,	7	,	5	,	95	,	0	>
<65	,	4	,	7	,	6	,	95	,	6	>
<66	,	4	,	10	,	2	,	94	,	0	>
<67	,	4	,	10	,	3	,	94	,	6	>
<68	,	4	,	10	,	5	,	94	,	0	>
<69	,	4	,	10	,	6	,	94	,	6	>
<70	,	5	,	3	,	2	,	95	,	0	>
<71	,	5	,	3	,	5	,	95	,	11	>
<72	,	5	,	3	,	7	,	95	,	0	>
<73	,	5	,	4	,	2	,	96	,	0	>
<74	,	5	,	4	,	5	,	96	,	12	>
<75	,	5	,	4	,	7	,	96	,	0	>
<76	,	5	,	5	,	2	,	96	,	0	>
<77	,	5	,	5	,	5	,	96	,	12	>
<78	,	5	,	5	,	7	,	96	,	0	>
<79	,	5	,	7	,	2	,	86	,	0	>
<80	,	5	,	7	,	5	,	86	,	10	>
<81	,	5	,	7	,	7	,	86	,	0	>
<82	,	5	,	8	,	2	,	94	,	0	>
<83	,	5	,	8	,	5	,	94	,	11	>
<84	,	5	,	8	,	7	,	94	,	0	>
<85	,	5	,	9	,	2	,	96	,	0	>
<86	,	5	,	9	,	5	,	96	,	12	>
<87	,	5	,	9	,	7	,	96	,	0	>
<88	,	5	,	10	,	2	,	83	,	0	>
<89	,	5	,	10	,	5	,	83	,	10	>
<90	,	5	,	10	,	7	,	83	,	0	>
<91	,	6	,	1	,	1	,	11	,	0	>
<92	,	6	,	1	,	2	,	11	,	0	>
<93	,	6	,	1	,	3	,	11	,	0	>
<94	,	6	,	1	,	4	,	11	,	0	>
<95	,	6	,	1	,	5	,	11	,	0	>
<96	,	6	,	4	,	1	,	19	,	0	>
<97	,	6	,	4	,	2	,	19	,	1	>
<98	,	6	,	4	,	3	,	19	,	0	>
<99	,	6	,	4	,	4	,	19	,	1	>
<100	,	6	,	4	,	5	,	19	,	0	>
<101	,	6	,	7	,	1	,	21	,	0	>
<102	,	6	,	7	,	2	,	21	,	1	>
<103	,	6	,	7	,	3	,	21	,	0	>
<104	,	6	,	7	,	4	,	21	,	1	>
<105	,	6	,	7	,	5	,	21	,	0	>
<106	,	6	,	8	,	1	,	24	,	0	>
<107	,	6	,	8	,	2	,	24	,	1	>
<108	,	6	,	8	,	3	,	24	,	0	>
<109	,	6	,	8	,	4	,	24	,	1	>
<110	,	6	,	8	,	5	,	24	,	0	>
<111	,	6	,	9	,	1	,	15	,	0	>
<112	,	6	,	9	,	2	,	15	,	1	>
<113	,	6	,	9	,	3	,	15	,	0	>
<114	,	6	,	9	,	4	,	15	,	1	>
<115	,	6	,	9	,	5	,	15	,	0	>
<116	,	6	,	10	,	1	,	28	,	0	>
<117	,	6	,	10	,	2	,	28	,	1	>
<118	,	6	,	10	,	3	,	28	,	0	>
<119	,	6	,	10	,	4	,	28	,	1	>
<120	,	6	,	10	,	5	,	28	,	0	>
<121	,	7	,	1	,	1	,	81	,	0	>
<122	,	7	,	1	,	2	,	81	,	3	>
<123	,	7	,	1	,	3	,	81	,	0	>
<124	,	7	,	1	,	6	,	81	,	3	>
<125	,	7	,	1	,	7	,	81	,	0	>
<126	,	7	,	8	,	1	,	59	,	0	>
<127	,	7	,	8	,	2	,	59	,	2	>
<128	,	7	,	8	,	3	,	59	,	0	>
<129	,	7	,	8	,	6	,	59	,	2	>
<130	,	7	,	8	,	7	,	59	,	0	>
<131	,	7	,	10	,	1	,	74	,	0	>
<132	,	7	,	10	,	2	,	74	,	3	>
<133	,	7	,	10	,	3	,	74	,	0	>
<134	,	7	,	10	,	6	,	74	,	3	>
<135	,	7	,	10	,	7	,	74	,	0	>
<136	,	8	,	4	,	3	,	77	,	0	>
<137	,	8	,	4	,	6	,	77	,	9	>
<138	,	8	,	4	,	7	,	77	,	0	>
<139	,	8	,	6	,	3	,	78	,	0	>
<140	,	8	,	6	,	6	,	78	,	9	>
<141	,	8	,	6	,	7	,	78	,	0	>
<142	,	8	,	7	,	3	,	77	,	0	>
<143	,	8	,	7	,	6	,	77	,	9	>
<144	,	8	,	7	,	7	,	77	,	0	>
<145	,	8	,	9	,	3	,	42	,	0	>
<146	,	8	,	9	,	6	,	42	,	5	>
<147	,	8	,	9	,	7	,	42	,	0	>
<148	,	9	,	3	,	1	,	46	,	0	>
<149	,	9	,	3	,	3	,	46	,	3	>
<150	,	9	,	3	,	4	,	46	,	0	>
<151	,	9	,	3	,	5	,	46	,	3	>
<152	,	9	,	4	,	1	,	42	,	0	>
<153	,	9	,	4	,	3	,	42	,	3	>
<154	,	9	,	4	,	4	,	42	,	0	>
<155	,	9	,	4	,	5	,	42	,	3	>
<156	,	9	,	5	,	1	,	86	,	0	>
<157	,	9	,	5	,	3	,	86	,	6	>
<158	,	9	,	5	,	4	,	86	,	0	>
<159	,	9	,	5	,	5	,	86	,	6	>
<160	,	9	,	6	,	1	,	49	,	0	>
<161	,	9	,	6	,	3	,	49	,	3	>
<162	,	9	,	6	,	4	,	49	,	0	>
<163	,	9	,	6	,	5	,	49	,	3	>
<164	,	9	,	7	,	1	,	48	,	0	>
<165	,	9	,	7	,	3	,	48	,	3	>
<166	,	9	,	7	,	4	,	48	,	0	>
<167	,	9	,	7	,	5	,	48	,	3	>
<168	,	9	,	8	,	1	,	95	,	0	>
<169	,	9	,	8	,	3	,	95	,	6	>
<170	,	9	,	8	,	4	,	95	,	0	>
<171	,	9	,	8	,	5	,	95	,	6	>
<172	,	9	,	10	,	1	,	99	,	0	>
<173	,	9	,	10	,	3	,	99	,	7	>
<174	,	9	,	10	,	4	,	99	,	0	>
<175	,	9	,	10	,	5	,	99	,	7	>
<176	,	10	,	3	,	3	,	47	,	0	>
<177	,	10	,	3	,	4	,	47	,	6	>
<178	,	10	,	3	,	5	,	47	,	0	>
<179	,	10	,	5	,	3	,	49	,	0	>
<180	,	10	,	5	,	4	,	49	,	6	>
<181	,	10	,	5	,	5	,	49	,	0	>
<182	,	10	,	6	,	3	,	53	,	0	>
<183	,	10	,	6	,	4	,	53	,	6	>
<184	,	10	,	6	,	5	,	53	,	0	>
<185	,	10	,	8	,	3	,	37	,	0	>
<186	,	10	,	8	,	4	,	37	,	4	>
<187	,	10	,	8	,	5	,	37	,	0	>
<188	,	10	,	9	,	3	,	75	,	0	>
<189	,	10	,	9	,	4	,	75	,	9	>
<190	,	10	,	9	,	5	,	75	,	0	>
<191	,	11	,	1	,	2	,	50	,	0	>
<192	,	11	,	1	,	3	,	50	,	2	>
<193	,	11	,	1	,	5	,	50	,	0	>
<194	,	11	,	1	,	6	,	50	,	2	>
<195	,	11	,	1	,	7	,	50	,	0	>
<196	,	11	,	3	,	2	,	51	,	0	>
<197	,	11	,	3	,	3	,	51	,	2	>
<198	,	11	,	3	,	5	,	51	,	0	>
<199	,	11	,	3	,	6	,	51	,	2	>
<200	,	11	,	3	,	7	,	51	,	0	>
<201	,	11	,	7	,	2	,	68	,	0	>
<202	,	11	,	7	,	3	,	68	,	2	>
<203	,	11	,	7	,	5	,	68	,	0	>
<204	,	11	,	7	,	6	,	68	,	2	>
<205	,	11	,	7	,	7	,	68	,	0	>
<206	,	11	,	8	,	2	,	67	,	0	>
<207	,	11	,	8	,	3	,	67	,	2	>
<208	,	11	,	8	,	5	,	67	,	0	>
<209	,	11	,	8	,	6	,	67	,	2	>
<210	,	11	,	8	,	7	,	67	,	0	>
<211	,	11	,	9	,	2	,	55	,	0	>
<212	,	11	,	9	,	3	,	55	,	2	>
<213	,	11	,	9	,	5	,	55	,	0	>
<214	,	11	,	9	,	6	,	55	,	2	>
<215	,	11	,	9	,	7	,	55	,	0	>
<216	,	12	,	1	,	1	,	22	,	0	>
<217	,	12	,	1	,	2	,	22	,	1	>
<218	,	12	,	1	,	3	,	22	,	0	>
<219	,	12	,	1	,	6	,	22	,	1	>
<220	,	12	,	1	,	7	,	22	,	0	>
<221	,	12	,	4	,	1	,	13	,	0	>
<222	,	12	,	4	,	2	,	13	,	0	>
<223	,	12	,	4	,	3	,	13	,	0	>
<224	,	12	,	4	,	6	,	13	,	0	>
<225	,	12	,	4	,	7	,	13	,	0	>
<226	,	12	,	5	,	1	,	27	,	0	>
<227	,	12	,	5	,	2	,	27	,	1	>
<228	,	12	,	5	,	3	,	27	,	0	>
<229	,	12	,	5	,	6	,	27	,	1	>
<230	,	12	,	5	,	7	,	27	,	0	>
<231	,	12	,	6	,	1	,	30	,	0	>
<232	,	12	,	6	,	2	,	30	,	1	>
<233	,	12	,	6	,	3	,	30	,	0	>
<234	,	12	,	6	,	6	,	30	,	1	>
<235	,	12	,	6	,	7	,	30	,	0	>
<236	,	12	,	7	,	1	,	24	,	0	>
<237	,	12	,	7	,	2	,	24	,	1	>
<238	,	12	,	7	,	3	,	24	,	0	>
<239	,	12	,	7	,	6	,	24	,	1	>
<240	,	12	,	7	,	7	,	24	,	0	>
<241	,	12	,	10	,	1	,	31	,	0	>
<242	,	12	,	10	,	2	,	31	,	1	>
<243	,	12	,	10	,	3	,	31	,	0	>
<244	,	12	,	10	,	6	,	31	,	1	>
<245	,	12	,	10	,	7	,	31	,	0	>
<246	,	13	,	1	,	1	,	98	,	0	>
<247	,	13	,	1	,	2	,	98	,	4	>
<248	,	13	,	1	,	5	,	98	,	0	>
<249	,	13	,	1	,	6	,	98	,	4	>
<250	,	13	,	1	,	7	,	98	,	0	>
<251	,	13	,	3	,	1	,	99	,	0	>
<252	,	13	,	3	,	2	,	99	,	4	>
<253	,	13	,	3	,	5	,	99	,	0	>
<254	,	13	,	3	,	6	,	99	,	4	>
<255	,	13	,	3	,	7	,	99	,	0	>
<256	,	13	,	8	,	1	,	98	,	0	>
<257	,	13	,	8	,	2	,	98	,	4	>
<258	,	13	,	8	,	5	,	98	,	0	>
<259	,	13	,	8	,	6	,	98	,	4	>
<260	,	13	,	8	,	7	,	98	,	0	>
<261	,	14	,	2	,	1	,	76	,	0	>
<262	,	14	,	2	,	3	,	76	,	5	>
<263	,	14	,	2	,	5	,	76	,	0	>
<264	,	14	,	2	,	6	,	76	,	5	>
<265	,	14	,	3	,	1	,	53	,	0	>
<266	,	14	,	3	,	3	,	53	,	4	>
<267	,	14	,	3	,	5	,	53	,	0	>
<268	,	14	,	3	,	6	,	53	,	4	>
<269	,	14	,	5	,	1	,	69	,	0	>
<270	,	14	,	5	,	3	,	69	,	5	>
<271	,	14	,	5	,	5	,	69	,	0	>
<272	,	14	,	5	,	6	,	69	,	5	>
<273	,	14	,	6	,	1	,	72	,	0	>
<274	,	14	,	6	,	3	,	72	,	5	>
<275	,	14	,	6	,	5	,	72	,	0	>
<276	,	14	,	6	,	6	,	72	,	5	>
<277	,	14	,	10	,	1	,	85	,	0	>
<278	,	14	,	10	,	3	,	85	,	6	>
<279	,	14	,	10	,	5	,	85	,	0	>
<280	,	14	,	10	,	6	,	85	,	6	>
<281	,	15	,	2	,	1	,	75	,	0	>
<282	,	15	,	2	,	2	,	75	,	3	>
<283	,	15	,	2	,	5	,	75	,	0	>
<284	,	15	,	2	,	6	,	75	,	3	>
<285	,	15	,	2	,	7	,	75	,	0	>
<286	,	15	,	5	,	1	,	86	,	0	>
<287	,	15	,	5	,	2	,	86	,	3	>
<288	,	15	,	5	,	5	,	86	,	0	>
<289	,	15	,	5	,	6	,	86	,	3	>
<290	,	15	,	5	,	7	,	86	,	0	>
<291	,	15	,	9	,	1	,	66	,	0	>
<292	,	15	,	9	,	2	,	66	,	2	>
<293	,	15	,	9	,	5	,	66	,	0	>
<294	,	15	,	9	,	6	,	66	,	2	>
<295	,	15	,	9	,	7	,	66	,	0	>
<296	,	16	,	2	,	2	,	10	,	0	>
<297	,	16	,	2	,	3	,	10	,	0	>
<298	,	16	,	2	,	4	,	10	,	0	>
<299	,	16	,	2	,	5	,	10	,	0	>
<300	,	16	,	2	,	6	,	10	,	0	>
<301	,	16	,	4	,	2	,	10	,	0	>
<302	,	16	,	4	,	3	,	10	,	0	>
<303	,	16	,	4	,	4	,	10	,	0	>
<304	,	16	,	4	,	5	,	10	,	0	>
<305	,	16	,	4	,	6	,	10	,	0	>
<306	,	16	,	6	,	2	,	30	,	0	>
<307	,	16	,	6	,	3	,	30	,	1	>
<308	,	16	,	6	,	4	,	30	,	0	>
<309	,	16	,	6	,	5	,	30	,	1	>
<310	,	16	,	6	,	6	,	30	,	0	>
<311	,	16	,	8	,	2	,	24	,	0	>
<312	,	16	,	8	,	3	,	24	,	1	>
<313	,	16	,	8	,	4	,	24	,	0	>
<314	,	16	,	8	,	5	,	24	,	1	>
<315	,	16	,	8	,	6	,	24	,	0	>
<316	,	16	,	10	,	2	,	14	,	0	>
<317	,	16	,	10	,	3	,	14	,	1	>
<318	,	16	,	10	,	4	,	14	,	0	>
<319	,	16	,	10	,	5	,	14	,	1	>
<320	,	16	,	10	,	6	,	14	,	0	>
<321	,	17	,	3	,	3	,	87	,	0	>
<322	,	17	,	3	,	5	,	87	,	6	>
<323	,	17	,	3	,	6	,	87	,	0	>
<324	,	17	,	3	,	7	,	87	,	6	>
<325	,	17	,	6	,	3	,	54	,	0	>
<326	,	17	,	6	,	5	,	54	,	4	>
<327	,	17	,	6	,	6	,	54	,	0	>
<328	,	17	,	6	,	7	,	54	,	4	>
<329	,	17	,	7	,	3	,	48	,	0	>
<330	,	17	,	7	,	5	,	48	,	3	>
<331	,	17	,	7	,	6	,	48	,	0	>
<332	,	17	,	7	,	7	,	48	,	3	>
<333	,	18	,	1	,	2	,	93	,	0	>
<334	,	18	,	1	,	3	,	93	,	3	>
<335	,	18	,	1	,	4	,	93	,	0	>
<336	,	18	,	1	,	5	,	93	,	3	>
<337	,	18	,	1	,	6	,	93	,	0	>
<338	,	18	,	2	,	2	,	92	,	0	>
<339	,	18	,	2	,	3	,	92	,	3	>
<340	,	18	,	2	,	4	,	92	,	0	>
<341	,	18	,	2	,	5	,	92	,	3	>
<342	,	18	,	2	,	6	,	92	,	0	>
<343	,	18	,	5	,	2	,	77	,	0	>
<344	,	18	,	5	,	3	,	77	,	3	>
<345	,	18	,	5	,	4	,	77	,	0	>
<346	,	18	,	5	,	5	,	77	,	3	>
<347	,	18	,	5	,	6	,	77	,	0	>
<348	,	18	,	6	,	2	,	94	,	0	>
<349	,	18	,	6	,	3	,	94	,	3	>
<350	,	18	,	6	,	4	,	94	,	0	>
<351	,	18	,	6	,	5	,	94	,	3	>
<352	,	18	,	6	,	6	,	94	,	0	>
<353	,	18	,	7	,	2	,	78	,	0	>
<354	,	18	,	7	,	3	,	78	,	3	>
<355	,	18	,	7	,	4	,	78	,	0	>
<356	,	18	,	7	,	5	,	78	,	3	>
<357	,	18	,	7	,	6	,	78	,	0	>
<358	,	18	,	8	,	2	,	80	,	0	>
<359	,	18	,	8	,	3	,	80	,	3	>
<360	,	18	,	8	,	4	,	80	,	0	>
<361	,	18	,	8	,	5	,	80	,	3	>
<362	,	18	,	8	,	6	,	80	,	0	>
<363	,	18	,	10	,	2	,	96	,	0	>
<364	,	18	,	10	,	3	,	96	,	3	>
<365	,	18	,	10	,	4	,	96	,	0	>
<366	,	18	,	10	,	5	,	96	,	3	>
<367	,	18	,	10	,	6	,	96	,	0	>
<368	,	19	,	2	,	1	,	78	,	0	>
<369	,	19	,	2	,	5	,	78	,	9	>
<370	,	19	,	2	,	7	,	78	,	0	>
<371	,	19	,	3	,	1	,	89	,	0	>
<372	,	19	,	3	,	5	,	89	,	11	>
<373	,	19	,	3	,	7	,	89	,	0	>
<374	,	19	,	4	,	1	,	80	,	0	>
<375	,	19	,	4	,	5	,	80	,	10	>
<376	,	19	,	4	,	7	,	80	,	0	>
<377	,	19	,	8	,	1	,	91	,	0	>
<378	,	19	,	8	,	5	,	91	,	11	>
<379	,	19	,	8	,	7	,	91	,	0	>
<380	,	19	,	9	,	1	,	82	,	0	>
<381	,	19	,	9	,	5	,	82	,	10	>
<382	,	19	,	9	,	7	,	82	,	0	>
<383	,	20	,	1	,	1	,	56	,	0	>
<384	,	20	,	1	,	5	,	56	,	7	>
<385	,	20	,	1	,	7	,	56	,	0	>
<386	,	20	,	5	,	1	,	32	,	0	>
<387	,	20	,	5	,	5	,	32	,	4	>
<388	,	20	,	5	,	7	,	32	,	0	>
<389	,	20	,	6	,	1	,	30	,	0	>
<390	,	20	,	6	,	5	,	30	,	4	>
<391	,	20	,	6	,	7	,	30	,	0	>
<392	,	20	,	7	,	1	,	62	,	0	>
<393	,	20	,	7	,	5	,	62	,	7	>
<394	,	20	,	7	,	7	,	62	,	0	>
<395	,	20	,	9	,	1	,	32	,	0	>
<396	,	20	,	9	,	5	,	32	,	4	>
<397	,	20	,	9	,	7	,	32	,	0	>
<398	,	21	,	1	,	1	,	5	,	0	>
<399	,	21	,	1	,	6	,	5	,	1	>
<400	,	21	,	1	,	7	,	5	,	0	>
<401	,	21	,	2	,	1	,	5	,	0	>
<402	,	21	,	2	,	6	,	5	,	1	>
<403	,	21	,	2	,	7	,	5	,	0	>
<404	,	21	,	3	,	1	,	2	,	0	>
<405	,	21	,	3	,	6	,	2	,	0	>
<406	,	21	,	3	,	7	,	2	,	0	>
<407	,	21	,	4	,	1	,	2	,	0	>
<408	,	21	,	4	,	6	,	2	,	0	>
<409	,	21	,	4	,	7	,	2	,	0	>
<410	,	21	,	7	,	1	,	3	,	0	>
<411	,	21	,	7	,	6	,	3	,	0	>
<412	,	21	,	7	,	7	,	3	,	0	>
<413	,	21	,	8	,	1	,	5	,	0	>
<414	,	21	,	8	,	6	,	5	,	1	>
<415	,	21	,	8	,	7	,	5	,	0	>
<416	,	21	,	10	,	1	,	2	,	0	>
<417	,	21	,	10	,	6	,	2	,	0	>
<418	,	21	,	10	,	7	,	2	,	0	>
<419	,	22	,	2	,	2	,	98	,	0	>
<420	,	22	,	2	,	4	,	98	,	7	>
<421	,	22	,	2	,	5	,	98	,	0	>
<422	,	22	,	2	,	7	,	98	,	7	>
<423	,	22	,	3	,	2	,	73	,	0	>
<424	,	22	,	3	,	4	,	73	,	5	>
<425	,	22	,	3	,	5	,	73	,	0	>
<426	,	22	,	3	,	7	,	73	,	5	>
<427	,	22	,	5	,	2	,	83	,	0	>
<428	,	22	,	5	,	4	,	83	,	6	>
<429	,	22	,	5	,	5	,	83	,	0	>
<430	,	22	,	5	,	7	,	83	,	6	>
<431	,	22	,	6	,	2	,	86	,	0	>
<432	,	22	,	6	,	4	,	86	,	6	>
<433	,	22	,	6	,	5	,	86	,	0	>
<434	,	22	,	6	,	7	,	86	,	6	>
<435	,	23	,	1	,	1	,	95	,	0	>
<436	,	23	,	1	,	3	,	95	,	3	>
<437	,	23	,	1	,	4	,	95	,	0	>
<438	,	23	,	1	,	5	,	95	,	3	>
<439	,	23	,	1	,	7	,	95	,	0	>
<440	,	23	,	2	,	1	,	97	,	0	>
<441	,	23	,	2	,	3	,	97	,	3	>
<442	,	23	,	2	,	4	,	97	,	0	>
<443	,	23	,	2	,	5	,	97	,	3	>
<444	,	23	,	2	,	7	,	97	,	0	>
<445	,	23	,	3	,	1	,	90	,	0	>
<446	,	23	,	3	,	3	,	90	,	3	>
<447	,	23	,	3	,	4	,	90	,	0	>
<448	,	23	,	3	,	5	,	90	,	3	>
<449	,	23	,	3	,	7	,	90	,	0	>
<450	,	23	,	6	,	1	,	90	,	0	>
<451	,	23	,	6	,	3	,	90	,	3	>
<452	,	23	,	6	,	4	,	90	,	0	>
<453	,	23	,	6	,	5	,	90	,	3	>
<454	,	23	,	6	,	7	,	90	,	0	>
<455	,	23	,	9	,	1	,	76	,	0	>
<456	,	23	,	9	,	3	,	76	,	3	>
<457	,	23	,	9	,	4	,	76	,	0	>
<458	,	23	,	9	,	5	,	76	,	3	>
<459	,	23	,	9	,	7	,	76	,	0	>
<460	,	23	,	10	,	1	,	98	,	0	>
<461	,	23	,	10	,	3	,	98	,	4	>
<462	,	23	,	10	,	4	,	98	,	0	>
<463	,	23	,	10	,	5	,	98	,	4	>
<464	,	23	,	10	,	7	,	98	,	0	>
<465	,	24	,	1	,	2	,	56	,	0	>
<466	,	24	,	1	,	4	,	56	,	4	>
<467	,	24	,	1	,	5	,	56	,	0	>
<468	,	24	,	1	,	6	,	56	,	4	>
<469	,	24	,	3	,	2	,	19	,	0	>
<470	,	24	,	3	,	4	,	19	,	1	>
<471	,	24	,	3	,	5	,	19	,	0	>
<472	,	24	,	3	,	6	,	19	,	1	>
<473	,	24	,	9	,	2	,	28	,	0	>
<474	,	24	,	9	,	4	,	28	,	2	>
<475	,	24	,	9	,	5	,	28	,	0	>
<476	,	24	,	9	,	6	,	28	,	2	>
<477	,	24	,	10	,	2	,	51	,	0	>
<478	,	24	,	10	,	4	,	51	,	3	>
<479	,	24	,	10	,	5	,	51	,	0	>
<480	,	24	,	10	,	6	,	51	,	3	>
<481	,	25	,	3	,	2	,	13	,	0	>
<482	,	25	,	3	,	3	,	13	,	1	>
<483	,	25	,	3	,	4	,	13	,	0	>
<484	,	25	,	3	,	6	,	13	,	1	>
<485	,	25	,	4	,	2	,	30	,	0	>
<486	,	25	,	4	,	3	,	30	,	2	>
<487	,	25	,	4	,	4	,	30	,	0	>
<488	,	25	,	4	,	6	,	30	,	2	>
<489	,	25	,	5	,	2	,	35	,	0	>
<490	,	25	,	5	,	3	,	35	,	2	>
<491	,	25	,	5	,	4	,	35	,	0	>
<492	,	25	,	5	,	6	,	35	,	2	>
<493	,	25	,	6	,	2	,	19	,	0	>
<494	,	25	,	6	,	3	,	19	,	1	>
<495	,	25	,	6	,	4	,	19	,	0	>
<496	,	25	,	6	,	6	,	19	,	1	>
<497	,	25	,	8	,	2	,	32	,	0	>
<498	,	25	,	8	,	3	,	32	,	2	>
<499	,	25	,	8	,	4	,	32	,	0	>
<500	,	25	,	8	,	6	,	32	,	2	>
<501	,	25	,	9	,	2	,	18	,	0	>
<502	,	25	,	9	,	3	,	18	,	1	>
<503	,	25	,	9	,	4	,	18	,	0	>
<504	,	25	,	9	,	6	,	18	,	1	>
<505	,	25	,	10	,	2	,	33	,	0	>
<506	,	25	,	10	,	3	,	33	,	2	>
<507	,	25	,	10	,	4	,	33	,	0	>
<508	,	25	,	10	,	6	,	33	,	2	>
<509	,	26	,	1	,	1	,	12	,	0	>
<510	,	26	,	1	,	3	,	12	,	1	>
<511	,	26	,	1	,	5	,	12	,	0	>
<512	,	26	,	1	,	6	,	12	,	1	>
<513	,	26	,	8	,	1	,	11	,	0	>
<514	,	26	,	8	,	3	,	11	,	1	>
<515	,	26	,	8	,	5	,	11	,	0	>
<516	,	26	,	8	,	6	,	11	,	1	>
<517	,	26	,	9	,	1	,	12	,	0	>
<518	,	26	,	9	,	3	,	12	,	1	>
<519	,	26	,	9	,	5	,	12	,	0	>
<520	,	26	,	9	,	6	,	12	,	1	>
<521	,	27	,	1	,	3	,	69	,	0	>
<522	,	27	,	1	,	4	,	69	,	8	>
<523	,	27	,	1	,	6	,	69	,	0	>
<524	,	27	,	5	,	3	,	32	,	0	>
<525	,	27	,	5	,	4	,	32	,	4	>
<526	,	27	,	5	,	6	,	32	,	0	>
<527	,	27	,	6	,	3	,	85	,	0	>
<528	,	27	,	6	,	4	,	85	,	10	>
<529	,	27	,	6	,	6	,	85	,	0	>
<530	,	27	,	9	,	3	,	63	,	0	>
<531	,	27	,	9	,	4	,	63	,	8	>
<532	,	27	,	9	,	6	,	63	,	0	>
<533	,	27	,	10	,	3	,	33	,	0	>
<534	,	27	,	10	,	4	,	33	,	4	>
<535	,	27	,	10	,	6	,	33	,	0	>
<536	,	28	,	2	,	1	,	67	,	0	>
<537	,	28	,	2	,	2	,	67	,	5	>
<538	,	28	,	2	,	4	,	67	,	0	>
<539	,	28	,	2	,	7	,	67	,	5	>
<540	,	28	,	6	,	1	,	64	,	0	>
<541	,	28	,	6	,	2	,	64	,	4	>
<542	,	28	,	6	,	4	,	64	,	0	>
<543	,	28	,	6	,	7	,	64	,	4	>
<544	,	28	,	7	,	1	,	32	,	0	>
<545	,	28	,	7	,	2	,	32	,	2	>
<546	,	28	,	7	,	4	,	32	,	0	>
<547	,	28	,	7	,	7	,	32	,	2	>
<548	,	29	,	1	,	1	,	75	,	0	>
<549	,	29	,	1	,	5	,	75	,	9	>
<550	,	29	,	1	,	7	,	75	,	0	>
<551	,	29	,	2	,	1	,	50	,	0	>
<552	,	29	,	2	,	5	,	50	,	6	>
<553	,	29	,	2	,	7	,	50	,	0	>
<554	,	29	,	7	,	1	,	26	,	0	>
<555	,	29	,	7	,	5	,	26	,	3	>
<556	,	29	,	7	,	7	,	26	,	0	>
<557	,	29	,	8	,	1	,	53	,	0	>
<558	,	29	,	8	,	5	,	53	,	6	>
<559	,	29	,	8	,	7	,	53	,	0	>
<560	,	30	,	2	,	1	,	92	,	0	>
<561	,	30	,	2	,	2	,	92	,	11	>
<562	,	30	,	2	,	5	,	92	,	0	>
<563	,	30	,	3	,	1	,	73	,	0	>
<564	,	30	,	3	,	2	,	73	,	9	>
<565	,	30	,	3	,	5	,	73	,	0	>
<566	,	30	,	5	,	1	,	32	,	0	>
<567	,	30	,	5	,	2	,	32	,	4	>
<568	,	30	,	5	,	5	,	32	,	0	>
<569	,	30	,	7	,	1	,	52	,	0	>
<570	,	30	,	7	,	2	,	52	,	6	>
<571	,	30	,	7	,	5	,	52	,	0	>
<572	,	30	,	8	,	1	,	31	,	0	>
<573	,	30	,	8	,	2	,	31	,	4	>
<574	,	30	,	8	,	5	,	31	,	0	>
<575	,	31	,	1	,	1	,	66	,	0	>
<576	,	31	,	1	,	2	,	66	,	2	>
<577	,	31	,	1	,	3	,	66	,	0	>
<578	,	31	,	1	,	4	,	66	,	2	>
<579	,	31	,	1	,	5	,	66	,	0	>
<580	,	31	,	2	,	1	,	40	,	0	>
<581	,	31	,	2	,	2	,	40	,	1	>
<582	,	31	,	2	,	3	,	40	,	0	>
<583	,	31	,	2	,	4	,	40	,	1	>
<584	,	31	,	2	,	5	,	40	,	0	>
<585	,	31	,	4	,	1	,	62	,	0	>
<586	,	31	,	4	,	2	,	62	,	2	>
<587	,	31	,	4	,	3	,	62	,	0	>
<588	,	31	,	4	,	4	,	62	,	2	>
<589	,	31	,	4	,	5	,	62	,	0	>
<590	,	31	,	6	,	1	,	24	,	0	>
<591	,	31	,	6	,	2	,	24	,	1	>
<592	,	31	,	6	,	3	,	24	,	0	>
<593	,	31	,	6	,	4	,	24	,	1	>
<594	,	31	,	6	,	5	,	24	,	0	>
<595	,	31	,	8	,	1	,	48	,	0	>
<596	,	31	,	8	,	2	,	48	,	2	>
<597	,	31	,	8	,	3	,	48	,	0	>
<598	,	31	,	8	,	4	,	48	,	2	>
<599	,	31	,	8	,	5	,	48	,	0	>
<600	,	31	,	9	,	1	,	70	,	0	>
<601	,	31	,	9	,	2	,	70	,	3	>
<602	,	31	,	9	,	3	,	70	,	0	>
<603	,	31	,	9	,	4	,	70	,	3	>
<604	,	31	,	9	,	5	,	70	,	0	>
<605	,	31	,	10	,	1	,	57	,	0	>
<606	,	31	,	10	,	2	,	57	,	2	>
<607	,	31	,	10	,	3	,	57	,	0	>
<608	,	31	,	10	,	4	,	57	,	2	>
<609	,	31	,	10	,	5	,	57	,	0	>
<610	,	32	,	4	,	3	,	11	,	0	>
<611	,	32	,	4	,	4	,	11	,	1	>
<612	,	32	,	4	,	7	,	11	,	0	>
<613	,	32	,	6	,	3	,	22	,	0	>
<614	,	32	,	6	,	4	,	22	,	3	>
<615	,	32	,	6	,	7	,	22	,	0	>
<616	,	32	,	7	,	3	,	18	,	0	>
<617	,	32	,	7	,	4	,	18	,	2	>
<618	,	32	,	7	,	7	,	18	,	0	>
<619	,	32	,	10	,	3	,	30	,	0	>
<620	,	32	,	10	,	4	,	30	,	4	>
<621	,	32	,	10	,	7	,	30	,	0	>
<622	,	33	,	1	,	2	,	58	,	0	>
<623	,	33	,	1	,	3	,	58	,	4	>
<624	,	33	,	1	,	5	,	58	,	0	>
<625	,	33	,	1	,	7	,	58	,	4	>
<626	,	33	,	2	,	2	,	61	,	0	>
<627	,	33	,	2	,	3	,	61	,	4	>
<628	,	33	,	2	,	5	,	61	,	0	>
<629	,	33	,	2	,	7	,	61	,	4	>
<630	,	33	,	4	,	2	,	99	,	0	>
<631	,	33	,	4	,	3	,	99	,	7	>
<632	,	33	,	4	,	5	,	99	,	0	>
<633	,	33	,	4	,	7	,	99	,	7	>
<634	,	33	,	5	,	2	,	75	,	0	>
<635	,	33	,	5	,	3	,	75	,	5	>
<636	,	33	,	5	,	5	,	75	,	0	>
<637	,	33	,	5	,	7	,	75	,	5	>
<638	,	34	,	1	,	4	,	26	,	0	>
<639	,	34	,	1	,	5	,	26	,	3	>
<640	,	34	,	1	,	6	,	26	,	0	>
<641	,	34	,	2	,	4	,	24	,	0	>
<642	,	34	,	2	,	5	,	24	,	3	>
<643	,	34	,	2	,	6	,	24	,	0	>
<644	,	34	,	3	,	4	,	25	,	0	>
<645	,	34	,	3	,	5	,	25	,	3	>
<646	,	34	,	3	,	6	,	25	,	0	>
<647	,	34	,	6	,	4	,	10	,	0	>
<648	,	34	,	6	,	5	,	10	,	1	>
<649	,	34	,	6	,	6	,	10	,	0	>
<650	,	34	,	7	,	4	,	15	,	0	>
<651	,	34	,	7	,	5	,	15	,	2	>
<652	,	34	,	7	,	6	,	15	,	0	>
<653	,	34	,	8	,	4	,	29	,	0	>
<654	,	34	,	8	,	5	,	29	,	3	>
<655	,	34	,	8	,	6	,	29	,	0	>
<656	,	34	,	9	,	4	,	17	,	0	>
<657	,	34	,	9	,	5	,	17	,	2	>
<658	,	34	,	9	,	6	,	17	,	0	>
<659	,	35	,	1	,	1	,	30	,	0	>
<660	,	35	,	1	,	6	,	30	,	4	>
<661	,	35	,	1	,	7	,	30	,	0	>
<662	,	35	,	2	,	1	,	15	,	0	>
<663	,	35	,	2	,	6	,	15	,	2	>
<664	,	35	,	2	,	7	,	15	,	0	>
<665	,	35	,	5	,	1	,	38	,	0	>
<666	,	35	,	5	,	6	,	38	,	5	>
<667	,	35	,	5	,	7	,	38	,	0	>
<668	,	35	,	7	,	1	,	13	,	0	>
<669	,	35	,	7	,	6	,	13	,	2	>
<670	,	35	,	7	,	7	,	13	,	0	>
<671	,	35	,	8	,	1	,	24	,	0	>
<672	,	35	,	8	,	6	,	24	,	3	>
<673	,	35	,	8	,	7	,	24	,	0	>
<674	,	35	,	9	,	1	,	18	,	0	>
<675	,	35	,	9	,	6	,	18	,	2	>
<676	,	35	,	9	,	7	,	18	,	0	>
<677	,	35	,	10	,	1	,	26	,	0	>
<678	,	35	,	10	,	6	,	26	,	3	>
<679	,	35	,	10	,	7	,	26	,	0	>
<680	,	36	,	3	,	1	,	94	,	0	>
<681	,	36	,	3	,	2	,	94	,	3	>
<682	,	36	,	3	,	4	,	94	,	0	>
<683	,	36	,	3	,	5	,	94	,	3	>
<684	,	36	,	3	,	7	,	94	,	0	>
<685	,	36	,	4	,	1	,	57	,	0	>
<686	,	36	,	4	,	2	,	57	,	2	>
<687	,	36	,	4	,	4	,	57	,	0	>
<688	,	36	,	4	,	5	,	57	,	2	>
<689	,	36	,	4	,	7	,	57	,	0	>
<690	,	36	,	5	,	1	,	74	,	0	>
<691	,	36	,	5	,	2	,	74	,	3	>
<692	,	36	,	5	,	4	,	74	,	0	>
<693	,	36	,	5	,	5	,	74	,	3	>
<694	,	36	,	5	,	7	,	74	,	0	>
<695	,	36	,	6	,	1	,	43	,	0	>
<696	,	36	,	6	,	2	,	43	,	2	>
<697	,	36	,	6	,	4	,	43	,	0	>
<698	,	36	,	6	,	5	,	43	,	2	>
<699	,	36	,	6	,	7	,	43	,	0	>
<700	,	36	,	7	,	1	,	53	,	0	>
<701	,	36	,	7	,	2	,	53	,	2	>
<702	,	36	,	7	,	4	,	53	,	0	>
<703	,	36	,	7	,	5	,	53	,	2	>
<704	,	36	,	7	,	7	,	53	,	0	>
<705	,	36	,	9	,	1	,	55	,	0	>
<706	,	36	,	9	,	2	,	55	,	2	>
<707	,	36	,	9	,	4	,	55	,	0	>
<708	,	36	,	9	,	5	,	55	,	2	>
<709	,	36	,	9	,	7	,	55	,	0	>
<710	,	37	,	1	,	2	,	55	,	0	>
<711	,	37	,	1	,	3	,	55	,	2	>
<712	,	37	,	1	,	4	,	55	,	0	>
<713	,	37	,	1	,	6	,	55	,	2	>
<714	,	37	,	1	,	7	,	55	,	0	>
<715	,	37	,	2	,	2	,	55	,	0	>
<716	,	37	,	2	,	3	,	55	,	2	>
<717	,	37	,	2	,	4	,	55	,	0	>
<718	,	37	,	2	,	6	,	55	,	2	>
<719	,	37	,	2	,	7	,	55	,	0	>
<720	,	37	,	6	,	2	,	82	,	0	>
<721	,	37	,	6	,	3	,	82	,	3	>
<722	,	37	,	6	,	4	,	82	,	0	>
<723	,	37	,	6	,	6	,	82	,	3	>
<724	,	37	,	6	,	7	,	82	,	0	>
<725	,	37	,	8	,	2	,	99	,	0	>
<726	,	37	,	8	,	3	,	99	,	4	>
<727	,	37	,	8	,	4	,	99	,	0	>
<728	,	37	,	8	,	6	,	99	,	4	>
<729	,	37	,	8	,	7	,	99	,	0	>
<730	,	37	,	9	,	2	,	70	,	0	>
<731	,	37	,	9	,	3	,	70	,	3	>
<732	,	37	,	9	,	4	,	70	,	0	>
<733	,	37	,	9	,	6	,	70	,	3	>
<734	,	37	,	9	,	7	,	70	,	0	>
<735	,	37	,	10	,	2	,	80	,	0	>
<736	,	37	,	10	,	3	,	80	,	3	>
<737	,	37	,	10	,	4	,	80	,	0	>
<738	,	37	,	10	,	6	,	80	,	3	>
<739	,	37	,	10	,	7	,	80	,	0	>
<740	,	38	,	2	,	1	,	84	,	0	>
<741	,	38	,	2	,	2	,	84	,	3	>
<742	,	38	,	2	,	4	,	84	,	0	>
<743	,	38	,	2	,	5	,	84	,	3	>
<744	,	38	,	2	,	7	,	84	,	0	>
<745	,	38	,	3	,	1	,	83	,	0	>
<746	,	38	,	3	,	2	,	83	,	3	>
<747	,	38	,	3	,	4	,	83	,	0	>
<748	,	38	,	3	,	5	,	83	,	3	>
<749	,	38	,	3	,	7	,	83	,	0	>
<750	,	38	,	6	,	1	,	80	,	0	>
<751	,	38	,	6	,	2	,	80	,	3	>
<752	,	38	,	6	,	4	,	80	,	0	>
<753	,	38	,	6	,	5	,	80	,	3	>
<754	,	38	,	6	,	7	,	80	,	0	>
<755	,	38	,	7	,	1	,	78	,	0	>
<756	,	38	,	7	,	2	,	78	,	3	>
<757	,	38	,	7	,	4	,	78	,	0	>
<758	,	38	,	7	,	5	,	78	,	3	>
<759	,	38	,	7	,	7	,	78	,	0	>
<760	,	38	,	8	,	1	,	91	,	0	>
<761	,	38	,	8	,	2	,	91	,	3	>
<762	,	38	,	8	,	4	,	91	,	0	>
<763	,	38	,	8	,	5	,	91	,	3	>
<764	,	38	,	8	,	7	,	91	,	0	>
<765	,	38	,	9	,	1	,	78	,	0	>
<766	,	38	,	9	,	2	,	78	,	3	>
<767	,	38	,	9	,	4	,	78	,	0	>
<768	,	38	,	9	,	5	,	78	,	3	>
<769	,	38	,	9	,	7	,	78	,	0	>
<770	,	39	,	5	,	1	,	86	,	0	>
<771	,	39	,	5	,	2	,	86	,	3	>
<772	,	39	,	5	,	4	,	86	,	0	>
<773	,	39	,	5	,	5	,	86	,	3	>
<774	,	39	,	5	,	6	,	86	,	0	>
<775	,	39	,	6	,	1	,	53	,	0	>
<776	,	39	,	6	,	2	,	53	,	2	>
<777	,	39	,	6	,	4	,	53	,	0	>
<778	,	39	,	6	,	5	,	53	,	2	>
<779	,	39	,	6	,	6	,	53	,	0	>
<780	,	39	,	9	,	1	,	91	,	0	>
<781	,	39	,	9	,	2	,	91	,	3	>
<782	,	39	,	9	,	4	,	91	,	0	>
<783	,	39	,	9	,	5	,	91	,	3	>
<784	,	39	,	9	,	6	,	91	,	0	>
<785	,	40	,	4	,	1	,	78	,	0	>
<786	,	40	,	4	,	3	,	78	,	5	>
<787	,	40	,	4	,	4	,	78	,	0	>
<788	,	40	,	4	,	7	,	78	,	5	>
<789	,	40	,	5	,	1	,	97	,	0	>
<790	,	40	,	5	,	3	,	97	,	7	>
<791	,	40	,	5	,	4	,	97	,	0	>
<792	,	40	,	5	,	7	,	97	,	7	>
<793	,	40	,	10	,	1	,	90	,	0	>
<794	,	40	,	10	,	3	,	90	,	6	>
<795	,	40	,	10	,	4	,	90	,	0	>
<796	,	40	,	10	,	7	,	90	,	6	>
<797	,	41	,	3	,	2	,	31	,	0	>
<798	,	41	,	3	,	3	,	31	,	4	>
<799	,	41	,	3	,	7	,	31	,	0	>
<800	,	41	,	5	,	2	,	82	,	0	>
<801	,	41	,	5	,	3	,	82	,	10	>
<802	,	41	,	5	,	7	,	82	,	0	>
<803	,	41	,	9	,	2	,	62	,	0	>
<804	,	41	,	9	,	3	,	62	,	7	>
<805	,	41	,	9	,	7	,	62	,	0	>
<806	,	42	,	2	,	3	,	34	,	0	>
<807	,	42	,	2	,	4	,	34	,	4	>
<808	,	42	,	2	,	5	,	34	,	0	>
<809	,	42	,	9	,	3	,	37	,	0	>
<810	,	42	,	9	,	4	,	37	,	4	>
<811	,	42	,	9	,	5	,	37	,	0	>
<812	,	42	,	10	,	3	,	16	,	0	>
<813	,	42	,	10	,	4	,	16	,	2	>
<814	,	42	,	10	,	5	,	16	,	0	>
<815	,	43	,	3	,	1	,	36	,	0	>
<816	,	43	,	3	,	2	,	36	,	1	>
<817	,	43	,	3	,	3	,	36	,	0	>
<818	,	43	,	3	,	5	,	36	,	1	>
<819	,	43	,	3	,	6	,	36	,	0	>
<820	,	43	,	4	,	1	,	42	,	0	>
<821	,	43	,	4	,	2	,	42	,	2	>
<822	,	43	,	4	,	3	,	42	,	0	>
<823	,	43	,	4	,	5	,	42	,	2	>
<824	,	43	,	4	,	6	,	42	,	0	>
<825	,	43	,	5	,	1	,	24	,	0	>
<826	,	43	,	5	,	2	,	24	,	1	>
<827	,	43	,	5	,	3	,	24	,	0	>
<828	,	43	,	5	,	5	,	24	,	1	>
<829	,	43	,	5	,	6	,	24	,	0	>
<830	,	43	,	6	,	1	,	26	,	0	>
<831	,	43	,	6	,	2	,	26	,	1	>
<832	,	43	,	6	,	3	,	26	,	0	>
<833	,	43	,	6	,	5	,	26	,	1	>
<834	,	43	,	6	,	6	,	26	,	0	>
<835	,	43	,	7	,	1	,	42	,	0	>
<836	,	43	,	7	,	2	,	42	,	2	>
<837	,	43	,	7	,	3	,	42	,	0	>
<838	,	43	,	7	,	5	,	42	,	2	>
<839	,	43	,	7	,	6	,	42	,	0	>
<840	,	43	,	8	,	1	,	22	,	0	>
<841	,	43	,	8	,	2	,	22	,	1	>
<842	,	43	,	8	,	3	,	22	,	0	>
<843	,	43	,	8	,	5	,	22	,	1	>
<844	,	43	,	8	,	6	,	22	,	0	>
<845	,	43	,	10	,	1	,	29	,	0	>
<846	,	43	,	10	,	2	,	29	,	1	>
<847	,	43	,	10	,	3	,	29	,	0	>
<848	,	43	,	10	,	5	,	29	,	1	>
<849	,	43	,	10	,	6	,	29	,	0	>
<850	,	44	,	1	,	1	,	77	,	0	>
<851	,	44	,	1	,	3	,	77	,	9	>
<852	,	44	,	1	,	4	,	77	,	0	>
<853	,	44	,	2	,	1	,	59	,	0	>
<854	,	44	,	2	,	3	,	59	,	7	>
<855	,	44	,	2	,	4	,	59	,	0	>
<856	,	44	,	8	,	1	,	80	,	0	>
<857	,	44	,	8	,	3	,	80	,	10	>
<858	,	44	,	8	,	4	,	80	,	0	>
<859	,	45	,	1	,	2	,	29	,	0	>
<860	,	45	,	1	,	3	,	29	,	3	>
<861	,	45	,	1	,	7	,	29	,	0	>
<862	,	45	,	2	,	2	,	10	,	0	>
<863	,	45	,	2	,	3	,	10	,	1	>
<864	,	45	,	2	,	7	,	10	,	0	>
<865	,	45	,	4	,	2	,	22	,	0	>
<866	,	45	,	4	,	3	,	22	,	3	>
<867	,	45	,	4	,	7	,	22	,	0	>
<868	,	45	,	5	,	2	,	20	,	0	>
<869	,	45	,	5	,	3	,	20	,	2	>
<870	,	45	,	5	,	7	,	20	,	0	>
<871	,	45	,	7	,	2	,	13	,	0	>
<872	,	45	,	7	,	3	,	13	,	2	>
<873	,	45	,	7	,	7	,	13	,	0	>
<874	,	45	,	10	,	2	,	11	,	0	>
<875	,	45	,	10	,	3	,	11	,	1	>
<876	,	45	,	10	,	7	,	11	,	0	>
<877	,	46	,	1	,	2	,	98	,	0	>
<878	,	46	,	1	,	3	,	98	,	4	>
<879	,	46	,	1	,	4	,	98	,	0	>
<880	,	46	,	1	,	6	,	98	,	4	>
<881	,	46	,	1	,	7	,	98	,	0	>
<882	,	46	,	2	,	2	,	90	,	0	>
<883	,	46	,	2	,	3	,	90	,	3	>
<884	,	46	,	2	,	4	,	90	,	0	>
<885	,	46	,	2	,	6	,	90	,	3	>
<886	,	46	,	2	,	7	,	90	,	0	>
<887	,	46	,	3	,	2	,	57	,	0	>
<888	,	46	,	3	,	3	,	57	,	2	>
<889	,	46	,	3	,	4	,	57	,	0	>
<890	,	46	,	3	,	6	,	57	,	2	>
<891	,	46	,	3	,	7	,	57	,	0	>
<892	,	46	,	4	,	2	,	58	,	0	>
<893	,	46	,	4	,	3	,	58	,	2	>
<894	,	46	,	4	,	4	,	58	,	0	>
<895	,	46	,	4	,	6	,	58	,	2	>
<896	,	46	,	4	,	7	,	58	,	0	>
<897	,	46	,	5	,	2	,	48	,	0	>
<898	,	46	,	5	,	3	,	48	,	2	>
<899	,	46	,	5	,	4	,	48	,	0	>
<900	,	46	,	5	,	6	,	48	,	2	>
<901	,	46	,	5	,	7	,	48	,	0	>
<902	,	46	,	8	,	2	,	70	,	0	>
<903	,	46	,	8	,	3	,	70	,	3	>
<904	,	46	,	8	,	4	,	70	,	0	>
<905	,	46	,	8	,	6	,	70	,	3	>
<906	,	46	,	8	,	7	,	70	,	0	>
<907	,	46	,	10	,	2	,	52	,	0	>
<908	,	46	,	10	,	3	,	52	,	2	>
<909	,	46	,	10	,	4	,	52	,	0	>
<910	,	46	,	10	,	6	,	52	,	2	>
<911	,	46	,	10	,	7	,	52	,	0	>
<912	,	47	,	2	,	3	,	91	,	0	>
<913	,	47	,	2	,	4	,	91	,	6	>
<914	,	47	,	2	,	5	,	91	,	0	>
<915	,	47	,	2	,	6	,	91	,	6	>
<916	,	47	,	5	,	3	,	73	,	0	>
<917	,	47	,	5	,	4	,	73	,	5	>
<918	,	47	,	5	,	5	,	73	,	0	>
<919	,	47	,	5	,	6	,	73	,	5	>
<920	,	47	,	6	,	3	,	94	,	0	>
<921	,	47	,	6	,	4	,	94	,	6	>
<922	,	47	,	6	,	5	,	94	,	0	>
<923	,	47	,	6	,	6	,	94	,	6	>
<924	,	47	,	7	,	3	,	45	,	0	>
<925	,	47	,	7	,	4	,	45	,	3	>
<926	,	47	,	7	,	5	,	45	,	0	>
<927	,	47	,	7	,	6	,	45	,	3	>
<928	,	47	,	10	,	3	,	40	,	0	>
<929	,	47	,	10	,	4	,	40	,	3	>
<930	,	47	,	10	,	5	,	40	,	0	>
<931	,	47	,	10	,	6	,	40	,	3	>
<932	,	48	,	2	,	3	,	63	,	0	>
<933	,	48	,	2	,	5	,	63	,	4	>
<934	,	48	,	2	,	6	,	63	,	0	>
<935	,	48	,	2	,	7	,	63	,	4	>
<936	,	48	,	3	,	3	,	75	,	0	>
<937	,	48	,	3	,	5	,	75	,	5	>
<938	,	48	,	3	,	6	,	75	,	0	>
<939	,	48	,	3	,	7	,	75	,	5	>
<940	,	48	,	4	,	3	,	78	,	0	>
<941	,	48	,	4	,	5	,	78	,	5	>
<942	,	48	,	4	,	6	,	78	,	0	>
<943	,	48	,	4	,	7	,	78	,	5	>
<944	,	48	,	7	,	3	,	83	,	0	>
<945	,	48	,	7	,	5	,	83	,	6	>
<946	,	48	,	7	,	6	,	83	,	0	>
<947	,	48	,	7	,	7	,	83	,	6	>
<948	,	48	,	9	,	3	,	94	,	0	>
<949	,	48	,	9	,	5	,	94	,	6	>
<950	,	48	,	9	,	6	,	94	,	0	>
<951	,	48	,	9	,	7	,	94	,	6	>
<952	,	48	,	10	,	3	,	73	,	0	>
<953	,	48	,	10	,	5	,	73	,	5	>
<954	,	48	,	10	,	6	,	73	,	0	>
<955	,	48	,	10	,	7	,	73	,	5	>
<956	,	49	,	1	,	4	,	95	,	0	>
<957	,	49	,	1	,	5	,	95	,	6	>
<958	,	49	,	1	,	6	,	95	,	0	>
<959	,	49	,	1	,	7	,	95	,	6	>
<960	,	49	,	4	,	4	,	58	,	0	>
<961	,	49	,	4	,	5	,	58	,	4	>
<962	,	49	,	4	,	6	,	58	,	0	>
<963	,	49	,	4	,	7	,	58	,	4	>
<964	,	49	,	6	,	4	,	69	,	0	>
<965	,	49	,	6	,	5	,	69	,	5	>
<966	,	49	,	6	,	6	,	69	,	0	>
<967	,	49	,	6	,	7	,	69	,	5	>
<968	,	49	,	8	,	4	,	93	,	0	>
<969	,	49	,	8	,	5	,	93	,	6	>
<970	,	49	,	8	,	6	,	93	,	0	>
<971	,	49	,	8	,	7	,	93	,	6	>
<972	,	49	,	9	,	4	,	89	,	0	>
<973	,	49	,	9	,	5	,	89	,	6	>
<974	,	49	,	9	,	6	,	89	,	0	>
<975	,	49	,	9	,	7	,	89	,	6	>
<976	,	49	,	10	,	4	,	97	,	0	>
<977	,	49	,	10	,	5	,	97	,	7	>
<978	,	49	,	10	,	6	,	97	,	0	>
<979	,	49	,	10	,	7	,	97	,	7	>
<980	,	50	,	1	,	1	,	93	,	0	>
<981	,	50	,	1	,	2	,	93	,	3	>
<982	,	50	,	1	,	4	,	93	,	0	>
<983	,	50	,	1	,	5	,	93	,	3	>
<984	,	50	,	1	,	6	,	93	,	0	>
<985	,	50	,	2	,	1	,	99	,	0	>
<986	,	50	,	2	,	2	,	99	,	4	>
<987	,	50	,	2	,	4	,	99	,	0	>
<988	,	50	,	2	,	5	,	99	,	4	>
<989	,	50	,	2	,	6	,	99	,	0	>
<990	,	50	,	3	,	1	,	98	,	0	>
<991	,	50	,	3	,	2	,	98	,	4	>
<992	,	50	,	3	,	4	,	98	,	0	>
<993	,	50	,	3	,	5	,	98	,	4	>
<994	,	50	,	3	,	6	,	98	,	0	>
<995	,	50	,	4	,	1	,	95	,	0	>
<996	,	50	,	4	,	2	,	95	,	3	>
<997	,	50	,	4	,	4	,	95	,	0	>
<998	,	50	,	4	,	5	,	95	,	3	>
<999	,	50	,	4	,	6	,	95	,	0	>
<1000	,	50	,	5	,	1	,	97	,	0	>
<1001	,	50	,	5	,	2	,	97	,	3	>
<1002	,	50	,	5	,	4	,	97	,	0	>
<1003	,	50	,	5	,	5	,	97	,	3	>
<1004	,	50	,	5	,	6	,	97	,	0	>
<1005	,	50	,	7	,	1	,	97	,	0	>
<1006	,	50	,	7	,	2	,	97	,	3	>
<1007	,	50	,	7	,	4	,	97	,	0	>
<1008	,	50	,	7	,	5	,	97	,	3	>
<1009	,	50	,	7	,	6	,	97	,	0	>
<1010	,	50	,	10	,	1	,	97	,	0	>
<1011	,	50	,	10	,	2	,	97	,	3	>
<1012	,	50	,	10	,	4	,	97	,	0	>
<1013	,	50	,	10	,	5	,	97	,	3	>
<1014	,	50	,	10	,	6	,	97	,	0	>
<1015	,	51	,	2	,	1	,	93	,	0	>
<1016	,	51	,	2	,	4	,	93	,	6	>
<1017	,	51	,	2	,	5	,	93	,	0	>
<1018	,	51	,	2	,	6	,	93	,	6	>
<1019	,	51	,	6	,	1	,	91	,	0	>
<1020	,	51	,	6	,	4	,	91	,	6	>
<1021	,	51	,	6	,	5	,	91	,	0	>
<1022	,	51	,	6	,	6	,	91	,	6	>
<1023	,	51	,	8	,	1	,	91	,	0	>
<1024	,	51	,	8	,	4	,	91	,	6	>
<1025	,	51	,	8	,	5	,	91	,	0	>
<1026	,	51	,	8	,	6	,	91	,	6	>
<1027	,	52	,	2	,	1	,	79	,	0	>
<1028	,	52	,	2	,	2	,	79	,	9	>
<1029	,	52	,	2	,	6	,	79	,	0	>
<1030	,	52	,	3	,	1	,	72	,	0	>
<1031	,	52	,	3	,	2	,	72	,	9	>
<1032	,	52	,	3	,	6	,	72	,	0	>
<1033	,	52	,	9	,	1	,	89	,	0	>
<1034	,	52	,	9	,	2	,	89	,	11	>
<1035	,	52	,	9	,	6	,	89	,	0	>
<1036	,	53	,	1	,	1	,	44	,	0	>
<1037	,	53	,	1	,	2	,	44	,	2	>
<1038	,	53	,	1	,	4	,	44	,	0	>
<1039	,	53	,	1	,	5	,	44	,	2	>
<1040	,	53	,	1	,	6	,	44	,	0	>
<1041	,	53	,	6	,	1	,	47	,	0	>
<1042	,	53	,	6	,	2	,	47	,	2	>
<1043	,	53	,	6	,	4	,	47	,	0	>
<1044	,	53	,	6	,	5	,	47	,	2	>
<1045	,	53	,	6	,	6	,	47	,	0	>
<1046	,	53	,	7	,	1	,	17	,	0	>
<1047	,	53	,	7	,	2	,	17	,	1	>
<1048	,	53	,	7	,	4	,	17	,	0	>
<1049	,	53	,	7	,	5	,	17	,	1	>
<1050	,	53	,	7	,	6	,	17	,	0	>
<1051	,	54	,	1	,	2	,	95	,	0	>
<1052	,	54	,	1	,	3	,	95	,	11	>
<1053	,	54	,	1	,	5	,	95	,	0	>
<1054	,	54	,	2	,	2	,	58	,	0	>
<1055	,	54	,	2	,	3	,	58	,	7	>
<1056	,	54	,	2	,	5	,	58	,	0	>
<1057	,	54	,	3	,	2	,	83	,	0	>
<1058	,	54	,	3	,	3	,	83	,	10	>
<1059	,	54	,	3	,	5	,	83	,	0	>
<1060	,	55	,	3	,	1	,	71	,	0	>
<1061	,	55	,	3	,	2	,	71	,	5	>
<1062	,	55	,	3	,	5	,	71	,	0	>
<1063	,	55	,	3	,	7	,	71	,	5	>
<1064	,	55	,	6	,	1	,	75	,	0	>
<1065	,	55	,	6	,	2	,	75	,	5	>
<1066	,	55	,	6	,	5	,	75	,	0	>
<1067	,	55	,	6	,	7	,	75	,	5	>
<1068	,	55	,	8	,	1	,	65	,	0	>
<1069	,	55	,	8	,	2	,	65	,	4	>
<1070	,	55	,	8	,	5	,	65	,	0	>
<1071	,	55	,	8	,	7	,	65	,	4	>
<1072	,	55	,	9	,	1	,	65	,	0	>
<1073	,	55	,	9	,	2	,	65	,	4	>
<1074	,	55	,	9	,	5	,	65	,	0	>
<1075	,	55	,	9	,	7	,	65	,	4	>
<1076	,	55	,	10	,	1	,	84	,	0	>
<1077	,	55	,	10	,	2	,	84	,	6	>
<1078	,	55	,	10	,	5	,	84	,	0	>
<1079	,	55	,	10	,	7	,	84	,	6	>
<1080	,	56	,	1	,	1	,	85	,	0	>
<1081	,	56	,	1	,	3	,	85	,	6	>
<1082	,	56	,	1	,	4	,	85	,	0	>
<1083	,	56	,	1	,	5	,	85	,	6	>
<1084	,	56	,	9	,	1	,	76	,	0	>
<1085	,	56	,	9	,	3	,	76	,	5	>
<1086	,	56	,	9	,	4	,	76	,	0	>
<1087	,	56	,	9	,	5	,	76	,	5	>
<1088	,	56	,	10	,	1	,	94	,	0	>
<1089	,	56	,	10	,	3	,	94	,	6	>
<1090	,	56	,	10	,	4	,	94	,	0	>
<1091	,	56	,	10	,	5	,	94	,	6	>
<1092	,	57	,	3	,	2	,	43	,	0	>
<1093	,	57	,	3	,	6	,	43	,	5	>
<1094	,	57	,	3	,	7	,	43	,	0	>
<1095	,	57	,	5	,	2	,	46	,	0	>
<1096	,	57	,	5	,	6	,	46	,	6	>
<1097	,	57	,	5	,	7	,	46	,	0	>
<1098	,	57	,	7	,	2	,	86	,	0	>
<1099	,	57	,	7	,	6	,	86	,	10	>
<1100	,	57	,	7	,	7	,	86	,	0	>
<1101	,	57	,	9	,	2	,	58	,	0	>
<1102	,	57	,	9	,	6	,	58	,	7	>
<1103	,	57	,	9	,	7	,	58	,	0	>
<1104	,	57	,	10	,	2	,	70	,	0	>
<1105	,	57	,	10	,	6	,	70	,	8	>
<1106	,	57	,	10	,	7	,	70	,	0	>
<1107	,	58	,	4	,	1	,	70	,	0	>
<1108	,	58	,	4	,	5	,	70	,	5	>
<1109	,	58	,	4	,	6	,	70	,	0	>
<1110	,	58	,	4	,	7	,	70	,	5	>
<1111	,	58	,	5	,	1	,	70	,	0	>
<1112	,	58	,	5	,	5	,	70	,	5	>
<1113	,	58	,	5	,	6	,	70	,	0	>
<1114	,	58	,	5	,	7	,	70	,	5	>
<1115	,	58	,	10	,	1	,	74	,	0	>
<1116	,	58	,	10	,	5	,	74	,	5	>
<1117	,	58	,	10	,	6	,	74	,	0	>
<1118	,	58	,	10	,	7	,	74	,	5	>
<1119	,	59	,	1	,	1	,	92	,	0	>
<1120	,	59	,	1	,	2	,	92	,	11	>
<1121	,	59	,	1	,	4	,	92	,	0	>
<1122	,	59	,	2	,	1	,	46	,	0	>
<1123	,	59	,	2	,	2	,	46	,	6	>
<1124	,	59	,	2	,	4	,	46	,	0	>
<1125	,	59	,	4	,	1	,	84	,	0	>
<1126	,	59	,	4	,	2	,	84	,	10	>
<1127	,	59	,	4	,	4	,	84	,	0	>
<1128	,	59	,	5	,	1	,	58	,	0	>
<1129	,	59	,	5	,	2	,	58	,	7	>
<1130	,	59	,	5	,	4	,	58	,	0	>
<1131	,	59	,	6	,	1	,	51	,	0	>
<1132	,	59	,	6	,	2	,	51	,	6	>
<1133	,	59	,	6	,	4	,	51	,	0	>
<1134	,	59	,	8	,	1	,	58	,	0	>
<1135	,	59	,	8	,	2	,	58	,	7	>
<1136	,	59	,	8	,	4	,	58	,	0	>
<1137	,	59	,	10	,	1	,	90	,	0	>
<1138	,	59	,	10	,	2	,	90	,	11	>
<1139	,	59	,	10	,	4	,	90	,	0	>
<1140	,	60	,	1	,	1	,	49	,	0	>
<1141	,	60	,	1	,	2	,	49	,	2	>
<1142	,	60	,	1	,	3	,	49	,	0	>
<1143	,	60	,	1	,	5	,	49	,	2	>
<1144	,	60	,	1	,	6	,	49	,	0	>
<1145	,	60	,	3	,	1	,	54	,	0	>
<1146	,	60	,	3	,	2	,	54	,	2	>
<1147	,	60	,	3	,	3	,	54	,	0	>
<1148	,	60	,	3	,	5	,	54	,	2	>
<1149	,	60	,	3	,	6	,	54	,	0	>
<1150	,	60	,	4	,	1	,	47	,	0	>
<1151	,	60	,	4	,	2	,	47	,	2	>
<1152	,	60	,	4	,	3	,	47	,	0	>
<1153	,	60	,	4	,	5	,	47	,	2	>
<1154	,	60	,	4	,	6	,	47	,	0	>
<1155	,	60	,	6	,	1	,	55	,	0	>
<1156	,	60	,	6	,	2	,	55	,	2	>
<1157	,	60	,	6	,	3	,	55	,	0	>
<1158	,	60	,	6	,	5	,	55	,	2	>
<1159	,	60	,	6	,	6	,	55	,	0	>
<1160	,	60	,	8	,	1	,	93	,	0	>
<1161	,	60	,	8	,	2	,	93	,	3	>
<1162	,	60	,	8	,	3	,	93	,	0	>
<1163	,	60	,	8	,	5	,	93	,	3	>
<1164	,	60	,	8	,	6	,	93	,	0	>
<1165	,	60	,	9	,	1	,	56	,	0	>
<1166	,	60	,	9	,	2	,	56	,	2	>
<1167	,	60	,	9	,	3	,	56	,	0	>
<1168	,	60	,	9	,	5	,	56	,	2	>
<1169	,	60	,	9	,	6	,	56	,	0	>
<1170	,	61	,	1	,	1	,	92	,	0	>
<1171	,	61	,	1	,	3	,	92	,	3	>
<1172	,	61	,	1	,	4	,	92	,	0	>
<1173	,	61	,	1	,	5	,	92	,	3	>
<1174	,	61	,	1	,	7	,	92	,	0	>
<1175	,	61	,	3	,	1	,	93	,	0	>
<1176	,	61	,	3	,	3	,	93	,	3	>
<1177	,	61	,	3	,	4	,	93	,	0	>
<1178	,	61	,	3	,	5	,	93	,	3	>
<1179	,	61	,	3	,	7	,	93	,	0	>
<1180	,	61	,	4	,	1	,	96	,	0	>
<1181	,	61	,	4	,	3	,	96	,	3	>
<1182	,	61	,	4	,	4	,	96	,	0	>
<1183	,	61	,	4	,	5	,	96	,	3	>
<1184	,	61	,	4	,	7	,	96	,	0	>
<1185	,	61	,	10	,	1	,	77	,	0	>
<1186	,	61	,	10	,	3	,	77	,	3	>
<1187	,	61	,	10	,	4	,	77	,	0	>
<1188	,	61	,	10	,	5	,	77	,	3	>
<1189	,	61	,	10	,	7	,	77	,	0	>
<1190	,	62	,	1	,	2	,	89	,	0	>
<1191	,	62	,	1	,	3	,	89	,	3	>
<1192	,	62	,	1	,	4	,	89	,	0	>
<1193	,	62	,	1	,	5	,	89	,	3	>
<1194	,	62	,	1	,	6	,	89	,	0	>
<1195	,	62	,	3	,	2	,	86	,	0	>
<1196	,	62	,	3	,	3	,	86	,	3	>
<1197	,	62	,	3	,	4	,	86	,	0	>
<1198	,	62	,	3	,	5	,	86	,	3	>
<1199	,	62	,	3	,	6	,	86	,	0	>
<1200	,	62	,	4	,	2	,	91	,	0	>
<1201	,	62	,	4	,	3	,	91	,	3	>
<1202	,	62	,	4	,	4	,	91	,	0	>
<1203	,	62	,	4	,	5	,	91	,	3	>
<1204	,	62	,	4	,	6	,	91	,	0	>
<1205	,	62	,	5	,	2	,	90	,	0	>
<1206	,	62	,	5	,	3	,	90	,	3	>
<1207	,	62	,	5	,	4	,	90	,	0	>
<1208	,	62	,	5	,	5	,	90	,	3	>
<1209	,	62	,	5	,	6	,	90	,	0	>
<1210	,	62	,	6	,	2	,	88	,	0	>
<1211	,	62	,	6	,	3	,	88	,	3	>
<1212	,	62	,	6	,	4	,	88	,	0	>
<1213	,	62	,	6	,	5	,	88	,	3	>
<1214	,	62	,	6	,	6	,	88	,	0	>
<1215	,	62	,	9	,	2	,	86	,	0	>
<1216	,	62	,	9	,	3	,	86	,	3	>
<1217	,	62	,	9	,	4	,	86	,	0	>
<1218	,	62	,	9	,	5	,	86	,	3	>
<1219	,	62	,	9	,	6	,	86	,	0	>
<1220	,	62	,	10	,	2	,	88	,	0	>
<1221	,	62	,	10	,	3	,	88	,	3	>
<1222	,	62	,	10	,	4	,	88	,	0	>
<1223	,	62	,	10	,	5	,	88	,	3	>
<1224	,	62	,	10	,	6	,	88	,	0	>
<1225	,	63	,	4	,	2	,	36	,	0	>
<1226	,	63	,	4	,	3	,	36	,	1	>
<1227	,	63	,	4	,	4	,	36	,	0	>
<1228	,	63	,	4	,	6	,	36	,	1	>
<1229	,	63	,	4	,	7	,	36	,	0	>
<1230	,	63	,	7	,	2	,	54	,	0	>
<1231	,	63	,	7	,	3	,	54	,	2	>
<1232	,	63	,	7	,	4	,	54	,	0	>
<1233	,	63	,	7	,	6	,	54	,	2	>
<1234	,	63	,	7	,	7	,	54	,	0	>
<1235	,	63	,	8	,	2	,	91	,	0	>
<1236	,	63	,	8	,	3	,	91	,	3	>
<1237	,	63	,	8	,	4	,	91	,	0	>
<1238	,	63	,	8	,	6	,	91	,	3	>
<1239	,	63	,	8	,	7	,	91	,	0	>
<1240	,	63	,	10	,	2	,	60	,	0	>
<1241	,	63	,	10	,	3	,	60	,	2	>
<1242	,	63	,	10	,	4	,	60	,	0	>
<1243	,	63	,	10	,	6	,	60	,	2	>
<1244	,	63	,	10	,	7	,	60	,	0	>
<1245	,	64	,	4	,	1	,	2	,	0	>
<1246	,	64	,	4	,	3	,	2	,	0	>
<1247	,	64	,	4	,	5	,	2	,	0	>
<1248	,	64	,	4	,	7	,	2	,	0	>
<1249	,	64	,	6	,	1	,	2	,	0	>
<1250	,	64	,	6	,	3	,	2	,	0	>
<1251	,	64	,	6	,	5	,	2	,	0	>
<1252	,	64	,	6	,	7	,	2	,	0	>
<1253	,	64	,	7	,	1	,	3	,	0	>
<1254	,	64	,	7	,	3	,	3	,	0	>
<1255	,	64	,	7	,	5	,	3	,	0	>
<1256	,	64	,	7	,	7	,	3	,	0	>
<1257	,	64	,	9	,	1	,	2	,	0	>
<1258	,	64	,	9	,	3	,	2	,	0	>
<1259	,	64	,	9	,	5	,	2	,	0	>
<1260	,	64	,	9	,	7	,	2	,	0	>
<1261	,	64	,	10	,	1	,	4	,	0	>
<1262	,	64	,	10	,	3	,	4	,	0	>
<1263	,	64	,	10	,	5	,	4	,	0	>
<1264	,	64	,	10	,	7	,	4	,	0	>
<1265	,	65	,	6	,	1	,	66	,	0	>
<1266	,	65	,	6	,	4	,	66	,	2	>
<1267	,	65	,	6	,	5	,	66	,	0	>
<1268	,	65	,	6	,	6	,	66	,	2	>
<1269	,	65	,	6	,	7	,	66	,	0	>
<1270	,	65	,	8	,	1	,	56	,	0	>
<1271	,	65	,	8	,	4	,	56	,	2	>
<1272	,	65	,	8	,	5	,	56	,	0	>
<1273	,	65	,	8	,	6	,	56	,	2	>
<1274	,	65	,	8	,	7	,	56	,	0	>
<1275	,	65	,	9	,	1	,	60	,	0	>
<1276	,	65	,	9	,	4	,	60	,	2	>
<1277	,	65	,	9	,	5	,	60	,	0	>
<1278	,	65	,	9	,	6	,	60	,	2	>
<1279	,	65	,	9	,	7	,	60	,	0	>
<1280	,	66	,	1	,	1	,	45	,	0	>
<1281	,	66	,	1	,	4	,	45	,	5	>
<1282	,	66	,	1	,	5	,	45	,	0	>
<1283	,	66	,	2	,	1	,	86	,	0	>
<1284	,	66	,	2	,	4	,	86	,	10	>
<1285	,	66	,	2	,	5	,	86	,	0	>
<1286	,	66	,	3	,	1	,	35	,	0	>
<1287	,	66	,	3	,	4	,	35	,	4	>
<1288	,	66	,	3	,	5	,	35	,	0	>
<1289	,	66	,	7	,	1	,	32	,	0	>
<1290	,	66	,	7	,	4	,	32	,	4	>
<1291	,	66	,	7	,	5	,	32	,	0	>
<1292	,	67	,	3	,	1	,	89	,	0	>
<1293	,	67	,	3	,	2	,	89	,	6	>
<1294	,	67	,	3	,	3	,	89	,	0	>
<1295	,	67	,	3	,	5	,	89	,	6	>
<1296	,	67	,	4	,	1	,	60	,	0	>
<1297	,	67	,	4	,	2	,	60	,	4	>
<1298	,	67	,	4	,	3	,	60	,	0	>
<1299	,	67	,	4	,	5	,	60	,	4	>
<1300	,	67	,	10	,	1	,	42	,	0	>
<1301	,	67	,	10	,	2	,	42	,	3	>
<1302	,	67	,	10	,	3	,	42	,	0	>
<1303	,	67	,	10	,	5	,	42	,	3	>
<1304	,	68	,	2	,	1	,	40	,	0	>
<1305	,	68	,	2	,	4	,	40	,	5	>
<1306	,	68	,	2	,	5	,	40	,	0	>
<1307	,	68	,	4	,	1	,	35	,	0	>
<1308	,	68	,	4	,	4	,	35	,	4	>
<1309	,	68	,	4	,	5	,	35	,	0	>
<1310	,	68	,	5	,	1	,	27	,	0	>
<1311	,	68	,	5	,	4	,	27	,	3	>
<1312	,	68	,	5	,	5	,	27	,	0	>
<1313	,	68	,	6	,	1	,	72	,	0	>
<1314	,	68	,	6	,	4	,	72	,	9	>
<1315	,	68	,	6	,	5	,	72	,	0	>
<1316	,	69	,	2	,	1	,	89	,	0	>
<1317	,	69	,	2	,	3	,	89	,	3	>
<1318	,	69	,	2	,	4	,	89	,	0	>
<1319	,	69	,	2	,	5	,	89	,	3	>
<1320	,	69	,	2	,	6	,	89	,	0	>
<1321	,	69	,	4	,	1	,	79	,	0	>
<1322	,	69	,	4	,	3	,	79	,	3	>
<1323	,	69	,	4	,	4	,	79	,	0	>
<1324	,	69	,	4	,	5	,	79	,	3	>
<1325	,	69	,	4	,	6	,	79	,	0	>
<1326	,	69	,	5	,	1	,	83	,	0	>
<1327	,	69	,	5	,	3	,	83	,	3	>
<1328	,	69	,	5	,	4	,	83	,	0	>
<1329	,	69	,	5	,	5	,	83	,	3	>
<1330	,	69	,	5	,	6	,	83	,	0	>
<1331	,	69	,	8	,	1	,	94	,	0	>
<1332	,	69	,	8	,	3	,	94	,	3	>
<1333	,	69	,	8	,	4	,	94	,	0	>
<1334	,	69	,	8	,	5	,	94	,	3	>
<1335	,	69	,	8	,	6	,	94	,	0	>
<1336	,	70	,	1	,	1	,	6	,	0	>
<1337	,	70	,	1	,	2	,	6	,	0	>
<1338	,	70	,	1	,	3	,	6	,	0	>
<1339	,	70	,	1	,	6	,	6	,	0	>
<1340	,	70	,	3	,	1	,	12	,	0	>
<1341	,	70	,	3	,	2	,	12	,	1	>
<1342	,	70	,	3	,	3	,	12	,	0	>
<1343	,	70	,	3	,	6	,	12	,	1	>
<1344	,	70	,	4	,	1	,	12	,	0	>
<1345	,	70	,	4	,	2	,	12	,	1	>
<1346	,	70	,	4	,	3	,	12	,	0	>
<1347	,	70	,	4	,	6	,	12	,	1	>
<1348	,	70	,	7	,	1	,	18	,	0	>
<1349	,	70	,	7	,	2	,	18	,	1	>
<1350	,	70	,	7	,	3	,	18	,	0	>
<1351	,	70	,	7	,	6	,	18	,	1	>
<1352	,	71	,	1	,	2	,	93	,	0	>
<1353	,	71	,	1	,	4	,	93	,	3	>
<1354	,	71	,	1	,	5	,	93	,	0	>
<1355	,	71	,	1	,	6	,	93	,	3	>
<1356	,	71	,	1	,	7	,	93	,	0	>
<1357	,	71	,	2	,	2	,	84	,	0	>
<1358	,	71	,	2	,	4	,	84	,	3	>
<1359	,	71	,	2	,	5	,	84	,	0	>
<1360	,	71	,	2	,	6	,	84	,	3	>
<1361	,	71	,	2	,	7	,	84	,	0	>
<1362	,	71	,	6	,	2	,	99	,	0	>
<1363	,	71	,	6	,	4	,	99	,	4	>
<1364	,	71	,	6	,	5	,	99	,	0	>
<1365	,	71	,	6	,	6	,	99	,	4	>
<1366	,	71	,	6	,	7	,	99	,	0	>
<1367	,	71	,	8	,	2	,	86	,	0	>
<1368	,	71	,	8	,	4	,	86	,	3	>
<1369	,	71	,	8	,	5	,	86	,	0	>
<1370	,	71	,	8	,	6	,	86	,	3	>
<1371	,	71	,	8	,	7	,	86	,	0	>
<1372	,	72	,	2	,	1	,	98	,	0	>
<1373	,	72	,	2	,	2	,	98	,	4	>
<1374	,	72	,	2	,	4	,	98	,	0	>
<1375	,	72	,	2	,	6	,	98	,	4	>
<1376	,	72	,	2	,	7	,	98	,	0	>
<1377	,	72	,	3	,	1	,	97	,	0	>
<1378	,	72	,	3	,	2	,	97	,	3	>
<1379	,	72	,	3	,	4	,	97	,	0	>
<1380	,	72	,	3	,	6	,	97	,	3	>
<1381	,	72	,	3	,	7	,	97	,	0	>
<1382	,	72	,	4	,	1	,	96	,	0	>
<1383	,	72	,	4	,	2	,	96	,	3	>
<1384	,	72	,	4	,	4	,	96	,	0	>
<1385	,	72	,	4	,	6	,	96	,	3	>
<1386	,	72	,	4	,	7	,	96	,	0	>
<1387	,	72	,	5	,	1	,	97	,	0	>
<1388	,	72	,	5	,	2	,	97	,	3	>
<1389	,	72	,	5	,	4	,	97	,	0	>
<1390	,	72	,	5	,	6	,	97	,	3	>
<1391	,	72	,	5	,	7	,	97	,	0	>
<1392	,	72	,	7	,	1	,	98	,	0	>
<1393	,	72	,	7	,	2	,	98	,	4	>
<1394	,	72	,	7	,	4	,	98	,	0	>
<1395	,	72	,	7	,	6	,	98	,	4	>
<1396	,	72	,	7	,	7	,	98	,	0	>
<1397	,	72	,	8	,	1	,	97	,	0	>
<1398	,	72	,	8	,	2	,	97	,	3	>
<1399	,	72	,	8	,	4	,	97	,	0	>
<1400	,	72	,	8	,	6	,	97	,	3	>
<1401	,	72	,	8	,	7	,	97	,	0	>
<1402	,	72	,	10	,	1	,	97	,	0	>
<1403	,	72	,	10	,	2	,	97	,	3	>
<1404	,	72	,	10	,	4	,	97	,	0	>
<1405	,	72	,	10	,	6	,	97	,	3	>
<1406	,	72	,	10	,	7	,	97	,	0	>
<1407	,	73	,	1	,	1	,	26	,	0	>
<1408	,	73	,	1	,	2	,	26	,	1	>
<1409	,	73	,	1	,	4	,	26	,	0	>
<1410	,	73	,	1	,	5	,	26	,	1	>
<1411	,	73	,	1	,	6	,	26	,	0	>
<1412	,	73	,	6	,	1	,	25	,	0	>
<1413	,	73	,	6	,	2	,	25	,	1	>
<1414	,	73	,	6	,	4	,	25	,	0	>
<1415	,	73	,	6	,	5	,	25	,	1	>
<1416	,	73	,	6	,	6	,	25	,	0	>
<1417	,	73	,	7	,	1	,	58	,	0	>
<1418	,	73	,	7	,	2	,	58	,	2	>
<1419	,	73	,	7	,	4	,	58	,	0	>
<1420	,	73	,	7	,	5	,	58	,	2	>
<1421	,	73	,	7	,	6	,	58	,	0	>
<1422	,	73	,	9	,	1	,	55	,	0	>
<1423	,	73	,	9	,	2	,	55	,	2	>
<1424	,	73	,	9	,	4	,	55	,	0	>
<1425	,	73	,	9	,	5	,	55	,	2	>
<1426	,	73	,	9	,	6	,	55	,	0	>
<1427	,	73	,	10	,	1	,	21	,	0	>
<1428	,	73	,	10	,	2	,	21	,	1	>
<1429	,	73	,	10	,	4	,	21	,	0	>
<1430	,	73	,	10	,	5	,	21	,	1	>
<1431	,	73	,	10	,	6	,	21	,	0	>
<1432	,	74	,	1	,	1	,	46	,	0	>
<1433	,	74	,	1	,	3	,	46	,	2	>
<1434	,	74	,	1	,	4	,	46	,	0	>
<1435	,	74	,	1	,	6	,	46	,	2	>
<1436	,	74	,	1	,	7	,	46	,	0	>
<1437	,	74	,	3	,	1	,	48	,	0	>
<1438	,	74	,	3	,	3	,	48	,	2	>
<1439	,	74	,	3	,	4	,	48	,	0	>
<1440	,	74	,	3	,	6	,	48	,	2	>
<1441	,	74	,	3	,	7	,	48	,	0	>
<1442	,	74	,	5	,	1	,	33	,	0	>
<1443	,	74	,	5	,	3	,	33	,	1	>
<1444	,	74	,	5	,	4	,	33	,	0	>
<1445	,	74	,	5	,	6	,	33	,	1	>
<1446	,	74	,	5	,	7	,	33	,	0	>
<1447	,	74	,	6	,	1	,	36	,	0	>
<1448	,	74	,	6	,	3	,	36	,	1	>
<1449	,	74	,	6	,	4	,	36	,	0	>
<1450	,	74	,	6	,	6	,	36	,	1	>
<1451	,	74	,	6	,	7	,	36	,	0	>
<1452	,	74	,	7	,	1	,	31	,	0	>
<1453	,	74	,	7	,	3	,	31	,	1	>
<1454	,	74	,	7	,	4	,	31	,	0	>
<1455	,	74	,	7	,	6	,	31	,	1	>
<1456	,	74	,	7	,	7	,	31	,	0	>
<1457	,	74	,	8	,	1	,	74	,	0	>
<1458	,	74	,	8	,	3	,	74	,	3	>
<1459	,	74	,	8	,	4	,	74	,	0	>
<1460	,	74	,	8	,	6	,	74	,	3	>
<1461	,	74	,	8	,	7	,	74	,	0	>
<1462	,	74	,	10	,	1	,	58	,	0	>
<1463	,	74	,	10	,	3	,	58	,	2	>
<1464	,	74	,	10	,	4	,	58	,	0	>
<1465	,	74	,	10	,	6	,	58	,	2	>
<1466	,	74	,	10	,	7	,	58	,	0	>
<1467	,	75	,	3	,	1	,	64	,	0	>
<1468	,	75	,	3	,	3	,	64	,	2	>
<1469	,	75	,	3	,	5	,	64	,	0	>
<1470	,	75	,	3	,	6	,	64	,	2	>
<1471	,	75	,	3	,	7	,	64	,	0	>
<1472	,	75	,	5	,	1	,	91	,	0	>
<1473	,	75	,	5	,	3	,	91	,	3	>
<1474	,	75	,	5	,	5	,	91	,	0	>
<1475	,	75	,	5	,	6	,	91	,	3	>
<1476	,	75	,	5	,	7	,	91	,	0	>
<1477	,	75	,	9	,	1	,	82	,	0	>
<1478	,	75	,	9	,	3	,	82	,	3	>
<1479	,	75	,	9	,	5	,	82	,	0	>
<1480	,	75	,	9	,	6	,	82	,	3	>
<1481	,	75	,	9	,	7	,	82	,	0	>
<1482	,	75	,	10	,	1	,	65	,	0	>
<1483	,	75	,	10	,	3	,	65	,	2	>
<1484	,	75	,	10	,	5	,	65	,	0	>
<1485	,	75	,	10	,	6	,	65	,	2	>
<1486	,	75	,	10	,	7	,	65	,	0	>
<1487	,	76	,	1	,	4	,	93	,	0	>
<1488	,	76	,	1	,	5	,	93	,	11	>
<1489	,	76	,	1	,	6	,	93	,	0	>
<1490	,	76	,	4	,	4	,	94	,	0	>
<1491	,	76	,	4	,	5	,	94	,	11	>
<1492	,	76	,	4	,	6	,	94	,	0	>
<1493	,	76	,	9	,	4	,	93	,	0	>
<1494	,	76	,	9	,	5	,	93	,	11	>
<1495	,	76	,	9	,	6	,	93	,	0	>
<1496	,	77	,	2	,	1	,	93	,	0	>
<1497	,	77	,	2	,	4	,	93	,	11	>
<1498	,	77	,	2	,	6	,	93	,	0	>
<1499	,	77	,	7	,	1	,	99	,	0	>
<1500	,	77	,	7	,	4	,	99	,	12	>
<1501	,	77	,	7	,	6	,	99	,	0	>
<1502	,	77	,	9	,	1	,	96	,	0	>
<1503	,	77	,	9	,	4	,	96	,	12	>
<1504	,	77	,	9	,	6	,	96	,	0	>
<1505	,	78	,	1	,	1	,	89	,	0	>
<1506	,	78	,	1	,	6	,	89	,	11	>
<1507	,	78	,	1	,	7	,	89	,	0	>
<1508	,	78	,	2	,	1	,	96	,	0	>
<1509	,	78	,	2	,	6	,	96	,	12	>
<1510	,	78	,	2	,	7	,	96	,	0	>
<1511	,	78	,	4	,	1	,	89	,	0	>
<1512	,	78	,	4	,	6	,	89	,	11	>
<1513	,	78	,	4	,	7	,	89	,	0	>
<1514	,	78	,	6	,	1	,	92	,	0	>
<1515	,	78	,	6	,	6	,	92	,	11	>
<1516	,	78	,	6	,	7	,	92	,	0	>
<1517	,	78	,	8	,	1	,	89	,	0	>
<1518	,	78	,	8	,	6	,	89	,	11	>
<1519	,	78	,	8	,	7	,	89	,	0	>
<1520	,	78	,	9	,	1	,	91	,	0	>
<1521	,	78	,	9	,	6	,	91	,	11	>
<1522	,	78	,	9	,	7	,	91	,	0	>
<1523	,	78	,	10	,	1	,	91	,	0	>
<1524	,	78	,	10	,	6	,	91	,	11	>
<1525	,	78	,	10	,	7	,	91	,	0	>
<1526	,	79	,	2	,	3	,	15	,	0	>
<1527	,	79	,	2	,	4	,	15	,	2	>
<1528	,	79	,	2	,	5	,	15	,	0	>
<1529	,	79	,	5	,	3	,	14	,	0	>
<1530	,	79	,	5	,	4	,	14	,	2	>
<1531	,	79	,	5	,	5	,	14	,	0	>
<1532	,	79	,	6	,	3	,	11	,	0	>
<1533	,	79	,	6	,	4	,	11	,	1	>
<1534	,	79	,	6	,	5	,	11	,	0	>
<1535	,	79	,	8	,	3	,	18	,	0	>
<1536	,	79	,	8	,	4	,	18	,	2	>
<1537	,	79	,	8	,	5	,	18	,	0	>
<1538	,	79	,	9	,	3	,	9	,	0	>
<1539	,	79	,	9	,	4	,	9	,	1	>
<1540	,	79	,	9	,	5	,	9	,	0	>
<1541	,	80	,	3	,	1	,	15	,	0	>
<1542	,	80	,	3	,	3	,	15	,	2	>
<1543	,	80	,	3	,	7	,	15	,	0	>
<1544	,	80	,	5	,	1	,	17	,	0	>
<1545	,	80	,	5	,	3	,	17	,	2	>
<1546	,	80	,	5	,	7	,	17	,	0	>
<1547	,	80	,	10	,	1	,	28	,	0	>
<1548	,	80	,	10	,	3	,	28	,	3	>
<1549	,	80	,	10	,	7	,	28	,	0	>
<1550	,	81	,	3	,	2	,	86	,	0	>
<1551	,	81	,	3	,	4	,	86	,	10	>
<1552	,	81	,	3	,	7	,	86	,	0	>
<1553	,	81	,	5	,	2	,	86	,	0	>
<1554	,	81	,	5	,	4	,	86	,	10	>
<1555	,	81	,	5	,	7	,	86	,	0	>
<1556	,	81	,	7	,	2	,	80	,	0	>
<1557	,	81	,	7	,	4	,	80	,	10	>
<1558	,	81	,	7	,	7	,	80	,	0	>
<1559	,	81	,	10	,	2	,	85	,	0	>
<1560	,	81	,	10	,	4	,	85	,	10	>
<1561	,	81	,	10	,	7	,	85	,	0	>
<1562	,	82	,	1	,	2	,	76	,	0	>
<1563	,	82	,	1	,	3	,	76	,	3	>
<1564	,	82	,	1	,	5	,	76	,	0	>
<1565	,	82	,	1	,	6	,	76	,	3	>
<1566	,	82	,	1	,	7	,	76	,	0	>
<1567	,	82	,	3	,	2	,	55	,	0	>
<1568	,	82	,	3	,	3	,	55	,	2	>
<1569	,	82	,	3	,	5	,	55	,	0	>
<1570	,	82	,	3	,	6	,	55	,	2	>
<1571	,	82	,	3	,	7	,	55	,	0	>
<1572	,	82	,	4	,	2	,	55	,	0	>
<1573	,	82	,	4	,	3	,	55	,	2	>
<1574	,	82	,	4	,	5	,	55	,	0	>
<1575	,	82	,	4	,	6	,	55	,	2	>
<1576	,	82	,	4	,	7	,	55	,	0	>
<1577	,	82	,	5	,	2	,	90	,	0	>
<1578	,	82	,	5	,	3	,	90	,	3	>
<1579	,	82	,	5	,	5	,	90	,	0	>
<1580	,	82	,	5	,	6	,	90	,	3	>
<1581	,	82	,	5	,	7	,	90	,	0	>
<1582	,	83	,	1	,	1	,	98	,	0	>
<1583	,	83	,	1	,	4	,	98	,	12	>
<1584	,	83	,	1	,	5	,	98	,	0	>
<1585	,	83	,	4	,	1	,	97	,	0	>
<1586	,	83	,	4	,	4	,	97	,	12	>
<1587	,	83	,	4	,	5	,	97	,	0	>
<1588	,	83	,	5	,	1	,	97	,	0	>
<1589	,	83	,	5	,	4	,	97	,	12	>
<1590	,	83	,	5	,	5	,	97	,	0	>
<1591	,	84	,	1	,	2	,	54	,	0	>
<1592	,	84	,	1	,	3	,	54	,	4	>
<1593	,	84	,	1	,	4	,	54	,	0	>
<1594	,	84	,	1	,	6	,	54	,	4	>
<1595	,	84	,	3	,	2	,	60	,	0	>
<1596	,	84	,	3	,	3	,	60	,	4	>
<1597	,	84	,	3	,	4	,	60	,	0	>
<1598	,	84	,	3	,	6	,	60	,	4	>
<1599	,	84	,	4	,	2	,	75	,	0	>
<1600	,	84	,	4	,	3	,	75	,	5	>
<1601	,	84	,	4	,	4	,	75	,	0	>
<1602	,	84	,	4	,	6	,	75	,	5	>
<1603	,	84	,	6	,	2	,	66	,	0	>
<1604	,	84	,	6	,	3	,	66	,	4	>
<1605	,	84	,	6	,	4	,	66	,	0	>
<1606	,	84	,	6	,	6	,	66	,	4	>
<1607	,	84	,	10	,	2	,	45	,	0	>
<1608	,	84	,	10	,	3	,	45	,	3	>
<1609	,	84	,	10	,	4	,	45	,	0	>
<1610	,	84	,	10	,	6	,	45	,	3	>
<1611	,	85	,	1	,	1	,	83	,	0	>
<1612	,	85	,	1	,	6	,	83	,	10	>
<1613	,	85	,	1	,	7	,	83	,	0	>
<1614	,	85	,	2	,	1	,	94	,	0	>
<1615	,	85	,	2	,	6	,	94	,	11	>
<1616	,	85	,	2	,	7	,	94	,	0	>
<1617	,	85	,	4	,	1	,	84	,	0	>
<1618	,	85	,	4	,	6	,	84	,	10	>
<1619	,	85	,	4	,	7	,	84	,	0	>
<1620	,	85	,	5	,	1	,	81	,	0	>
<1621	,	85	,	5	,	6	,	81	,	10	>
<1622	,	85	,	5	,	7	,	81	,	0	>
<1623	,	85	,	6	,	1	,	60	,	0	>
<1624	,	85	,	6	,	6	,	60	,	7	>
<1625	,	85	,	6	,	7	,	60	,	0	>
<1626	,	85	,	10	,	1	,	74	,	0	>
<1627	,	85	,	10	,	6	,	74	,	9	>
<1628	,	85	,	10	,	7	,	74	,	0	>
};
