// XtraLGS y resolución directa de hechoDRC_DAFJS11_W8_113ops10m8w8jobs

//&&&&&&&&&&&&&&&&&&&&&&&&&& RESUELVO CON LAGS POR WORKER TORPER EN ALOBRUTO SOBRE XDAFJS11   &&&&&&&&&&&&&&&&&&&&&&&&&&&&&&&&&
// hechoDRC_DAFJS11_W8_113ops10m8w8jobs.... Y SUS 2139 MODOS A LO BRUTO.
IS_ALOBRUTO=1;

// DAFJSP11... pero DRC 
//        Ntaks, nMachs, nWORKERs
Params = <113,10,8>;

precedences ={
<	1	,	2	,	0	>,
<	2	,	3	,	0	>,
<	3	,	4	,	0	>,
<	4	,	5	,	0	>,
<	5	,	6	,	0	>,
<	6	,	7	,	0	>,
<	7	,	8	,	0	>,
<	8	,	9	,	0	>,
<	9	,	10	,	0	>,
<	4	,	11	,	0	>,
<	11	,	12	,	0	>,
<	12	,	13	,	0	>,
<	13	,	14	,	0	>,
<	14	,	15	,	0	>,
<	15	,	16	,	0	>,
<	17	,	18	,	0	>,
<	18	,	19	,	0	>,
<	19	,	20	,	0	>,
<	20	,	29	,	0	>,
<	21	,	22	,	0	>,
<	22	,	23	,	0	>,
<	23	,	24	,	0	>,
<	24	,	29	,	0	>,
<	25	,	26	,	0	>,
<	26	,	27	,	0	>,
<	27	,	28	,	0	>,
<	28	,	29	,	0	>,
<	29	,	30	,	0	>,
<	31	,	32	,	0	>,
<	32	,	33	,	0	>,
<	33	,	34	,	0	>,
<	34	,	35	,	0	>,
<	35	,	36	,	0	>,
<	36	,	37	,	0	>,
<	37	,	38	,	0	>,
<	38	,	39	,	0	>,
<	35	,	40	,	0	>,
<	40	,	41	,	0	>,
<	41	,	42	,	0	>,
<	42	,	43	,	0	>,
<	44	,	45	,	0	>,
<	45	,	46	,	0	>,
<	46	,	47	,	0	>,
<	47	,	48	,	0	>,
<	48	,	49	,	0	>,
<	49	,	50	,	0	>,
<	50	,	51	,	0	>,
<	51	,	52	,	0	>,
<	45	,	53	,	0	>,
<	53	,	54	,	0	>,
<	54	,	55	,	0	>,
<	55	,	56	,	0	>,
<	56	,	57	,	0	>,
<	57	,	58	,	0	>,
<	58	,	59	,	0	>,
<	45	,	60	,	0	>,
<	60	,	61	,	0	>,
<	61	,	62	,	0	>,
<	62	,	63	,	0	>,
<	63	,	64	,	0	>,
<	64	,	65	,	0	>,
<	65	,	66	,	0	>,
<	67	,	68	,	0	>,
<	68	,	69	,	0	>,
<	69	,	70	,	0	>,
<	70	,	71	,	0	>,
<	71	,	72	,	0	>,
<	72	,	73	,	0	>,
<	73	,	74	,	0	>,
<	74	,	79	,	0	>,
<	70	,	75	,	0	>,
<	75	,	76	,	0	>,
<	76	,	77	,	0	>,
<	77	,	78	,	0	>,
<	78	,	79	,	0	>,
<	79	,	80	,	0	>,
<	81	,	82	,	0	>,
<	82	,	83	,	0	>,
<	83	,	84	,	0	>,
<	84	,	85	,	0	>,
<	85	,	91	,	0	>,
<	86	,	87	,	0	>,
<	87	,	88	,	0	>,
<	88	,	89	,	0	>,
<	89	,	90	,	0	>,
<	90	,	91	,	0	>,
<	92	,	93	,	0	>,
<	93	,	94	,	0	>,
<	94	,	95	,	0	>,
<	95	,	96	,	0	>,
<	96	,	97	,	0	>,
<	97	,	98	,	0	>,
<	98	,	101	,	0	>,
<	97	,	99	,	0	>,
<	99	,	101	,	0	>,
<	97	,	100	,	0	>,
<	100	,	101	,	0	>,
<	102	,	103	,	0	>,
<	103	,	104	,	0	>,
<	104	,	111	,	0	>,
<	105	,	106	,	0	>,
<	106	,	107	,	0	>,
<	107	,	111	,	0	>,
<	108	,	109	,	0	>,
<	109	,	110	,	0	>,
<	110	,	111	,	0	>,
<	111	,	112	,	0	>,
<	112	,	113	,	0	>
};

Modes = {
<0	,	1	,	3	,	1	,	48	,	0	>
<1	,	1	,	3	,	4	,	48	,	1	>
<2	,	1	,	3	,	5	,	48	,	0	>
<3	,	1	,	3	,	6	,	48	,	1	>
<4	,	1	,	3	,	7	,	48	,	0	>
<5	,	1	,	4	,	1	,	74	,	0	>
<6	,	1	,	4	,	4	,	74	,	2	>
<7	,	1	,	4	,	5	,	74	,	0	>
<8	,	1	,	4	,	6	,	74	,	2	>
<9	,	1	,	4	,	7	,	74	,	0	>
<10	,	1	,	8	,	1	,	80	,	0	>
<11	,	1	,	8	,	4	,	80	,	2	>
<12	,	1	,	8	,	5	,	80	,	0	>
<13	,	1	,	8	,	6	,	80	,	2	>
<14	,	1	,	8	,	7	,	80	,	0	>
<15	,	2	,	1	,	3	,	17	,	0	>
<16	,	2	,	1	,	4	,	17	,	1	>
<17	,	2	,	1	,	6	,	17	,	0	>
<18	,	2	,	2	,	3	,	7	,	0	>
<19	,	2	,	2	,	4	,	7	,	0	>
<20	,	2	,	2	,	6	,	7	,	0	>
<21	,	2	,	6	,	3	,	16	,	0	>
<22	,	2	,	6	,	4	,	16	,	1	>
<23	,	2	,	6	,	6	,	16	,	0	>
<24	,	2	,	7	,	3	,	20	,	0	>
<25	,	2	,	7	,	4	,	20	,	1	>
<26	,	2	,	7	,	6	,	20	,	0	>
<27	,	2	,	10	,	3	,	16	,	0	>
<28	,	2	,	10	,	4	,	16	,	1	>
<29	,	2	,	10	,	6	,	16	,	0	>
<30	,	3	,	2	,	2	,	20	,	0	>
<31	,	3	,	2	,	4	,	20	,	1	>
<32	,	3	,	2	,	7	,	20	,	0	>
<33	,	3	,	3	,	2	,	18	,	0	>
<34	,	3	,	3	,	4	,	18	,	1	>
<35	,	3	,	3	,	7	,	18	,	0	>
<36	,	3	,	4	,	2	,	45	,	0	>
<37	,	3	,	4	,	4	,	45	,	3	>
<38	,	3	,	4	,	7	,	45	,	0	>
<39	,	3	,	6	,	2	,	16	,	0	>
<40	,	3	,	6	,	4	,	16	,	1	>
<41	,	3	,	6	,	7	,	16	,	0	>
<42	,	3	,	9	,	2	,	24	,	0	>
<43	,	3	,	9	,	4	,	24	,	2	>
<44	,	3	,	9	,	7	,	24	,	0	>
<45	,	3	,	10	,	2	,	39	,	0	>
<46	,	3	,	10	,	4	,	39	,	3	>
<47	,	3	,	10	,	7	,	39	,	0	>
<48	,	4	,	1	,	4	,	49	,	0	>
<49	,	4	,	1	,	5	,	49	,	3	>
<50	,	4	,	1	,	7	,	49	,	0	>
<51	,	4	,	2	,	4	,	77	,	0	>
<52	,	4	,	2	,	5	,	77	,	5	>
<53	,	4	,	2	,	7	,	77	,	0	>
<54	,	4	,	8	,	4	,	74	,	0	>
<55	,	4	,	8	,	5	,	74	,	5	>
<56	,	4	,	8	,	7	,	74	,	0	>
<57	,	4	,	9	,	4	,	75	,	0	>
<58	,	4	,	9	,	5	,	75	,	5	>
<59	,	4	,	9	,	7	,	75	,	0	>
<60	,	4	,	10	,	4	,	98	,	0	>
<61	,	4	,	10	,	5	,	98	,	7	>
<62	,	4	,	10	,	7	,	98	,	0	>
<63	,	5	,	1	,	2	,	66	,	0	>
<64	,	5	,	1	,	5	,	66	,	4	>
<65	,	5	,	1	,	8	,	66	,	0	>
<66	,	5	,	2	,	2	,	97	,	0	>
<67	,	5	,	2	,	5	,	97	,	6	>
<68	,	5	,	2	,	8	,	97	,	0	>
<69	,	5	,	5	,	2	,	78	,	0	>
<70	,	5	,	5	,	5	,	78	,	5	>
<71	,	5	,	5	,	8	,	78	,	0	>
<72	,	5	,	8	,	2	,	65	,	0	>
<73	,	5	,	8	,	5	,	65	,	4	>
<74	,	5	,	8	,	8	,	65	,	0	>
<75	,	5	,	9	,	2	,	45	,	0	>
<76	,	5	,	9	,	5	,	45	,	3	>
<77	,	5	,	9	,	8	,	45	,	0	>
<78	,	5	,	10	,	2	,	67	,	0	>
<79	,	5	,	10	,	5	,	67	,	4	>
<80	,	5	,	10	,	8	,	67	,	0	>
<81	,	6	,	1	,	2	,	97	,	0	>
<82	,	6	,	1	,	6	,	97	,	6	>
<83	,	6	,	1	,	8	,	97	,	0	>
<84	,	6	,	6	,	2	,	97	,	0	>
<85	,	6	,	6	,	6	,	97	,	6	>
<86	,	6	,	6	,	8	,	97	,	0	>
<87	,	6	,	10	,	2	,	96	,	0	>
<88	,	6	,	10	,	6	,	96	,	6	>
<89	,	6	,	10	,	8	,	96	,	0	>
<90	,	7	,	1	,	1	,	4	,	0	>
<91	,	7	,	1	,	2	,	4	,	0	>
<92	,	7	,	1	,	3	,	4	,	0	>
<93	,	7	,	1	,	5	,	4	,	0	>
<94	,	7	,	1	,	6	,	4	,	0	>
<95	,	7	,	2	,	1	,	10	,	0	>
<96	,	7	,	2	,	2	,	10	,	0	>
<97	,	7	,	2	,	3	,	10	,	0	>
<98	,	7	,	2	,	5	,	10	,	0	>
<99	,	7	,	2	,	6	,	10	,	0	>
<100	,	7	,	7	,	1	,	4	,	0	>
<101	,	7	,	7	,	2	,	4	,	0	>
<102	,	7	,	7	,	3	,	4	,	0	>
<103	,	7	,	7	,	5	,	4	,	0	>
<104	,	7	,	7	,	6	,	4	,	0	>
<105	,	7	,	8	,	1	,	12	,	0	>
<106	,	7	,	8	,	2	,	12	,	0	>
<107	,	7	,	8	,	3	,	12	,	0	>
<108	,	7	,	8	,	5	,	12	,	0	>
<109	,	7	,	8	,	6	,	12	,	0	>
<110	,	8	,	2	,	2	,	48	,	0	>
<111	,	8	,	2	,	5	,	48	,	2	>
<112	,	8	,	2	,	7	,	48	,	0	>
<113	,	8	,	2	,	8	,	48	,	2	>
<114	,	8	,	5	,	2	,	91	,	0	>
<115	,	8	,	5	,	5	,	91	,	4	>
<116	,	8	,	5	,	7	,	91	,	0	>
<117	,	8	,	5	,	8	,	91	,	4	>
<118	,	8	,	6	,	2	,	56	,	0	>
<119	,	8	,	6	,	5	,	56	,	2	>
<120	,	8	,	6	,	7	,	56	,	0	>
<121	,	8	,	6	,	8	,	56	,	2	>
<122	,	8	,	10	,	2	,	96	,	0	>
<123	,	8	,	10	,	5	,	96	,	4	>
<124	,	8	,	10	,	7	,	96	,	0	>
<125	,	8	,	10	,	8	,	96	,	4	>
<126	,	9	,	2	,	1	,	73	,	0	>
<127	,	9	,	2	,	2	,	73	,	2	>
<128	,	9	,	2	,	4	,	73	,	0	>
<129	,	9	,	2	,	7	,	73	,	2	>
<130	,	9	,	2	,	8	,	73	,	0	>
<131	,	9	,	3	,	1	,	31	,	0	>
<132	,	9	,	3	,	2	,	31	,	1	>
<133	,	9	,	3	,	4	,	31	,	0	>
<134	,	9	,	3	,	7	,	31	,	1	>
<135	,	9	,	3	,	8	,	31	,	0	>
<136	,	9	,	4	,	1	,	57	,	0	>
<137	,	9	,	4	,	2	,	57	,	1	>
<138	,	9	,	4	,	4	,	57	,	0	>
<139	,	9	,	4	,	7	,	57	,	1	>
<140	,	9	,	4	,	8	,	57	,	0	>
<141	,	9	,	8	,	1	,	72	,	0	>
<142	,	9	,	8	,	2	,	72	,	2	>
<143	,	9	,	8	,	4	,	72	,	0	>
<144	,	9	,	8	,	7	,	72	,	2	>
<145	,	9	,	8	,	8	,	72	,	0	>
<146	,	9	,	9	,	1	,	34	,	0	>
<147	,	9	,	9	,	2	,	34	,	1	>
<148	,	9	,	9	,	4	,	34	,	0	>
<149	,	9	,	9	,	7	,	34	,	1	>
<150	,	9	,	9	,	8	,	34	,	0	>
<151	,	10	,	1	,	2	,	27	,	0	>
<152	,	10	,	1	,	3	,	27	,	1	>
<153	,	10	,	1	,	4	,	27	,	0	>
<154	,	10	,	1	,	5	,	27	,	1	>
<155	,	10	,	1	,	8	,	27	,	0	>
<156	,	10	,	2	,	2	,	26	,	0	>
<157	,	10	,	2	,	3	,	26	,	1	>
<158	,	10	,	2	,	4	,	26	,	0	>
<159	,	10	,	2	,	5	,	26	,	1	>
<160	,	10	,	2	,	8	,	26	,	0	>
<161	,	10	,	3	,	2	,	19	,	0	>
<162	,	10	,	3	,	3	,	19	,	0	>
<163	,	10	,	3	,	4	,	19	,	0	>
<164	,	10	,	3	,	5	,	19	,	0	>
<165	,	10	,	3	,	8	,	19	,	0	>
<166	,	10	,	5	,	2	,	28	,	0	>
<167	,	10	,	5	,	3	,	28	,	1	>
<168	,	10	,	5	,	4	,	28	,	0	>
<169	,	10	,	5	,	5	,	28	,	1	>
<170	,	10	,	5	,	8	,	28	,	0	>
<171	,	10	,	8	,	2	,	12	,	0	>
<172	,	10	,	8	,	3	,	12	,	0	>
<173	,	10	,	8	,	4	,	12	,	0	>
<174	,	10	,	8	,	5	,	12	,	0	>
<175	,	10	,	8	,	8	,	12	,	0	>
<176	,	10	,	10	,	2	,	18	,	0	>
<177	,	10	,	10	,	3	,	18	,	0	>
<178	,	10	,	10	,	4	,	18	,	0	>
<179	,	10	,	10	,	5	,	18	,	0	>
<180	,	10	,	10	,	8	,	18	,	0	>
<181	,	11	,	1	,	1	,	61	,	0	>
<182	,	11	,	1	,	2	,	61	,	2	>
<183	,	11	,	1	,	3	,	61	,	0	>
<184	,	11	,	1	,	8	,	61	,	2	>
<185	,	11	,	2	,	1	,	84	,	0	>
<186	,	11	,	2	,	2	,	84	,	3	>
<187	,	11	,	2	,	3	,	84	,	0	>
<188	,	11	,	2	,	8	,	84	,	3	>
<189	,	11	,	6	,	1	,	86	,	0	>
<190	,	11	,	6	,	2	,	86	,	3	>
<191	,	11	,	6	,	3	,	86	,	0	>
<192	,	11	,	6	,	8	,	86	,	3	>
<193	,	11	,	8	,	1	,	58	,	0	>
<194	,	11	,	8	,	2	,	58	,	2	>
<195	,	11	,	8	,	3	,	58	,	0	>
<196	,	11	,	8	,	8	,	58	,	2	>
<197	,	11	,	9	,	1	,	91	,	0	>
<198	,	11	,	9	,	2	,	91	,	4	>
<199	,	11	,	9	,	3	,	91	,	0	>
<200	,	11	,	9	,	8	,	91	,	4	>
<201	,	12	,	2	,	2	,	38	,	0	>
<202	,	12	,	2	,	5	,	38	,	3	>
<203	,	12	,	2	,	6	,	38	,	0	>
<204	,	12	,	3	,	2	,	35	,	0	>
<205	,	12	,	3	,	5	,	35	,	2	>
<206	,	12	,	3	,	6	,	35	,	0	>
<207	,	12	,	4	,	2	,	49	,	0	>
<208	,	12	,	4	,	5	,	49	,	3	>
<209	,	12	,	4	,	6	,	49	,	0	>
<210	,	12	,	7	,	2	,	65	,	0	>
<211	,	12	,	7	,	5	,	65	,	4	>
<212	,	12	,	7	,	6	,	65	,	0	>
<213	,	13	,	2	,	1	,	92	,	0	>
<214	,	13	,	2	,	2	,	92	,	2	>
<215	,	13	,	2	,	3	,	92	,	0	>
<216	,	13	,	2	,	5	,	92	,	2	>
<217	,	13	,	2	,	6	,	92	,	0	>
<218	,	13	,	3	,	1	,	47	,	0	>
<219	,	13	,	3	,	2	,	47	,	1	>
<220	,	13	,	3	,	3	,	47	,	0	>
<221	,	13	,	3	,	5	,	47	,	1	>
<222	,	13	,	3	,	6	,	47	,	0	>
<223	,	13	,	4	,	1	,	84	,	0	>
<224	,	13	,	4	,	2	,	84	,	2	>
<225	,	13	,	4	,	3	,	84	,	0	>
<226	,	13	,	4	,	5	,	84	,	2	>
<227	,	13	,	4	,	6	,	84	,	0	>
<228	,	13	,	5	,	1	,	46	,	0	>
<229	,	13	,	5	,	2	,	46	,	1	>
<230	,	13	,	5	,	3	,	46	,	0	>
<231	,	13	,	5	,	5	,	46	,	1	>
<232	,	13	,	5	,	6	,	46	,	0	>
<233	,	13	,	9	,	1	,	80	,	0	>
<234	,	13	,	9	,	2	,	80	,	2	>
<235	,	13	,	9	,	3	,	80	,	0	>
<236	,	13	,	9	,	5	,	80	,	2	>
<237	,	13	,	9	,	6	,	80	,	0	>
<238	,	14	,	2	,	1	,	63	,	0	>
<239	,	14	,	2	,	3	,	63	,	3	>
<240	,	14	,	2	,	4	,	63	,	0	>
<241	,	14	,	2	,	7	,	63	,	3	>
<242	,	14	,	3	,	1	,	35	,	0	>
<243	,	14	,	3	,	3	,	35	,	1	>
<244	,	14	,	3	,	4	,	35	,	0	>
<245	,	14	,	3	,	7	,	35	,	1	>
<246	,	14	,	5	,	1	,	96	,	0	>
<247	,	14	,	5	,	3	,	96	,	4	>
<248	,	14	,	5	,	4	,	96	,	0	>
<249	,	14	,	5	,	7	,	96	,	4	>
<250	,	14	,	6	,	1	,	35	,	0	>
<251	,	14	,	6	,	3	,	35	,	1	>
<252	,	14	,	6	,	4	,	35	,	0	>
<253	,	14	,	6	,	7	,	35	,	1	>
<254	,	15	,	4	,	1	,	91	,	0	>
<255	,	15	,	4	,	3	,	91	,	2	>
<256	,	15	,	4	,	5	,	91	,	0	>
<257	,	15	,	4	,	6	,	91	,	2	>
<258	,	15	,	4	,	7	,	91	,	0	>
<259	,	15	,	6	,	1	,	94	,	0	>
<260	,	15	,	6	,	3	,	94	,	2	>
<261	,	15	,	6	,	5	,	94	,	0	>
<262	,	15	,	6	,	6	,	94	,	2	>
<263	,	15	,	6	,	7	,	94	,	0	>
<264	,	15	,	8	,	1	,	92	,	0	>
<265	,	15	,	8	,	3	,	92	,	2	>
<266	,	15	,	8	,	5	,	92	,	0	>
<267	,	15	,	8	,	6	,	92	,	2	>
<268	,	15	,	8	,	7	,	92	,	0	>
<269	,	15	,	9	,	1	,	87	,	0	>
<270	,	15	,	9	,	3	,	87	,	2	>
<271	,	15	,	9	,	5	,	87	,	0	>
<272	,	15	,	9	,	6	,	87	,	2	>
<273	,	15	,	9	,	7	,	87	,	0	>
<274	,	16	,	4	,	1	,	14	,	0	>
<275	,	16	,	4	,	3	,	14	,	1	>
<276	,	16	,	4	,	4	,	14	,	0	>
<277	,	16	,	4	,	6	,	14	,	1	>
<278	,	16	,	5	,	1	,	27	,	0	>
<279	,	16	,	5	,	3	,	27	,	1	>
<280	,	16	,	5	,	4	,	27	,	0	>
<281	,	16	,	5	,	6	,	27	,	1	>
<282	,	16	,	9	,	1	,	41	,	0	>
<283	,	16	,	9	,	3	,	41	,	2	>
<284	,	16	,	9	,	4	,	41	,	0	>
<285	,	16	,	9	,	6	,	41	,	2	>
<286	,	17	,	1	,	1	,	5	,	0	>
<287	,	17	,	1	,	2	,	5	,	0	>
<288	,	17	,	1	,	3	,	5	,	0	>
<289	,	17	,	1	,	5	,	5	,	0	>
<290	,	17	,	1	,	6	,	5	,	0	>
<291	,	17	,	5	,	1	,	10	,	0	>
<292	,	17	,	5	,	2	,	10	,	0	>
<293	,	17	,	5	,	3	,	10	,	0	>
<294	,	17	,	5	,	5	,	10	,	0	>
<295	,	17	,	5	,	6	,	10	,	0	>
<296	,	17	,	6	,	1	,	4	,	0	>
<297	,	17	,	6	,	2	,	4	,	0	>
<298	,	17	,	6	,	3	,	4	,	0	>
<299	,	17	,	6	,	5	,	4	,	0	>
<300	,	17	,	6	,	6	,	4	,	0	>
<301	,	18	,	1	,	1	,	98	,	0	>
<302	,	18	,	1	,	2	,	98	,	2	>
<303	,	18	,	1	,	3	,	98	,	0	>
<304	,	18	,	1	,	7	,	98	,	2	>
<305	,	18	,	1	,	8	,	98	,	0	>
<306	,	18	,	4	,	1	,	86	,	0	>
<307	,	18	,	4	,	2	,	86	,	2	>
<308	,	18	,	4	,	3	,	86	,	0	>
<309	,	18	,	4	,	7	,	86	,	2	>
<310	,	18	,	4	,	8	,	86	,	0	>
<311	,	18	,	5	,	1	,	97	,	0	>
<312	,	18	,	5	,	2	,	97	,	2	>
<313	,	18	,	5	,	3	,	97	,	0	>
<314	,	18	,	5	,	7	,	97	,	2	>
<315	,	18	,	5	,	8	,	97	,	0	>
<316	,	18	,	6	,	1	,	99	,	0	>
<317	,	18	,	6	,	2	,	99	,	2	>
<318	,	18	,	6	,	3	,	99	,	0	>
<319	,	18	,	6	,	7	,	99	,	2	>
<320	,	18	,	6	,	8	,	99	,	0	>
<321	,	18	,	7	,	1	,	89	,	0	>
<322	,	18	,	7	,	2	,	89	,	2	>
<323	,	18	,	7	,	3	,	89	,	0	>
<324	,	18	,	7	,	7	,	89	,	2	>
<325	,	18	,	7	,	8	,	89	,	0	>
<326	,	18	,	9	,	1	,	86	,	0	>
<327	,	18	,	9	,	2	,	86	,	2	>
<328	,	18	,	9	,	3	,	86	,	0	>
<329	,	18	,	9	,	7	,	86	,	2	>
<330	,	18	,	9	,	8	,	86	,	0	>
<331	,	18	,	10	,	1	,	94	,	0	>
<332	,	18	,	10	,	2	,	94	,	2	>
<333	,	18	,	10	,	3	,	94	,	0	>
<334	,	18	,	10	,	7	,	94	,	2	>
<335	,	18	,	10	,	8	,	94	,	0	>
<336	,	19	,	2	,	1	,	96	,	0	>
<337	,	19	,	2	,	2	,	96	,	4	>
<338	,	19	,	2	,	3	,	96	,	0	>
<339	,	19	,	2	,	5	,	96	,	4	>
<340	,	19	,	5	,	1	,	95	,	0	>
<341	,	19	,	5	,	2	,	95	,	4	>
<342	,	19	,	5	,	3	,	95	,	0	>
<343	,	19	,	5	,	5	,	95	,	4	>
<344	,	19	,	6	,	1	,	97	,	0	>
<345	,	19	,	6	,	2	,	97	,	4	>
<346	,	19	,	6	,	3	,	97	,	0	>
<347	,	19	,	6	,	5	,	97	,	4	>
<348	,	19	,	7	,	1	,	99	,	0	>
<349	,	19	,	7	,	2	,	99	,	4	>
<350	,	19	,	7	,	3	,	99	,	0	>
<351	,	19	,	7	,	5	,	99	,	4	>
<352	,	19	,	8	,	1	,	97	,	0	>
<353	,	19	,	8	,	2	,	97	,	4	>
<354	,	19	,	8	,	3	,	97	,	0	>
<355	,	19	,	8	,	5	,	97	,	4	>
<356	,	19	,	9	,	1	,	99	,	0	>
<357	,	19	,	9	,	2	,	99	,	4	>
<358	,	19	,	9	,	3	,	99	,	0	>
<359	,	19	,	9	,	5	,	99	,	4	>
<360	,	19	,	10	,	1	,	91	,	0	>
<361	,	19	,	10	,	2	,	91	,	4	>
<362	,	19	,	10	,	3	,	91	,	0	>
<363	,	19	,	10	,	5	,	91	,	4	>
<364	,	20	,	3	,	4	,	11	,	0	>
<365	,	20	,	3	,	7	,	11	,	1	>
<366	,	20	,	3	,	8	,	11	,	0	>
<367	,	20	,	4	,	4	,	8	,	0	>
<368	,	20	,	4	,	7	,	8	,	1	>
<369	,	20	,	4	,	8	,	8	,	0	>
<370	,	20	,	5	,	4	,	9	,	0	>
<371	,	20	,	5	,	7	,	9	,	1	>
<372	,	20	,	5	,	8	,	9	,	0	>
<373	,	20	,	8	,	4	,	6	,	0	>
<374	,	20	,	8	,	7	,	6	,	0	>
<375	,	20	,	8	,	8	,	6	,	0	>
<376	,	20	,	10	,	4	,	8	,	0	>
<377	,	20	,	10	,	7	,	8	,	1	>
<378	,	20	,	10	,	8	,	8	,	0	>
<379	,	21	,	3	,	4	,	87	,	0	>
<380	,	21	,	3	,	7	,	87	,	6	>
<381	,	21	,	3	,	8	,	87	,	0	>
<382	,	21	,	5	,	4	,	94	,	0	>
<383	,	21	,	5	,	7	,	94	,	6	>
<384	,	21	,	5	,	8	,	94	,	0	>
<385	,	21	,	10	,	4	,	95	,	0	>
<386	,	21	,	10	,	7	,	95	,	6	>
<387	,	21	,	10	,	8	,	95	,	0	>
<388	,	22	,	1	,	3	,	56	,	0	>
<389	,	22	,	1	,	4	,	56	,	2	>
<390	,	22	,	1	,	7	,	56	,	0	>
<391	,	22	,	1	,	8	,	56	,	2	>
<392	,	22	,	2	,	3	,	41	,	0	>
<393	,	22	,	2	,	4	,	41	,	2	>
<394	,	22	,	2	,	7	,	41	,	0	>
<395	,	22	,	2	,	8	,	41	,	2	>
<396	,	22	,	3	,	3	,	21	,	0	>
<397	,	22	,	3	,	4	,	21	,	1	>
<398	,	22	,	3	,	7	,	21	,	0	>
<399	,	22	,	3	,	8	,	21	,	1	>
<400	,	22	,	6	,	3	,	50	,	0	>
<401	,	22	,	6	,	4	,	50	,	2	>
<402	,	22	,	6	,	7	,	50	,	0	>
<403	,	22	,	6	,	8	,	50	,	2	>
<404	,	22	,	8	,	3	,	49	,	0	>
<405	,	22	,	8	,	4	,	49	,	2	>
<406	,	22	,	8	,	7	,	49	,	0	>
<407	,	22	,	8	,	8	,	49	,	2	>
<408	,	22	,	9	,	3	,	50	,	0	>
<409	,	22	,	9	,	4	,	50	,	2	>
<410	,	22	,	9	,	7	,	50	,	0	>
<411	,	22	,	9	,	8	,	50	,	2	>
<412	,	22	,	10	,	3	,	63	,	0	>
<413	,	22	,	10	,	4	,	63	,	3	>
<414	,	22	,	10	,	7	,	63	,	0	>
<415	,	22	,	10	,	8	,	63	,	3	>
<416	,	23	,	1	,	3	,	66	,	0	>
<417	,	23	,	1	,	4	,	66	,	3	>
<418	,	23	,	1	,	6	,	66	,	0	>
<419	,	23	,	1	,	7	,	66	,	3	>
<420	,	23	,	4	,	3	,	88	,	0	>
<421	,	23	,	4	,	4	,	88	,	4	>
<422	,	23	,	4	,	6	,	88	,	0	>
<423	,	23	,	4	,	7	,	88	,	4	>
<424	,	23	,	5	,	3	,	99	,	0	>
<425	,	23	,	5	,	4	,	99	,	4	>
<426	,	23	,	5	,	6	,	99	,	0	>
<427	,	23	,	5	,	7	,	99	,	4	>
<428	,	23	,	7	,	3	,	82	,	0	>
<429	,	23	,	7	,	4	,	82	,	3	>
<430	,	23	,	7	,	6	,	82	,	0	>
<431	,	23	,	7	,	7	,	82	,	3	>
<432	,	24	,	2	,	2	,	15	,	0	>
<433	,	24	,	2	,	4	,	15	,	1	>
<434	,	24	,	2	,	7	,	15	,	0	>
<435	,	24	,	4	,	2	,	13	,	0	>
<436	,	24	,	4	,	4	,	13	,	1	>
<437	,	24	,	4	,	7	,	13	,	0	>
<438	,	24	,	7	,	2	,	12	,	0	>
<439	,	24	,	7	,	4	,	12	,	1	>
<440	,	24	,	7	,	7	,	12	,	0	>
<441	,	24	,	8	,	2	,	14	,	0	>
<442	,	24	,	8	,	4	,	14	,	1	>
<443	,	24	,	8	,	7	,	14	,	0	>
<444	,	24	,	9	,	2	,	18	,	0	>
<445	,	24	,	9	,	4	,	18	,	1	>
<446	,	24	,	9	,	7	,	18	,	0	>
<447	,	24	,	10	,	2	,	7	,	0	>
<448	,	24	,	10	,	4	,	7	,	0	>
<449	,	24	,	10	,	7	,	7	,	0	>
<450	,	25	,	7	,	1	,	78	,	0	>
<451	,	25	,	7	,	2	,	78	,	2	>
<452	,	25	,	7	,	5	,	78	,	0	>
<453	,	25	,	7	,	6	,	78	,	2	>
<454	,	25	,	7	,	8	,	78	,	0	>
<455	,	25	,	9	,	1	,	55	,	0	>
<456	,	25	,	9	,	2	,	55	,	1	>
<457	,	25	,	9	,	5	,	55	,	0	>
<458	,	25	,	9	,	6	,	55	,	1	>
<459	,	25	,	9	,	8	,	55	,	0	>
<460	,	25	,	10	,	1	,	63	,	0	>
<461	,	25	,	10	,	2	,	63	,	2	>
<462	,	25	,	10	,	5	,	63	,	0	>
<463	,	25	,	10	,	6	,	63	,	2	>
<464	,	25	,	10	,	8	,	63	,	0	>
<465	,	26	,	1	,	1	,	71	,	0	>
<466	,	26	,	1	,	3	,	71	,	2	>
<467	,	26	,	1	,	5	,	71	,	0	>
<468	,	26	,	1	,	7	,	71	,	2	>
<469	,	26	,	1	,	8	,	71	,	0	>
<470	,	26	,	4	,	1	,	81	,	0	>
<471	,	26	,	4	,	3	,	81	,	2	>
<472	,	26	,	4	,	5	,	81	,	0	>
<473	,	26	,	4	,	7	,	81	,	2	>
<474	,	26	,	4	,	8	,	81	,	0	>
<475	,	26	,	5	,	1	,	77	,	0	>
<476	,	26	,	5	,	3	,	77	,	2	>
<477	,	26	,	5	,	5	,	77	,	0	>
<478	,	26	,	5	,	7	,	77	,	2	>
<479	,	26	,	5	,	8	,	77	,	0	>
<480	,	26	,	7	,	1	,	64	,	0	>
<481	,	26	,	7	,	3	,	64	,	2	>
<482	,	26	,	7	,	5	,	64	,	0	>
<483	,	26	,	7	,	7	,	64	,	2	>
<484	,	26	,	7	,	8	,	64	,	0	>
<485	,	26	,	8	,	1	,	64	,	0	>
<486	,	26	,	8	,	3	,	64	,	2	>
<487	,	26	,	8	,	5	,	64	,	0	>
<488	,	26	,	8	,	7	,	64	,	2	>
<489	,	26	,	8	,	8	,	64	,	0	>
<490	,	26	,	9	,	1	,	79	,	0	>
<491	,	26	,	9	,	3	,	79	,	2	>
<492	,	26	,	9	,	5	,	79	,	0	>
<493	,	26	,	9	,	7	,	79	,	2	>
<494	,	26	,	9	,	8	,	79	,	0	>
<495	,	27	,	1	,	1	,	23	,	0	>
<496	,	27	,	1	,	3	,	23	,	1	>
<497	,	27	,	1	,	5	,	23	,	0	>
<498	,	27	,	1	,	6	,	23	,	1	>
<499	,	27	,	1	,	8	,	23	,	0	>
<500	,	27	,	2	,	1	,	21	,	0	>
<501	,	27	,	2	,	3	,	21	,	1	>
<502	,	27	,	2	,	5	,	21	,	0	>
<503	,	27	,	2	,	6	,	21	,	1	>
<504	,	27	,	2	,	8	,	21	,	0	>
<505	,	27	,	5	,	1	,	34	,	0	>
<506	,	27	,	5	,	3	,	34	,	1	>
<507	,	27	,	5	,	5	,	34	,	0	>
<508	,	27	,	5	,	6	,	34	,	1	>
<509	,	27	,	5	,	8	,	34	,	0	>
<510	,	27	,	6	,	1	,	32	,	0	>
<511	,	27	,	6	,	3	,	32	,	1	>
<512	,	27	,	6	,	5	,	32	,	0	>
<513	,	27	,	6	,	6	,	32	,	1	>
<514	,	27	,	6	,	8	,	32	,	0	>
<515	,	27	,	8	,	1	,	24	,	0	>
<516	,	27	,	8	,	3	,	24	,	1	>
<517	,	27	,	8	,	5	,	24	,	0	>
<518	,	27	,	8	,	6	,	24	,	1	>
<519	,	27	,	8	,	8	,	24	,	0	>
<520	,	27	,	10	,	1	,	63	,	0	>
<521	,	27	,	10	,	3	,	63	,	2	>
<522	,	27	,	10	,	5	,	63	,	0	>
<523	,	27	,	10	,	6	,	63	,	2	>
<524	,	27	,	10	,	8	,	63	,	0	>
<525	,	28	,	1	,	2	,	38	,	0	>
<526	,	28	,	1	,	3	,	38	,	2	>
<527	,	28	,	1	,	4	,	38	,	0	>
<528	,	28	,	1	,	6	,	38	,	2	>
<529	,	28	,	2	,	2	,	14	,	0	>
<530	,	28	,	2	,	3	,	14	,	1	>
<531	,	28	,	2	,	4	,	14	,	0	>
<532	,	28	,	2	,	6	,	14	,	1	>
<533	,	28	,	3	,	2	,	15	,	0	>
<534	,	28	,	3	,	3	,	15	,	1	>
<535	,	28	,	3	,	4	,	15	,	0	>
<536	,	28	,	3	,	6	,	15	,	1	>
<537	,	28	,	5	,	2	,	24	,	0	>
<538	,	28	,	5	,	3	,	24	,	1	>
<539	,	28	,	5	,	4	,	24	,	0	>
<540	,	28	,	5	,	6	,	24	,	1	>
<541	,	28	,	6	,	2	,	20	,	0	>
<542	,	28	,	6	,	3	,	20	,	1	>
<543	,	28	,	6	,	4	,	20	,	0	>
<544	,	28	,	6	,	6	,	20	,	1	>
<545	,	29	,	1	,	1	,	26	,	0	>
<546	,	29	,	1	,	3	,	26	,	1	>
<547	,	29	,	1	,	6	,	26	,	0	>
<548	,	29	,	1	,	7	,	26	,	1	>
<549	,	29	,	2	,	1	,	21	,	0	>
<550	,	29	,	2	,	3	,	21	,	1	>
<551	,	29	,	2	,	6	,	21	,	0	>
<552	,	29	,	2	,	7	,	21	,	1	>
<553	,	29	,	3	,	1	,	15	,	0	>
<554	,	29	,	3	,	3	,	15	,	1	>
<555	,	29	,	3	,	6	,	15	,	0	>
<556	,	29	,	3	,	7	,	15	,	1	>
<557	,	29	,	6	,	1	,	18	,	0	>
<558	,	29	,	6	,	3	,	18	,	1	>
<559	,	29	,	6	,	6	,	18	,	0	>
<560	,	29	,	6	,	7	,	18	,	1	>
<561	,	29	,	7	,	1	,	20	,	0	>
<562	,	29	,	7	,	3	,	20	,	1	>
<563	,	29	,	7	,	6	,	20	,	0	>
<564	,	29	,	7	,	7	,	20	,	1	>
<565	,	29	,	8	,	1	,	10	,	0	>
<566	,	29	,	8	,	3	,	10	,	0	>
<567	,	29	,	8	,	6	,	10	,	0	>
<568	,	29	,	8	,	7	,	10	,	0	>
<569	,	29	,	10	,	1	,	28	,	0	>
<570	,	29	,	10	,	3	,	28	,	1	>
<571	,	29	,	10	,	6	,	28	,	0	>
<572	,	29	,	10	,	7	,	28	,	1	>
<573	,	30	,	1	,	1	,	42	,	0	>
<574	,	30	,	1	,	2	,	42	,	2	>
<575	,	30	,	1	,	4	,	42	,	0	>
<576	,	30	,	1	,	5	,	42	,	2	>
<577	,	30	,	2	,	1	,	21	,	0	>
<578	,	30	,	2	,	2	,	21	,	1	>
<579	,	30	,	2	,	4	,	21	,	0	>
<580	,	30	,	2	,	5	,	21	,	1	>
<581	,	30	,	3	,	1	,	24	,	0	>
<582	,	30	,	3	,	2	,	24	,	1	>
<583	,	30	,	3	,	4	,	24	,	0	>
<584	,	30	,	3	,	5	,	24	,	1	>
<585	,	30	,	4	,	1	,	45	,	0	>
<586	,	30	,	4	,	2	,	45	,	2	>
<587	,	30	,	4	,	4	,	45	,	0	>
<588	,	30	,	4	,	5	,	45	,	2	>
<589	,	30	,	6	,	1	,	19	,	0	>
<590	,	30	,	6	,	2	,	19	,	1	>
<591	,	30	,	6	,	4	,	19	,	0	>
<592	,	30	,	6	,	5	,	19	,	1	>
<593	,	30	,	8	,	1	,	40	,	0	>
<594	,	30	,	8	,	2	,	40	,	2	>
<595	,	30	,	8	,	4	,	40	,	0	>
<596	,	30	,	8	,	5	,	40	,	2	>
<597	,	31	,	1	,	2	,	53	,	0	>
<598	,	31	,	1	,	5	,	53	,	4	>
<599	,	31	,	1	,	8	,	53	,	0	>
<600	,	31	,	4	,	2	,	42	,	0	>
<601	,	31	,	4	,	5	,	42	,	3	>
<602	,	31	,	4	,	8	,	42	,	0	>
<603	,	31	,	5	,	2	,	97	,	0	>
<604	,	31	,	5	,	5	,	97	,	6	>
<605	,	31	,	5	,	8	,	97	,	0	>
<606	,	31	,	6	,	2	,	54	,	0	>
<607	,	31	,	6	,	5	,	54	,	4	>
<608	,	31	,	6	,	8	,	54	,	0	>
<609	,	31	,	7	,	2	,	71	,	0	>
<610	,	31	,	7	,	5	,	71	,	5	>
<611	,	31	,	7	,	8	,	71	,	0	>
<612	,	31	,	8	,	2	,	72	,	0	>
<613	,	31	,	8	,	5	,	72	,	5	>
<614	,	31	,	8	,	8	,	72	,	0	>
<615	,	31	,	10	,	2	,	50	,	0	>
<616	,	31	,	10	,	5	,	50	,	3	>
<617	,	31	,	10	,	8	,	50	,	0	>
<618	,	32	,	3	,	2	,	60	,	0	>
<619	,	32	,	3	,	3	,	60	,	4	>
<620	,	32	,	3	,	4	,	60	,	0	>
<621	,	32	,	4	,	2	,	92	,	0	>
<622	,	32	,	4	,	3	,	92	,	6	>
<623	,	32	,	4	,	4	,	92	,	0	>
<624	,	32	,	5	,	2	,	72	,	0	>
<625	,	32	,	5	,	3	,	72	,	5	>
<626	,	32	,	5	,	4	,	72	,	0	>
<627	,	32	,	8	,	2	,	58	,	0	>
<628	,	32	,	8	,	3	,	58	,	4	>
<629	,	32	,	8	,	4	,	58	,	0	>
<630	,	33	,	1	,	1	,	63	,	0	>
<631	,	33	,	1	,	3	,	63	,	2	>
<632	,	33	,	1	,	4	,	63	,	0	>
<633	,	33	,	1	,	6	,	63	,	2	>
<634	,	33	,	1	,	7	,	63	,	0	>
<635	,	33	,	5	,	1	,	36	,	0	>
<636	,	33	,	5	,	3	,	36	,	1	>
<637	,	33	,	5	,	4	,	36	,	0	>
<638	,	33	,	5	,	6	,	36	,	1	>
<639	,	33	,	5	,	7	,	36	,	0	>
<640	,	33	,	6	,	1	,	62	,	0	>
<641	,	33	,	6	,	3	,	62	,	1	>
<642	,	33	,	6	,	4	,	62	,	0	>
<643	,	33	,	6	,	6	,	62	,	1	>
<644	,	33	,	6	,	7	,	62	,	0	>
<645	,	33	,	9	,	1	,	27	,	0	>
<646	,	33	,	9	,	3	,	27	,	1	>
<647	,	33	,	9	,	4	,	27	,	0	>
<648	,	33	,	9	,	6	,	27	,	1	>
<649	,	33	,	9	,	7	,	27	,	0	>
<650	,	34	,	4	,	1	,	99	,	0	>
<651	,	34	,	4	,	2	,	99	,	2	>
<652	,	34	,	4	,	4	,	99	,	0	>
<653	,	34	,	4	,	6	,	99	,	2	>
<654	,	34	,	4	,	7	,	99	,	0	>
<655	,	34	,	9	,	1	,	98	,	0	>
<656	,	34	,	9	,	2	,	98	,	2	>
<657	,	34	,	9	,	4	,	98	,	0	>
<658	,	34	,	9	,	6	,	98	,	2	>
<659	,	34	,	9	,	7	,	98	,	0	>
<660	,	34	,	10	,	1	,	98	,	0	>
<661	,	34	,	10	,	2	,	98	,	2	>
<662	,	34	,	10	,	4	,	98	,	0	>
<663	,	34	,	10	,	6	,	98	,	2	>
<664	,	34	,	10	,	7	,	98	,	0	>
<665	,	35	,	1	,	1	,	99	,	0	>
<666	,	35	,	1	,	3	,	99	,	7	>
<667	,	35	,	1	,	4	,	99	,	0	>
<668	,	35	,	3	,	1	,	99	,	0	>
<669	,	35	,	3	,	3	,	99	,	7	>
<670	,	35	,	3	,	4	,	99	,	0	>
<671	,	35	,	4	,	1	,	99	,	0	>
<672	,	35	,	4	,	3	,	99	,	7	>
<673	,	35	,	4	,	4	,	99	,	0	>
<674	,	35	,	5	,	1	,	99	,	0	>
<675	,	35	,	5	,	3	,	99	,	7	>
<676	,	35	,	5	,	4	,	99	,	0	>
<677	,	35	,	7	,	1	,	99	,	0	>
<678	,	35	,	7	,	3	,	99	,	7	>
<679	,	35	,	7	,	4	,	99	,	0	>
<680	,	35	,	9	,	1	,	99	,	0	>
<681	,	35	,	9	,	3	,	99	,	7	>
<682	,	35	,	9	,	4	,	99	,	0	>
<683	,	35	,	10	,	1	,	99	,	0	>
<684	,	35	,	10	,	3	,	99	,	7	>
<685	,	35	,	10	,	4	,	99	,	0	>
<686	,	36	,	3	,	1	,	95	,	0	>
<687	,	36	,	3	,	3	,	95	,	4	>
<688	,	36	,	3	,	7	,	95	,	0	>
<689	,	36	,	3	,	8	,	95	,	4	>
<690	,	36	,	5	,	1	,	91	,	0	>
<691	,	36	,	5	,	3	,	91	,	4	>
<692	,	36	,	5	,	7	,	91	,	0	>
<693	,	36	,	5	,	8	,	91	,	4	>
<694	,	36	,	6	,	1	,	95	,	0	>
<695	,	36	,	6	,	3	,	95	,	4	>
<696	,	36	,	6	,	7	,	95	,	0	>
<697	,	36	,	6	,	8	,	95	,	4	>
<698	,	37	,	3	,	2	,	82	,	0	>
<699	,	37	,	3	,	4	,	82	,	3	>
<700	,	37	,	3	,	6	,	82	,	0	>
<701	,	37	,	3	,	7	,	82	,	3	>
<702	,	37	,	5	,	2	,	93	,	0	>
<703	,	37	,	5	,	4	,	93	,	4	>
<704	,	37	,	5	,	6	,	93	,	0	>
<705	,	37	,	5	,	7	,	93	,	4	>
<706	,	37	,	7	,	2	,	94	,	0	>
<707	,	37	,	7	,	4	,	94	,	4	>
<708	,	37	,	7	,	6	,	94	,	0	>
<709	,	37	,	7	,	7	,	94	,	4	>
<710	,	38	,	2	,	1	,	87	,	0	>
<711	,	38	,	2	,	4	,	87	,	2	>
<712	,	38	,	2	,	5	,	87	,	0	>
<713	,	38	,	2	,	6	,	87	,	2	>
<714	,	38	,	2	,	8	,	87	,	0	>
<715	,	38	,	3	,	1	,	95	,	0	>
<716	,	38	,	3	,	4	,	95	,	2	>
<717	,	38	,	3	,	5	,	95	,	0	>
<718	,	38	,	3	,	6	,	95	,	2	>
<719	,	38	,	3	,	8	,	95	,	0	>
<720	,	38	,	6	,	1	,	79	,	0	>
<721	,	38	,	6	,	4	,	79	,	2	>
<722	,	38	,	6	,	5	,	79	,	0	>
<723	,	38	,	6	,	6	,	79	,	2	>
<724	,	38	,	6	,	8	,	79	,	0	>
<725	,	39	,	3	,	1	,	86	,	0	>
<726	,	39	,	3	,	2	,	86	,	3	>
<727	,	39	,	3	,	5	,	86	,	0	>
<728	,	39	,	3	,	8	,	86	,	3	>
<729	,	39	,	6	,	1	,	90	,	0	>
<730	,	39	,	6	,	2	,	90	,	4	>
<731	,	39	,	6	,	5	,	90	,	0	>
<732	,	39	,	6	,	8	,	90	,	4	>
<733	,	39	,	8	,	1	,	82	,	0	>
<734	,	39	,	8	,	2	,	82	,	3	>
<735	,	39	,	8	,	5	,	82	,	0	>
<736	,	39	,	8	,	8	,	82	,	3	>
<737	,	40	,	1	,	2	,	79	,	0	>
<738	,	40	,	1	,	3	,	79	,	2	>
<739	,	40	,	1	,	4	,	79	,	0	>
<740	,	40	,	1	,	5	,	79	,	2	>
<741	,	40	,	1	,	6	,	79	,	0	>
<742	,	40	,	4	,	2	,	74	,	0	>
<743	,	40	,	4	,	3	,	74	,	2	>
<744	,	40	,	4	,	4	,	74	,	0	>
<745	,	40	,	4	,	5	,	74	,	2	>
<746	,	40	,	4	,	6	,	74	,	0	>
<747	,	40	,	6	,	2	,	62	,	0	>
<748	,	40	,	6	,	3	,	62	,	1	>
<749	,	40	,	6	,	4	,	62	,	0	>
<750	,	40	,	6	,	5	,	62	,	1	>
<751	,	40	,	6	,	6	,	62	,	0	>
<752	,	40	,	7	,	2	,	83	,	0	>
<753	,	40	,	7	,	3	,	83	,	2	>
<754	,	40	,	7	,	4	,	83	,	0	>
<755	,	40	,	7	,	5	,	83	,	2	>
<756	,	40	,	7	,	6	,	83	,	0	>
<757	,	40	,	9	,	2	,	73	,	0	>
<758	,	40	,	9	,	3	,	73	,	2	>
<759	,	40	,	9	,	4	,	73	,	0	>
<760	,	40	,	9	,	5	,	73	,	2	>
<761	,	40	,	9	,	6	,	73	,	0	>
<762	,	40	,	10	,	2	,	66	,	0	>
<763	,	40	,	10	,	3	,	66	,	2	>
<764	,	40	,	10	,	4	,	66	,	0	>
<765	,	40	,	10	,	5	,	66	,	2	>
<766	,	40	,	10	,	6	,	66	,	0	>
<767	,	41	,	6	,	1	,	89	,	0	>
<768	,	41	,	6	,	2	,	89	,	2	>
<769	,	41	,	6	,	3	,	89	,	0	>
<770	,	41	,	6	,	4	,	89	,	2	>
<771	,	41	,	6	,	8	,	89	,	0	>
<772	,	41	,	8	,	1	,	94	,	0	>
<773	,	41	,	8	,	2	,	94	,	2	>
<774	,	41	,	8	,	3	,	94	,	0	>
<775	,	41	,	8	,	4	,	94	,	2	>
<776	,	41	,	8	,	8	,	94	,	0	>
<777	,	41	,	10	,	1	,	90	,	0	>
<778	,	41	,	10	,	2	,	90	,	2	>
<779	,	41	,	10	,	3	,	90	,	0	>
<780	,	41	,	10	,	4	,	90	,	2	>
<781	,	41	,	10	,	8	,	90	,	0	>
<782	,	42	,	2	,	1	,	98	,	0	>
<783	,	42	,	2	,	3	,	98	,	4	>
<784	,	42	,	2	,	4	,	98	,	0	>
<785	,	42	,	2	,	5	,	98	,	4	>
<786	,	42	,	3	,	1	,	73	,	0	>
<787	,	42	,	3	,	3	,	73	,	3	>
<788	,	42	,	3	,	4	,	73	,	0	>
<789	,	42	,	3	,	5	,	73	,	3	>
<790	,	42	,	8	,	1	,	83	,	0	>
<791	,	42	,	8	,	3	,	83	,	3	>
<792	,	42	,	8	,	4	,	83	,	0	>
<793	,	42	,	8	,	5	,	83	,	3	>
<794	,	43	,	1	,	2	,	64	,	0	>
<795	,	43	,	1	,	5	,	64	,	2	>
<796	,	43	,	1	,	6	,	64	,	0	>
<797	,	43	,	1	,	7	,	64	,	2	>
<798	,	43	,	1	,	8	,	64	,	0	>
<799	,	43	,	2	,	2	,	47	,	0	>
<800	,	43	,	2	,	5	,	47	,	1	>
<801	,	43	,	2	,	6	,	47	,	0	>
<802	,	43	,	2	,	7	,	47	,	1	>
<803	,	43	,	2	,	8	,	47	,	0	>
<804	,	43	,	4	,	2	,	73	,	0	>
<805	,	43	,	4	,	5	,	73	,	2	>
<806	,	43	,	4	,	6	,	73	,	0	>
<807	,	43	,	4	,	7	,	73	,	2	>
<808	,	43	,	4	,	8	,	73	,	0	>
<809	,	43	,	5	,	2	,	95	,	0	>
<810	,	43	,	5	,	5	,	95	,	2	>
<811	,	43	,	5	,	6	,	95	,	0	>
<812	,	43	,	5	,	7	,	95	,	2	>
<813	,	43	,	5	,	8	,	95	,	0	>
<814	,	43	,	6	,	2	,	59	,	0	>
<815	,	43	,	6	,	5	,	59	,	1	>
<816	,	43	,	6	,	6	,	59	,	0	>
<817	,	43	,	6	,	7	,	59	,	1	>
<818	,	43	,	6	,	8	,	59	,	0	>
<819	,	43	,	8	,	2	,	46	,	0	>
<820	,	43	,	8	,	5	,	46	,	1	>
<821	,	43	,	8	,	6	,	46	,	0	>
<822	,	43	,	8	,	7	,	46	,	1	>
<823	,	43	,	8	,	8	,	46	,	0	>
<824	,	44	,	3	,	3	,	78	,	0	>
<825	,	44	,	3	,	4	,	78	,	2	>
<826	,	44	,	3	,	5	,	78	,	0	>
<827	,	44	,	3	,	6	,	78	,	2	>
<828	,	44	,	3	,	7	,	78	,	0	>
<829	,	44	,	5	,	3	,	68	,	0	>
<830	,	44	,	5	,	4	,	68	,	2	>
<831	,	44	,	5	,	5	,	68	,	0	>
<832	,	44	,	5	,	6	,	68	,	2	>
<833	,	44	,	5	,	7	,	68	,	0	>
<834	,	44	,	9	,	3	,	81	,	0	>
<835	,	44	,	9	,	4	,	81	,	2	>
<836	,	44	,	9	,	5	,	81	,	0	>
<837	,	44	,	9	,	6	,	81	,	2	>
<838	,	44	,	9	,	7	,	81	,	0	>
<839	,	45	,	6	,	1	,	8	,	0	>
<840	,	45	,	6	,	2	,	8	,	0	>
<841	,	45	,	6	,	4	,	8	,	0	>
<842	,	45	,	6	,	5	,	8	,	0	>
<843	,	45	,	6	,	8	,	8	,	0	>
<844	,	45	,	7	,	1	,	6	,	0	>
<845	,	45	,	7	,	2	,	6	,	0	>
<846	,	45	,	7	,	4	,	6	,	0	>
<847	,	45	,	7	,	5	,	6	,	0	>
<848	,	45	,	7	,	8	,	6	,	0	>
<849	,	45	,	9	,	1	,	4	,	0	>
<850	,	45	,	9	,	2	,	4	,	0	>
<851	,	45	,	9	,	4	,	4	,	0	>
<852	,	45	,	9	,	5	,	4	,	0	>
<853	,	45	,	9	,	8	,	4	,	0	>
<854	,	45	,	10	,	1	,	9	,	0	>
<855	,	45	,	10	,	2	,	9	,	0	>
<856	,	45	,	10	,	4	,	9	,	0	>
<857	,	45	,	10	,	5	,	9	,	0	>
<858	,	45	,	10	,	8	,	9	,	0	>
<859	,	46	,	1	,	1	,	21	,	0	>
<860	,	46	,	1	,	2	,	21	,	1	>
<861	,	46	,	1	,	5	,	21	,	0	>
<862	,	46	,	1	,	6	,	21	,	1	>
<863	,	46	,	1	,	7	,	21	,	0	>
<864	,	46	,	2	,	1	,	31	,	0	>
<865	,	46	,	2	,	2	,	31	,	1	>
<866	,	46	,	2	,	5	,	31	,	0	>
<867	,	46	,	2	,	6	,	31	,	1	>
<868	,	46	,	2	,	7	,	31	,	0	>
<869	,	46	,	3	,	1	,	13	,	0	>
<870	,	46	,	3	,	2	,	13	,	0	>
<871	,	46	,	3	,	5	,	13	,	0	>
<872	,	46	,	3	,	6	,	13	,	0	>
<873	,	46	,	3	,	7	,	13	,	0	>
<874	,	46	,	4	,	1	,	19	,	0	>
<875	,	46	,	4	,	2	,	19	,	0	>
<876	,	46	,	4	,	5	,	19	,	0	>
<877	,	46	,	4	,	6	,	19	,	0	>
<878	,	46	,	4	,	7	,	19	,	0	>
<879	,	46	,	6	,	1	,	33	,	0	>
<880	,	46	,	6	,	2	,	33	,	1	>
<881	,	46	,	6	,	5	,	33	,	0	>
<882	,	46	,	6	,	6	,	33	,	1	>
<883	,	46	,	6	,	7	,	33	,	0	>
<884	,	46	,	7	,	1	,	29	,	0	>
<885	,	46	,	7	,	2	,	29	,	1	>
<886	,	46	,	7	,	5	,	29	,	0	>
<887	,	46	,	7	,	6	,	29	,	1	>
<888	,	46	,	7	,	7	,	29	,	0	>
<889	,	46	,	10	,	1	,	15	,	0	>
<890	,	46	,	10	,	2	,	15	,	0	>
<891	,	46	,	10	,	5	,	15	,	0	>
<892	,	46	,	10	,	6	,	15	,	0	>
<893	,	46	,	10	,	7	,	15	,	0	>
<894	,	47	,	1	,	2	,	27	,	0	>
<895	,	47	,	1	,	6	,	27	,	2	>
<896	,	47	,	1	,	8	,	27	,	0	>
<897	,	47	,	5	,	2	,	29	,	0	>
<898	,	47	,	5	,	6	,	29	,	2	>
<899	,	47	,	5	,	8	,	29	,	0	>
<900	,	47	,	7	,	2	,	29	,	0	>
<901	,	47	,	7	,	6	,	29	,	2	>
<902	,	47	,	7	,	8	,	29	,	0	>
<903	,	47	,	8	,	2	,	32	,	0	>
<904	,	47	,	8	,	6	,	32	,	2	>
<905	,	47	,	8	,	8	,	32	,	0	>
<906	,	47	,	9	,	2	,	63	,	0	>
<907	,	47	,	9	,	6	,	63	,	4	>
<908	,	47	,	9	,	8	,	63	,	0	>
<909	,	48	,	2	,	2	,	73	,	0	>
<910	,	48	,	2	,	3	,	73	,	5	>
<911	,	48	,	2	,	4	,	73	,	0	>
<912	,	48	,	3	,	2	,	44	,	0	>
<913	,	48	,	3	,	3	,	44	,	3	>
<914	,	48	,	3	,	4	,	44	,	0	>
<915	,	48	,	8	,	2	,	81	,	0	>
<916	,	48	,	8	,	3	,	81	,	5	>
<917	,	48	,	8	,	4	,	81	,	0	>
<918	,	49	,	3	,	3	,	86	,	0	>
<919	,	49	,	3	,	4	,	86	,	2	>
<920	,	49	,	3	,	5	,	86	,	0	>
<921	,	49	,	3	,	7	,	86	,	2	>
<922	,	49	,	3	,	8	,	86	,	0	>
<923	,	49	,	4	,	3	,	52	,	0	>
<924	,	49	,	4	,	4	,	52	,	1	>
<925	,	49	,	4	,	5	,	52	,	0	>
<926	,	49	,	4	,	7	,	52	,	1	>
<927	,	49	,	4	,	8	,	52	,	0	>
<928	,	49	,	5	,	3	,	60	,	0	>
<929	,	49	,	5	,	4	,	60	,	1	>
<930	,	49	,	5	,	5	,	60	,	0	>
<931	,	49	,	5	,	7	,	60	,	1	>
<932	,	49	,	5	,	8	,	60	,	0	>
<933	,	49	,	7	,	3	,	77	,	0	>
<934	,	49	,	7	,	4	,	77	,	2	>
<935	,	49	,	7	,	5	,	77	,	0	>
<936	,	49	,	7	,	7	,	77	,	2	>
<937	,	49	,	7	,	8	,	77	,	0	>
<938	,	49	,	9	,	3	,	57	,	0	>
<939	,	49	,	9	,	4	,	57	,	1	>
<940	,	49	,	9	,	5	,	57	,	0	>
<941	,	49	,	9	,	7	,	57	,	1	>
<942	,	49	,	9	,	8	,	57	,	0	>
<943	,	50	,	1	,	1	,	82	,	0	>
<944	,	50	,	1	,	3	,	82	,	5	>
<945	,	50	,	1	,	4	,	82	,	0	>
<946	,	50	,	2	,	1	,	50	,	0	>
<947	,	50	,	2	,	3	,	50	,	3	>
<948	,	50	,	2	,	4	,	50	,	0	>
<949	,	50	,	10	,	1	,	85	,	0	>
<950	,	50	,	10	,	3	,	85	,	6	>
<951	,	50	,	10	,	4	,	85	,	0	>
<952	,	51	,	6	,	1	,	81	,	0	>
<953	,	51	,	6	,	3	,	81	,	2	>
<954	,	51	,	6	,	4	,	81	,	0	>
<955	,	51	,	6	,	6	,	81	,	2	>
<956	,	51	,	6	,	7	,	81	,	0	>
<957	,	51	,	7	,	1	,	40	,	0	>
<958	,	51	,	7	,	3	,	40	,	1	>
<959	,	51	,	7	,	4	,	40	,	0	>
<960	,	51	,	7	,	6	,	40	,	1	>
<961	,	51	,	7	,	7	,	40	,	0	>
<962	,	51	,	9	,	1	,	38	,	0	>
<963	,	51	,	9	,	3	,	38	,	1	>
<964	,	51	,	9	,	4	,	38	,	0	>
<965	,	51	,	9	,	6	,	38	,	1	>
<966	,	51	,	9	,	7	,	38	,	0	>
<967	,	52	,	1	,	2	,	96	,	0	>
<968	,	52	,	1	,	3	,	96	,	6	>
<969	,	52	,	1	,	8	,	96	,	0	>
<970	,	52	,	2	,	2	,	81	,	0	>
<971	,	52	,	2	,	3	,	81	,	5	>
<972	,	52	,	2	,	8	,	81	,	0	>
<973	,	52	,	3	,	2	,	90	,	0	>
<974	,	52	,	3	,	3	,	90	,	6	>
<975	,	52	,	3	,	8	,	90	,	0	>
<976	,	52	,	5	,	2	,	65	,	0	>
<977	,	52	,	5	,	3	,	65	,	4	>
<978	,	52	,	5	,	8	,	65	,	0	>
<979	,	52	,	6	,	2	,	85	,	0	>
<980	,	52	,	6	,	3	,	85	,	6	>
<981	,	52	,	6	,	8	,	85	,	0	>
<982	,	52	,	8	,	2	,	88	,	0	>
<983	,	52	,	8	,	3	,	88	,	6	>
<984	,	52	,	8	,	8	,	88	,	0	>
<985	,	52	,	10	,	2	,	71	,	0	>
<986	,	52	,	10	,	3	,	71	,	5	>
<987	,	52	,	10	,	8	,	71	,	0	>
<988	,	53	,	1	,	1	,	88	,	0	>
<989	,	53	,	1	,	4	,	88	,	4	>
<990	,	53	,	1	,	5	,	88	,	0	>
<991	,	53	,	1	,	8	,	88	,	4	>
<992	,	53	,	3	,	1	,	84	,	0	>
<993	,	53	,	3	,	4	,	84	,	3	>
<994	,	53	,	3	,	5	,	84	,	0	>
<995	,	53	,	3	,	8	,	84	,	3	>
<996	,	53	,	7	,	1	,	84	,	0	>
<997	,	53	,	7	,	4	,	84	,	3	>
<998	,	53	,	7	,	5	,	84	,	0	>
<999	,	53	,	7	,	8	,	84	,	3	>
<1000	,	53	,	10	,	1	,	65	,	0	>
<1001	,	53	,	10	,	4	,	65	,	3	>
<1002	,	53	,	10	,	5	,	65	,	0	>
<1003	,	53	,	10	,	8	,	65	,	3	>
<1004	,	54	,	1	,	1	,	83	,	0	>
<1005	,	54	,	1	,	2	,	83	,	2	>
<1006	,	54	,	1	,	4	,	83	,	0	>
<1007	,	54	,	1	,	5	,	83	,	2	>
<1008	,	54	,	1	,	7	,	83	,	0	>
<1009	,	54	,	2	,	1	,	97	,	0	>
<1010	,	54	,	2	,	2	,	97	,	2	>
<1011	,	54	,	2	,	4	,	97	,	0	>
<1012	,	54	,	2	,	5	,	97	,	2	>
<1013	,	54	,	2	,	7	,	97	,	0	>
<1014	,	54	,	4	,	1	,	58	,	0	>
<1015	,	54	,	4	,	2	,	58	,	1	>
<1016	,	54	,	4	,	4	,	58	,	0	>
<1017	,	54	,	4	,	5	,	58	,	1	>
<1018	,	54	,	4	,	7	,	58	,	0	>
<1019	,	55	,	3	,	2	,	76	,	0	>
<1020	,	55	,	3	,	3	,	76	,	5	>
<1021	,	55	,	3	,	7	,	76	,	0	>
<1022	,	55	,	4	,	2	,	86	,	0	>
<1023	,	55	,	4	,	3	,	86	,	6	>
<1024	,	55	,	4	,	7	,	86	,	0	>
<1025	,	55	,	5	,	2	,	72	,	0	>
<1026	,	55	,	5	,	3	,	72	,	5	>
<1027	,	55	,	5	,	7	,	72	,	0	>
<1028	,	55	,	7	,	2	,	73	,	0	>
<1029	,	55	,	7	,	3	,	73	,	5	>
<1030	,	55	,	7	,	7	,	73	,	0	>
<1031	,	55	,	8	,	2	,	96	,	0	>
<1032	,	55	,	8	,	3	,	96	,	6	>
<1033	,	55	,	8	,	7	,	96	,	0	>
<1034	,	55	,	10	,	2	,	86	,	0	>
<1035	,	55	,	10	,	3	,	86	,	6	>
<1036	,	55	,	10	,	7	,	86	,	0	>
<1037	,	56	,	1	,	2	,	96	,	0	>
<1038	,	56	,	1	,	3	,	96	,	2	>
<1039	,	56	,	1	,	4	,	96	,	0	>
<1040	,	56	,	1	,	5	,	96	,	2	>
<1041	,	56	,	1	,	8	,	96	,	0	>
<1042	,	56	,	4	,	2	,	79	,	0	>
<1043	,	56	,	4	,	3	,	79	,	2	>
<1044	,	56	,	4	,	4	,	79	,	0	>
<1045	,	56	,	4	,	5	,	79	,	2	>
<1046	,	56	,	4	,	8	,	79	,	0	>
<1047	,	56	,	6	,	2	,	53	,	0	>
<1048	,	56	,	6	,	3	,	53	,	1	>
<1049	,	56	,	6	,	4	,	53	,	0	>
<1050	,	56	,	6	,	5	,	53	,	1	>
<1051	,	56	,	6	,	8	,	53	,	0	>
<1052	,	56	,	8	,	2	,	88	,	0	>
<1053	,	56	,	8	,	3	,	88	,	2	>
<1054	,	56	,	8	,	4	,	88	,	0	>
<1055	,	56	,	8	,	5	,	88	,	2	>
<1056	,	56	,	8	,	8	,	88	,	0	>
<1057	,	56	,	9	,	2	,	61	,	0	>
<1058	,	56	,	9	,	3	,	61	,	1	>
<1059	,	56	,	9	,	4	,	61	,	0	>
<1060	,	56	,	9	,	5	,	61	,	1	>
<1061	,	56	,	9	,	8	,	61	,	0	>
<1062	,	56	,	10	,	2	,	81	,	0	>
<1063	,	56	,	10	,	3	,	81	,	2	>
<1064	,	56	,	10	,	4	,	81	,	0	>
<1065	,	56	,	10	,	5	,	81	,	2	>
<1066	,	56	,	10	,	8	,	81	,	0	>
<1067	,	57	,	2	,	2	,	31	,	0	>
<1068	,	57	,	2	,	4	,	31	,	1	>
<1069	,	57	,	2	,	5	,	31	,	0	>
<1070	,	57	,	2	,	7	,	31	,	1	>
<1071	,	57	,	2	,	8	,	31	,	0	>
<1072	,	57	,	4	,	2	,	19	,	0	>
<1073	,	57	,	4	,	4	,	19	,	0	>
<1074	,	57	,	4	,	5	,	19	,	0	>
<1075	,	57	,	4	,	7	,	19	,	0	>
<1076	,	57	,	4	,	8	,	19	,	0	>
<1077	,	57	,	5	,	2	,	32	,	0	>
<1078	,	57	,	5	,	4	,	32	,	1	>
<1079	,	57	,	5	,	5	,	32	,	0	>
<1080	,	57	,	5	,	7	,	32	,	1	>
<1081	,	57	,	5	,	8	,	32	,	0	>
<1082	,	57	,	6	,	2	,	57	,	0	>
<1083	,	57	,	6	,	4	,	57	,	1	>
<1084	,	57	,	6	,	5	,	57	,	0	>
<1085	,	57	,	6	,	7	,	57	,	1	>
<1086	,	57	,	6	,	8	,	57	,	0	>
<1087	,	57	,	7	,	2	,	53	,	0	>
<1088	,	57	,	7	,	4	,	53	,	1	>
<1089	,	57	,	7	,	5	,	53	,	0	>
<1090	,	57	,	7	,	7	,	53	,	1	>
<1091	,	57	,	7	,	8	,	53	,	0	>
<1092	,	57	,	8	,	2	,	27	,	0	>
<1093	,	57	,	8	,	4	,	27	,	1	>
<1094	,	57	,	8	,	5	,	27	,	0	>
<1095	,	57	,	8	,	7	,	27	,	1	>
<1096	,	57	,	8	,	8	,	27	,	0	>
<1097	,	58	,	4	,	2	,	3	,	0	>
<1098	,	58	,	4	,	4	,	3	,	0	>
<1099	,	58	,	4	,	5	,	3	,	0	>
<1100	,	58	,	4	,	6	,	3	,	0	>
<1101	,	58	,	5	,	2	,	7	,	0	>
<1102	,	58	,	5	,	4	,	7	,	0	>
<1103	,	58	,	5	,	5	,	7	,	0	>
<1104	,	58	,	5	,	6	,	7	,	0	>
<1105	,	58	,	7	,	2	,	8	,	0	>
<1106	,	58	,	7	,	4	,	8	,	0	>
<1107	,	58	,	7	,	5	,	8	,	0	>
<1108	,	58	,	7	,	6	,	8	,	0	>
<1109	,	58	,	10	,	2	,	6	,	0	>
<1110	,	58	,	10	,	4	,	6	,	0	>
<1111	,	58	,	10	,	5	,	6	,	0	>
<1112	,	58	,	10	,	6	,	6	,	0	>
<1113	,	59	,	1	,	1	,	54	,	0	>
<1114	,	59	,	1	,	2	,	54	,	1	>
<1115	,	59	,	1	,	3	,	54	,	0	>
<1116	,	59	,	1	,	4	,	54	,	1	>
<1117	,	59	,	1	,	8	,	54	,	0	>
<1118	,	59	,	3	,	1	,	67	,	0	>
<1119	,	59	,	3	,	2	,	67	,	2	>
<1120	,	59	,	3	,	3	,	67	,	0	>
<1121	,	59	,	3	,	4	,	67	,	2	>
<1122	,	59	,	3	,	8	,	67	,	0	>
<1123	,	59	,	9	,	1	,	73	,	0	>
<1124	,	59	,	9	,	2	,	73	,	2	>
<1125	,	59	,	9	,	3	,	73	,	0	>
<1126	,	59	,	9	,	4	,	73	,	2	>
<1127	,	59	,	9	,	8	,	73	,	0	>
<1128	,	60	,	2	,	1	,	19	,	0	>
<1129	,	60	,	2	,	5	,	19	,	1	>
<1130	,	60	,	2	,	6	,	19	,	0	>
<1131	,	60	,	3	,	1	,	21	,	0	>
<1132	,	60	,	3	,	5	,	21	,	1	>
<1133	,	60	,	3	,	6	,	21	,	0	>
<1134	,	60	,	4	,	1	,	13	,	0	>
<1135	,	60	,	4	,	5	,	13	,	1	>
<1136	,	60	,	4	,	6	,	13	,	0	>
<1137	,	60	,	5	,	1	,	36	,	0	>
<1138	,	60	,	5	,	5	,	36	,	2	>
<1139	,	60	,	5	,	6	,	36	,	0	>
<1140	,	60	,	7	,	1	,	21	,	0	>
<1141	,	60	,	7	,	5	,	21	,	1	>
<1142	,	60	,	7	,	6	,	21	,	0	>
<1143	,	60	,	9	,	1	,	23	,	0	>
<1144	,	60	,	9	,	5	,	23	,	2	>
<1145	,	60	,	9	,	6	,	23	,	0	>
<1146	,	61	,	5	,	2	,	95	,	0	>
<1147	,	61	,	5	,	4	,	95	,	2	>
<1148	,	61	,	5	,	6	,	95	,	0	>
<1149	,	61	,	5	,	7	,	95	,	2	>
<1150	,	61	,	5	,	8	,	95	,	0	>
<1151	,	61	,	6	,	2	,	96	,	0	>
<1152	,	61	,	6	,	4	,	96	,	2	>
<1153	,	61	,	6	,	6	,	96	,	0	>
<1154	,	61	,	6	,	7	,	96	,	2	>
<1155	,	61	,	6	,	8	,	96	,	0	>
<1156	,	61	,	8	,	2	,	74	,	0	>
<1157	,	61	,	8	,	4	,	74	,	2	>
<1158	,	61	,	8	,	6	,	74	,	0	>
<1159	,	61	,	8	,	7	,	74	,	2	>
<1160	,	61	,	8	,	8	,	74	,	0	>
<1161	,	62	,	1	,	3	,	70	,	0	>
<1162	,	62	,	1	,	4	,	70	,	5	>
<1163	,	62	,	1	,	5	,	70	,	0	>
<1164	,	62	,	2	,	3	,	83	,	0	>
<1165	,	62	,	2	,	4	,	83	,	6	>
<1166	,	62	,	2	,	5	,	83	,	0	>
<1167	,	62	,	3	,	3	,	80	,	0	>
<1168	,	62	,	3	,	4	,	80	,	5	>
<1169	,	62	,	3	,	5	,	80	,	0	>
<1170	,	62	,	4	,	3	,	74	,	0	>
<1171	,	62	,	4	,	4	,	74	,	5	>
<1172	,	62	,	4	,	5	,	74	,	0	>
<1173	,	62	,	9	,	3	,	83	,	0	>
<1174	,	62	,	9	,	4	,	83	,	6	>
<1175	,	62	,	9	,	5	,	83	,	0	>
<1176	,	62	,	10	,	3	,	90	,	0	>
<1177	,	62	,	10	,	4	,	90	,	6	>
<1178	,	62	,	10	,	5	,	90	,	0	>
<1179	,	63	,	1	,	5	,	89	,	0	>
<1180	,	63	,	1	,	7	,	89	,	6	>
<1181	,	63	,	1	,	8	,	89	,	0	>
<1182	,	63	,	2	,	5	,	87	,	0	>
<1183	,	63	,	2	,	7	,	87	,	6	>
<1184	,	63	,	2	,	8	,	87	,	0	>
<1185	,	63	,	3	,	5	,	90	,	0	>
<1186	,	63	,	3	,	7	,	90	,	6	>
<1187	,	63	,	3	,	8	,	90	,	0	>
<1188	,	63	,	4	,	5	,	91	,	0	>
<1189	,	63	,	4	,	7	,	91	,	6	>
<1190	,	63	,	4	,	8	,	91	,	0	>
<1191	,	63	,	10	,	5	,	93	,	0	>
<1192	,	63	,	10	,	7	,	93	,	6	>
<1193	,	63	,	10	,	8	,	93	,	0	>
<1194	,	64	,	5	,	1	,	89	,	0	>
<1195	,	64	,	5	,	2	,	89	,	6	>
<1196	,	64	,	5	,	7	,	89	,	0	>
<1197	,	64	,	7	,	1	,	73	,	0	>
<1198	,	64	,	7	,	2	,	73	,	5	>
<1199	,	64	,	7	,	7	,	73	,	0	>
<1200	,	64	,	8	,	1	,	78	,	0	>
<1201	,	64	,	8	,	2	,	78	,	5	>
<1202	,	64	,	8	,	7	,	78	,	0	>
<1203	,	65	,	5	,	1	,	54	,	0	>
<1204	,	65	,	5	,	2	,	54	,	2	>
<1205	,	65	,	5	,	6	,	54	,	0	>
<1206	,	65	,	5	,	8	,	54	,	2	>
<1207	,	65	,	6	,	1	,	31	,	0	>
<1208	,	65	,	6	,	2	,	31	,	1	>
<1209	,	65	,	6	,	6	,	31	,	0	>
<1210	,	65	,	6	,	8	,	31	,	1	>
<1211	,	65	,	7	,	1	,	29	,	0	>
<1212	,	65	,	7	,	2	,	29	,	1	>
<1213	,	65	,	7	,	6	,	29	,	0	>
<1214	,	65	,	7	,	8	,	29	,	1	>
<1215	,	65	,	9	,	1	,	23	,	0	>
<1216	,	65	,	9	,	2	,	23	,	1	>
<1217	,	65	,	9	,	6	,	23	,	0	>
<1218	,	65	,	9	,	8	,	23	,	1	>
<1219	,	66	,	2	,	2	,	61	,	0	>
<1220	,	66	,	2	,	3	,	61	,	1	>
<1221	,	66	,	2	,	4	,	61	,	0	>
<1222	,	66	,	2	,	6	,	61	,	1	>
<1223	,	66	,	2	,	7	,	61	,	0	>
<1224	,	66	,	4	,	2	,	94	,	0	>
<1225	,	66	,	4	,	3	,	94	,	2	>
<1226	,	66	,	4	,	4	,	94	,	0	>
<1227	,	66	,	4	,	6	,	94	,	2	>
<1228	,	66	,	4	,	7	,	94	,	0	>
<1229	,	66	,	9	,	2	,	89	,	0	>
<1230	,	66	,	9	,	3	,	89	,	2	>
<1231	,	66	,	9	,	4	,	89	,	0	>
<1232	,	66	,	9	,	6	,	89	,	2	>
<1233	,	66	,	9	,	7	,	89	,	0	>
<1234	,	66	,	10	,	2	,	52	,	0	>
<1235	,	66	,	10	,	3	,	52	,	1	>
<1236	,	66	,	10	,	4	,	52	,	0	>
<1237	,	66	,	10	,	6	,	52	,	1	>
<1238	,	66	,	10	,	7	,	52	,	0	>
<1239	,	67	,	1	,	2	,	18	,	0	>
<1240	,	67	,	1	,	7	,	18	,	1	>
<1241	,	67	,	1	,	8	,	18	,	0	>
<1242	,	67	,	2	,	2	,	19	,	0	>
<1243	,	67	,	2	,	7	,	19	,	1	>
<1244	,	67	,	2	,	8	,	19	,	0	>
<1245	,	67	,	3	,	2	,	16	,	0	>
<1246	,	67	,	3	,	7	,	16	,	1	>
<1247	,	67	,	3	,	8	,	16	,	0	>
<1248	,	67	,	5	,	2	,	13	,	0	>
<1249	,	67	,	5	,	7	,	13	,	1	>
<1250	,	67	,	5	,	8	,	13	,	0	>
<1251	,	67	,	6	,	2	,	8	,	0	>
<1252	,	67	,	6	,	7	,	8	,	1	>
<1253	,	67	,	6	,	8	,	8	,	0	>
<1254	,	67	,	10	,	2	,	16	,	0	>
<1255	,	67	,	10	,	7	,	16	,	1	>
<1256	,	67	,	10	,	8	,	16	,	0	>
<1257	,	68	,	3	,	1	,	91	,	0	>
<1258	,	68	,	3	,	2	,	91	,	2	>
<1259	,	68	,	3	,	3	,	91	,	0	>
<1260	,	68	,	3	,	7	,	91	,	2	>
<1261	,	68	,	3	,	8	,	91	,	0	>
<1262	,	68	,	5	,	1	,	66	,	0	>
<1263	,	68	,	5	,	2	,	66	,	2	>
<1264	,	68	,	5	,	3	,	66	,	0	>
<1265	,	68	,	5	,	7	,	66	,	2	>
<1266	,	68	,	5	,	8	,	66	,	0	>
<1267	,	68	,	6	,	1	,	99	,	0	>
<1268	,	68	,	6	,	2	,	99	,	2	>
<1269	,	68	,	6	,	3	,	99	,	0	>
<1270	,	68	,	6	,	7	,	99	,	2	>
<1271	,	68	,	6	,	8	,	99	,	0	>
<1272	,	68	,	7	,	1	,	71	,	0	>
<1273	,	68	,	7	,	2	,	71	,	2	>
<1274	,	68	,	7	,	3	,	71	,	0	>
<1275	,	68	,	7	,	7	,	71	,	2	>
<1276	,	68	,	7	,	8	,	71	,	0	>
<1277	,	68	,	10	,	1	,	82	,	0	>
<1278	,	68	,	10	,	2	,	82	,	2	>
<1279	,	68	,	10	,	3	,	82	,	0	>
<1280	,	68	,	10	,	7	,	82	,	2	>
<1281	,	68	,	10	,	8	,	82	,	0	>
<1282	,	69	,	2	,	1	,	53	,	0	>
<1283	,	69	,	2	,	3	,	53	,	1	>
<1284	,	69	,	2	,	5	,	53	,	0	>
<1285	,	69	,	2	,	6	,	53	,	1	>
<1286	,	69	,	2	,	7	,	53	,	0	>
<1287	,	69	,	3	,	1	,	22	,	0	>
<1288	,	69	,	3	,	3	,	22	,	1	>
<1289	,	69	,	3	,	5	,	22	,	0	>
<1290	,	69	,	3	,	6	,	22	,	1	>
<1291	,	69	,	3	,	7	,	22	,	0	>
<1292	,	69	,	5	,	1	,	41	,	0	>
<1293	,	69	,	5	,	3	,	41	,	1	>
<1294	,	69	,	5	,	5	,	41	,	0	>
<1295	,	69	,	5	,	6	,	41	,	1	>
<1296	,	69	,	5	,	7	,	41	,	0	>
<1297	,	69	,	8	,	1	,	24	,	0	>
<1298	,	69	,	8	,	3	,	24	,	1	>
<1299	,	69	,	8	,	5	,	24	,	0	>
<1300	,	69	,	8	,	6	,	24	,	1	>
<1301	,	69	,	8	,	7	,	24	,	0	>
<1302	,	69	,	10	,	1	,	22	,	0	>
<1303	,	69	,	10	,	3	,	22	,	1	>
<1304	,	69	,	10	,	5	,	22	,	0	>
<1305	,	69	,	10	,	6	,	22	,	1	>
<1306	,	69	,	10	,	7	,	22	,	0	>
<1307	,	70	,	2	,	1	,	82	,	0	>
<1308	,	70	,	2	,	2	,	82	,	2	>
<1309	,	70	,	2	,	3	,	82	,	0	>
<1310	,	70	,	2	,	5	,	82	,	2	>
<1311	,	70	,	2	,	8	,	82	,	0	>
<1312	,	70	,	3	,	1	,	85	,	0	>
<1313	,	70	,	3	,	2	,	85	,	2	>
<1314	,	70	,	3	,	3	,	85	,	0	>
<1315	,	70	,	3	,	5	,	85	,	2	>
<1316	,	70	,	3	,	8	,	85	,	0	>
<1317	,	70	,	4	,	1	,	99	,	0	>
<1318	,	70	,	4	,	2	,	99	,	2	>
<1319	,	70	,	4	,	3	,	99	,	0	>
<1320	,	70	,	4	,	5	,	99	,	2	>
<1321	,	70	,	4	,	8	,	99	,	0	>
<1322	,	70	,	7	,	1	,	98	,	0	>
<1323	,	70	,	7	,	2	,	98	,	2	>
<1324	,	70	,	7	,	3	,	98	,	0	>
<1325	,	70	,	7	,	5	,	98	,	2	>
<1326	,	70	,	7	,	8	,	98	,	0	>
<1327	,	70	,	9	,	1	,	89	,	0	>
<1328	,	70	,	9	,	2	,	89	,	2	>
<1329	,	70	,	9	,	3	,	89	,	0	>
<1330	,	70	,	9	,	5	,	89	,	2	>
<1331	,	70	,	9	,	8	,	89	,	0	>
<1332	,	70	,	10	,	1	,	84	,	0	>
<1333	,	70	,	10	,	2	,	84	,	2	>
<1334	,	70	,	10	,	3	,	84	,	0	>
<1335	,	70	,	10	,	5	,	84	,	2	>
<1336	,	70	,	10	,	8	,	84	,	0	>
<1337	,	71	,	1	,	1	,	70	,	0	>
<1338	,	71	,	1	,	4	,	70	,	2	>
<1339	,	71	,	1	,	5	,	70	,	0	>
<1340	,	71	,	1	,	7	,	70	,	2	>
<1341	,	71	,	1	,	8	,	70	,	0	>
<1342	,	71	,	2	,	1	,	57	,	0	>
<1343	,	71	,	2	,	4	,	57	,	1	>
<1344	,	71	,	2	,	5	,	57	,	0	>
<1345	,	71	,	2	,	7	,	57	,	1	>
<1346	,	71	,	2	,	8	,	57	,	0	>
<1347	,	71	,	3	,	1	,	45	,	0	>
<1348	,	71	,	3	,	4	,	45	,	1	>
<1349	,	71	,	3	,	5	,	45	,	0	>
<1350	,	71	,	3	,	7	,	45	,	1	>
<1351	,	71	,	3	,	8	,	45	,	0	>
<1352	,	71	,	5	,	1	,	29	,	0	>
<1353	,	71	,	5	,	4	,	29	,	1	>
<1354	,	71	,	5	,	5	,	29	,	0	>
<1355	,	71	,	5	,	7	,	29	,	1	>
<1356	,	71	,	5	,	8	,	29	,	0	>
<1357	,	71	,	7	,	1	,	25	,	0	>
<1358	,	71	,	7	,	4	,	25	,	1	>
<1359	,	71	,	7	,	5	,	25	,	0	>
<1360	,	71	,	7	,	7	,	25	,	1	>
<1361	,	71	,	7	,	8	,	25	,	0	>
<1362	,	71	,	8	,	1	,	59	,	0	>
<1363	,	71	,	8	,	4	,	59	,	1	>
<1364	,	71	,	8	,	5	,	59	,	0	>
<1365	,	71	,	8	,	7	,	59	,	1	>
<1366	,	71	,	8	,	8	,	59	,	0	>
<1367	,	71	,	10	,	1	,	42	,	0	>
<1368	,	71	,	10	,	4	,	42	,	1	>
<1369	,	71	,	10	,	5	,	42	,	0	>
<1370	,	71	,	10	,	7	,	42	,	1	>
<1371	,	71	,	10	,	8	,	42	,	0	>
<1372	,	72	,	3	,	1	,	99	,	0	>
<1373	,	72	,	3	,	2	,	99	,	2	>
<1374	,	72	,	3	,	5	,	99	,	0	>
<1375	,	72	,	3	,	6	,	99	,	2	>
<1376	,	72	,	3	,	8	,	99	,	0	>
<1377	,	72	,	4	,	1	,	90	,	0	>
<1378	,	72	,	4	,	2	,	90	,	2	>
<1379	,	72	,	4	,	5	,	90	,	0	>
<1380	,	72	,	4	,	6	,	90	,	2	>
<1381	,	72	,	4	,	8	,	90	,	0	>
<1382	,	72	,	5	,	1	,	83	,	0	>
<1383	,	72	,	5	,	2	,	83	,	2	>
<1384	,	72	,	5	,	5	,	83	,	0	>
<1385	,	72	,	5	,	6	,	83	,	2	>
<1386	,	72	,	5	,	8	,	83	,	0	>
<1387	,	72	,	9	,	1	,	92	,	0	>
<1388	,	72	,	9	,	2	,	92	,	2	>
<1389	,	72	,	9	,	5	,	92	,	0	>
<1390	,	72	,	9	,	6	,	92	,	2	>
<1391	,	72	,	9	,	8	,	92	,	0	>
<1392	,	72	,	10	,	1	,	94	,	0	>
<1393	,	72	,	10	,	2	,	94	,	2	>
<1394	,	72	,	10	,	5	,	94	,	0	>
<1395	,	72	,	10	,	6	,	94	,	2	>
<1396	,	72	,	10	,	8	,	94	,	0	>
<1397	,	73	,	2	,	1	,	83	,	0	>
<1398	,	73	,	2	,	3	,	83	,	2	>
<1399	,	73	,	2	,	5	,	83	,	0	>
<1400	,	73	,	2	,	6	,	83	,	2	>
<1401	,	73	,	2	,	7	,	83	,	0	>
<1402	,	73	,	5	,	1	,	87	,	0	>
<1403	,	73	,	5	,	3	,	87	,	2	>
<1404	,	73	,	5	,	5	,	87	,	0	>
<1405	,	73	,	5	,	6	,	87	,	2	>
<1406	,	73	,	5	,	7	,	87	,	0	>
<1407	,	73	,	6	,	1	,	95	,	0	>
<1408	,	73	,	6	,	3	,	95	,	2	>
<1409	,	73	,	6	,	5	,	95	,	0	>
<1410	,	73	,	6	,	6	,	95	,	2	>
<1411	,	73	,	6	,	7	,	95	,	0	>
<1412	,	73	,	7	,	1	,	78	,	0	>
<1413	,	73	,	7	,	3	,	78	,	2	>
<1414	,	73	,	7	,	5	,	78	,	0	>
<1415	,	73	,	7	,	6	,	78	,	2	>
<1416	,	73	,	7	,	7	,	78	,	0	>
<1417	,	73	,	8	,	1	,	58	,	0	>
<1418	,	73	,	8	,	3	,	58	,	1	>
<1419	,	73	,	8	,	5	,	58	,	0	>
<1420	,	73	,	8	,	6	,	58	,	1	>
<1421	,	73	,	8	,	7	,	58	,	0	>
<1422	,	73	,	9	,	1	,	84	,	0	>
<1423	,	73	,	9	,	3	,	84	,	2	>
<1424	,	73	,	9	,	5	,	84	,	0	>
<1425	,	73	,	9	,	6	,	84	,	2	>
<1426	,	73	,	9	,	7	,	84	,	0	>
<1427	,	73	,	10	,	1	,	83	,	0	>
<1428	,	73	,	10	,	3	,	83	,	2	>
<1429	,	73	,	10	,	5	,	83	,	0	>
<1430	,	73	,	10	,	6	,	83	,	2	>
<1431	,	73	,	10	,	7	,	83	,	0	>
<1432	,	74	,	1	,	2	,	63	,	0	>
<1433	,	74	,	1	,	3	,	63	,	3	>
<1434	,	74	,	1	,	5	,	63	,	0	>
<1435	,	74	,	1	,	7	,	63	,	3	>
<1436	,	74	,	2	,	2	,	35	,	0	>
<1437	,	74	,	2	,	3	,	35	,	1	>
<1438	,	74	,	2	,	5	,	35	,	0	>
<1439	,	74	,	2	,	7	,	35	,	1	>
<1440	,	74	,	6	,	2	,	70	,	0	>
<1441	,	74	,	6	,	3	,	70	,	3	>
<1442	,	74	,	6	,	5	,	70	,	0	>
<1443	,	74	,	6	,	7	,	70	,	3	>
<1444	,	74	,	8	,	2	,	86	,	0	>
<1445	,	74	,	8	,	3	,	86	,	3	>
<1446	,	74	,	8	,	5	,	86	,	0	>
<1447	,	74	,	8	,	7	,	86	,	3	>
<1448	,	74	,	10	,	2	,	80	,	0	>
<1449	,	74	,	10	,	3	,	80	,	3	>
<1450	,	74	,	10	,	5	,	80	,	0	>
<1451	,	74	,	10	,	7	,	80	,	3	>
<1452	,	75	,	1	,	1	,	57	,	0	>
<1453	,	75	,	1	,	3	,	57	,	4	>
<1454	,	75	,	1	,	4	,	57	,	0	>
<1455	,	75	,	3	,	1	,	51	,	0	>
<1456	,	75	,	3	,	3	,	51	,	3	>
<1457	,	75	,	3	,	4	,	51	,	0	>
<1458	,	75	,	5	,	1	,	32	,	0	>
<1459	,	75	,	5	,	3	,	32	,	2	>
<1460	,	75	,	5	,	4	,	32	,	0	>
<1461	,	75	,	6	,	1	,	71	,	0	>
<1462	,	75	,	6	,	3	,	71	,	5	>
<1463	,	75	,	6	,	4	,	71	,	0	>
<1464	,	76	,	1	,	1	,	31	,	0	>
<1465	,	76	,	1	,	2	,	31	,	1	>
<1466	,	76	,	1	,	4	,	31	,	0	>
<1467	,	76	,	1	,	5	,	31	,	1	>
<1468	,	76	,	1	,	7	,	31	,	0	>
<1469	,	76	,	3	,	1	,	51	,	0	>
<1470	,	76	,	3	,	2	,	51	,	1	>
<1471	,	76	,	3	,	4	,	51	,	0	>
<1472	,	76	,	3	,	5	,	51	,	1	>
<1473	,	76	,	3	,	7	,	51	,	0	>
<1474	,	76	,	8	,	1	,	83	,	0	>
<1475	,	76	,	8	,	2	,	83	,	2	>
<1476	,	76	,	8	,	4	,	83	,	0	>
<1477	,	76	,	8	,	5	,	83	,	2	>
<1478	,	76	,	8	,	7	,	83	,	0	>
<1479	,	77	,	3	,	1	,	55	,	0	>
<1480	,	77	,	3	,	3	,	55	,	1	>
<1481	,	77	,	3	,	4	,	55	,	0	>
<1482	,	77	,	3	,	5	,	55	,	1	>
<1483	,	77	,	3	,	7	,	55	,	0	>
<1484	,	77	,	5	,	1	,	66	,	0	>
<1485	,	77	,	5	,	3	,	66	,	2	>
<1486	,	77	,	5	,	4	,	66	,	0	>
<1487	,	77	,	5	,	5	,	66	,	2	>
<1488	,	77	,	5	,	7	,	66	,	0	>
<1489	,	77	,	9	,	1	,	80	,	0	>
<1490	,	77	,	9	,	3	,	80	,	2	>
<1491	,	77	,	9	,	4	,	80	,	0	>
<1492	,	77	,	9	,	5	,	80	,	2	>
<1493	,	77	,	9	,	7	,	80	,	0	>
<1494	,	77	,	10	,	1	,	55	,	0	>
<1495	,	77	,	10	,	3	,	55	,	1	>
<1496	,	77	,	10	,	4	,	55	,	0	>
<1497	,	77	,	10	,	5	,	55	,	1	>
<1498	,	77	,	10	,	7	,	55	,	0	>
<1499	,	78	,	1	,	1	,	44	,	0	>
<1500	,	78	,	1	,	2	,	44	,	2	>
<1501	,	78	,	1	,	5	,	44	,	0	>
<1502	,	78	,	1	,	7	,	44	,	2	>
<1503	,	78	,	2	,	1	,	64	,	0	>
<1504	,	78	,	2	,	2	,	64	,	3	>
<1505	,	78	,	2	,	5	,	64	,	0	>
<1506	,	78	,	2	,	7	,	64	,	3	>
<1507	,	78	,	3	,	1	,	56	,	0	>
<1508	,	78	,	3	,	2	,	56	,	2	>
<1509	,	78	,	3	,	5	,	56	,	0	>
<1510	,	78	,	3	,	7	,	56	,	2	>
<1511	,	78	,	6	,	1	,	44	,	0	>
<1512	,	78	,	6	,	2	,	44	,	2	>
<1513	,	78	,	6	,	5	,	44	,	0	>
<1514	,	78	,	6	,	7	,	44	,	2	>
<1515	,	78	,	7	,	1	,	49	,	0	>
<1516	,	78	,	7	,	2	,	49	,	2	>
<1517	,	78	,	7	,	5	,	49	,	0	>
<1518	,	78	,	7	,	7	,	49	,	2	>
<1519	,	78	,	8	,	1	,	92	,	0	>
<1520	,	78	,	8	,	2	,	92	,	4	>
<1521	,	78	,	8	,	5	,	92	,	0	>
<1522	,	78	,	8	,	7	,	92	,	4	>
<1523	,	79	,	1	,	2	,	84	,	0	>
<1524	,	79	,	1	,	4	,	84	,	6	>
<1525	,	79	,	1	,	7	,	84	,	0	>
<1526	,	79	,	4	,	2	,	81	,	0	>
<1527	,	79	,	4	,	4	,	81	,	5	>
<1528	,	79	,	4	,	7	,	81	,	0	>
<1529	,	79	,	6	,	2	,	83	,	0	>
<1530	,	79	,	6	,	4	,	83	,	6	>
<1531	,	79	,	6	,	7	,	83	,	0	>
<1532	,	79	,	8	,	2	,	89	,	0	>
<1533	,	79	,	8	,	4	,	89	,	6	>
<1534	,	79	,	8	,	7	,	89	,	0	>
<1535	,	79	,	9	,	2	,	81	,	0	>
<1536	,	79	,	9	,	4	,	81	,	5	>
<1537	,	79	,	9	,	7	,	81	,	0	>
<1538	,	79	,	10	,	2	,	84	,	0	>
<1539	,	79	,	10	,	4	,	84	,	6	>
<1540	,	79	,	10	,	7	,	84	,	0	>
<1541	,	80	,	3	,	1	,	54	,	0	>
<1542	,	80	,	3	,	2	,	54	,	1	>
<1543	,	80	,	3	,	3	,	54	,	0	>
<1544	,	80	,	3	,	5	,	54	,	1	>
<1545	,	80	,	3	,	6	,	54	,	0	>
<1546	,	80	,	4	,	1	,	33	,	0	>
<1547	,	80	,	4	,	2	,	33	,	1	>
<1548	,	80	,	4	,	3	,	33	,	0	>
<1549	,	80	,	4	,	5	,	33	,	1	>
<1550	,	80	,	4	,	6	,	33	,	0	>
<1551	,	80	,	5	,	1	,	56	,	0	>
<1552	,	80	,	5	,	2	,	56	,	1	>
<1553	,	80	,	5	,	3	,	56	,	0	>
<1554	,	80	,	5	,	5	,	56	,	1	>
<1555	,	80	,	5	,	6	,	56	,	0	>
<1556	,	80	,	7	,	1	,	84	,	0	>
<1557	,	80	,	7	,	2	,	84	,	2	>
<1558	,	80	,	7	,	3	,	84	,	0	>
<1559	,	80	,	7	,	5	,	84	,	2	>
<1560	,	80	,	7	,	6	,	84	,	0	>
<1561	,	80	,	8	,	1	,	62	,	0	>
<1562	,	80	,	8	,	2	,	62	,	1	>
<1563	,	80	,	8	,	3	,	62	,	0	>
<1564	,	80	,	8	,	5	,	62	,	1	>
<1565	,	80	,	8	,	6	,	62	,	0	>
<1566	,	81	,	1	,	1	,	52	,	0	>
<1567	,	81	,	1	,	2	,	52	,	1	>
<1568	,	81	,	1	,	3	,	52	,	0	>
<1569	,	81	,	1	,	5	,	52	,	1	>
<1570	,	81	,	1	,	6	,	52	,	0	>
<1571	,	81	,	3	,	1	,	50	,	0	>
<1572	,	81	,	3	,	2	,	50	,	1	>
<1573	,	81	,	3	,	3	,	50	,	0	>
<1574	,	81	,	3	,	5	,	50	,	1	>
<1575	,	81	,	3	,	6	,	50	,	0	>
<1576	,	81	,	4	,	1	,	59	,	0	>
<1577	,	81	,	4	,	2	,	59	,	1	>
<1578	,	81	,	4	,	3	,	59	,	0	>
<1579	,	81	,	4	,	5	,	59	,	1	>
<1580	,	81	,	4	,	6	,	59	,	0	>
<1581	,	81	,	5	,	1	,	56	,	0	>
<1582	,	81	,	5	,	2	,	56	,	1	>
<1583	,	81	,	5	,	3	,	56	,	0	>
<1584	,	81	,	5	,	5	,	56	,	1	>
<1585	,	81	,	5	,	6	,	56	,	0	>
<1586	,	81	,	8	,	1	,	69	,	0	>
<1587	,	81	,	8	,	2	,	69	,	2	>
<1588	,	81	,	8	,	3	,	69	,	0	>
<1589	,	81	,	8	,	5	,	69	,	2	>
<1590	,	81	,	8	,	6	,	69	,	0	>
<1591	,	81	,	10	,	1	,	23	,	0	>
<1592	,	81	,	10	,	2	,	23	,	1	>
<1593	,	81	,	10	,	3	,	23	,	0	>
<1594	,	81	,	10	,	5	,	23	,	1	>
<1595	,	81	,	10	,	6	,	23	,	0	>
<1596	,	82	,	1	,	1	,	62	,	0	>
<1597	,	82	,	1	,	2	,	62	,	2	>
<1598	,	82	,	1	,	4	,	62	,	0	>
<1599	,	82	,	1	,	8	,	62	,	2	>
<1600	,	82	,	2	,	1	,	93	,	0	>
<1601	,	82	,	2	,	2	,	93	,	4	>
<1602	,	82	,	2	,	4	,	93	,	0	>
<1603	,	82	,	2	,	8	,	93	,	4	>
<1604	,	82	,	6	,	1	,	62	,	0	>
<1605	,	82	,	6	,	2	,	62	,	2	>
<1606	,	82	,	6	,	4	,	62	,	0	>
<1607	,	82	,	6	,	8	,	62	,	2	>
<1608	,	82	,	8	,	1	,	92	,	0	>
<1609	,	82	,	8	,	2	,	92	,	4	>
<1610	,	82	,	8	,	4	,	92	,	0	>
<1611	,	82	,	8	,	8	,	92	,	4	>
<1612	,	82	,	9	,	1	,	93	,	0	>
<1613	,	82	,	9	,	2	,	93	,	4	>
<1614	,	82	,	9	,	4	,	93	,	0	>
<1615	,	82	,	9	,	8	,	93	,	4	>
<1616	,	82	,	10	,	1	,	94	,	0	>
<1617	,	82	,	10	,	2	,	94	,	4	>
<1618	,	82	,	10	,	4	,	94	,	0	>
<1619	,	82	,	10	,	8	,	94	,	4	>
<1620	,	83	,	5	,	2	,	93	,	0	>
<1621	,	83	,	5	,	6	,	93	,	6	>
<1622	,	83	,	5	,	7	,	93	,	0	>
<1623	,	83	,	8	,	2	,	38	,	0	>
<1624	,	83	,	8	,	6	,	38	,	3	>
<1625	,	83	,	8	,	7	,	38	,	0	>
<1626	,	83	,	9	,	2	,	64	,	0	>
<1627	,	83	,	9	,	6	,	64	,	4	>
<1628	,	83	,	9	,	7	,	64	,	0	>
<1629	,	84	,	2	,	1	,	95	,	0	>
<1630	,	84	,	2	,	5	,	95	,	4	>
<1631	,	84	,	2	,	6	,	95	,	0	>
<1632	,	84	,	2	,	8	,	95	,	4	>
<1633	,	84	,	3	,	1	,	96	,	0	>
<1634	,	84	,	3	,	5	,	96	,	4	>
<1635	,	84	,	3	,	6	,	96	,	0	>
<1636	,	84	,	3	,	8	,	96	,	4	>
<1637	,	84	,	6	,	1	,	86	,	0	>
<1638	,	84	,	6	,	5	,	86	,	3	>
<1639	,	84	,	6	,	6	,	86	,	0	>
<1640	,	84	,	6	,	8	,	86	,	3	>
<1641	,	84	,	7	,	1	,	89	,	0	>
<1642	,	84	,	7	,	5	,	89	,	4	>
<1643	,	84	,	7	,	6	,	89	,	0	>
<1644	,	84	,	7	,	8	,	89	,	4	>
<1645	,	85	,	6	,	2	,	90	,	0	>
<1646	,	85	,	6	,	4	,	90	,	6	>
<1647	,	85	,	6	,	6	,	90	,	0	>
<1648	,	85	,	8	,	2	,	85	,	0	>
<1649	,	85	,	8	,	4	,	85	,	6	>
<1650	,	85	,	8	,	6	,	85	,	0	>
<1651	,	85	,	10	,	2	,	96	,	0	>
<1652	,	85	,	10	,	4	,	96	,	6	>
<1653	,	85	,	10	,	6	,	96	,	0	>
<1654	,	86	,	3	,	1	,	67	,	0	>
<1655	,	86	,	3	,	4	,	67	,	3	>
<1656	,	86	,	3	,	5	,	67	,	0	>
<1657	,	86	,	3	,	8	,	67	,	3	>
<1658	,	86	,	7	,	1	,	95	,	0	>
<1659	,	86	,	7	,	4	,	95	,	4	>
<1660	,	86	,	7	,	5	,	95	,	0	>
<1661	,	86	,	7	,	8	,	95	,	4	>
<1662	,	86	,	8	,	1	,	38	,	0	>
<1663	,	86	,	8	,	4	,	38	,	2	>
<1664	,	86	,	8	,	5	,	38	,	0	>
<1665	,	86	,	8	,	8	,	38	,	2	>
<1666	,	87	,	2	,	5	,	52	,	0	>
<1667	,	87	,	2	,	6	,	52	,	3	>
<1668	,	87	,	2	,	7	,	52	,	0	>
<1669	,	87	,	3	,	5	,	48	,	0	>
<1670	,	87	,	3	,	6	,	48	,	3	>
<1671	,	87	,	3	,	7	,	48	,	0	>
<1672	,	87	,	5	,	5	,	55	,	0	>
<1673	,	87	,	5	,	6	,	55	,	4	>
<1674	,	87	,	5	,	7	,	55	,	0	>
<1675	,	87	,	7	,	5	,	67	,	0	>
<1676	,	87	,	7	,	6	,	67	,	4	>
<1677	,	87	,	7	,	7	,	67	,	0	>
<1678	,	88	,	2	,	1	,	21	,	0	>
<1679	,	88	,	2	,	2	,	21	,	1	>
<1680	,	88	,	2	,	4	,	21	,	0	>
<1681	,	88	,	2	,	7	,	21	,	1	>
<1682	,	88	,	3	,	1	,	19	,	0	>
<1683	,	88	,	3	,	2	,	19	,	1	>
<1684	,	88	,	3	,	4	,	19	,	0	>
<1685	,	88	,	3	,	7	,	19	,	1	>
<1686	,	88	,	4	,	1	,	46	,	0	>
<1687	,	88	,	4	,	2	,	46	,	2	>
<1688	,	88	,	4	,	4	,	46	,	0	>
<1689	,	88	,	4	,	7	,	46	,	2	>
<1690	,	88	,	5	,	1	,	37	,	0	>
<1691	,	88	,	5	,	2	,	37	,	1	>
<1692	,	88	,	5	,	4	,	37	,	0	>
<1693	,	88	,	5	,	7	,	37	,	1	>
<1694	,	88	,	6	,	1	,	48	,	0	>
<1695	,	88	,	6	,	2	,	48	,	2	>
<1696	,	88	,	6	,	4	,	48	,	0	>
<1697	,	88	,	6	,	7	,	48	,	2	>
<1698	,	88	,	9	,	1	,	55	,	0	>
<1699	,	88	,	9	,	2	,	55	,	2	>
<1700	,	88	,	9	,	4	,	55	,	0	>
<1701	,	88	,	9	,	7	,	55	,	2	>
<1702	,	88	,	10	,	1	,	42	,	0	>
<1703	,	88	,	10	,	2	,	42	,	2	>
<1704	,	88	,	10	,	4	,	42	,	0	>
<1705	,	88	,	10	,	7	,	42	,	2	>
<1706	,	89	,	3	,	4	,	1	,	0	>
<1707	,	89	,	3	,	7	,	1	,	0	>
<1708	,	89	,	3	,	8	,	1	,	0	>
<1709	,	89	,	4	,	4	,	1	,	0	>
<1710	,	89	,	4	,	7	,	1	,	0	>
<1711	,	89	,	4	,	8	,	1	,	0	>
<1712	,	89	,	9	,	4	,	3	,	0	>
<1713	,	89	,	9	,	7	,	3	,	0	>
<1714	,	89	,	9	,	8	,	3	,	0	>
<1715	,	90	,	1	,	4	,	12	,	0	>
<1716	,	90	,	1	,	5	,	12	,	1	>
<1717	,	90	,	1	,	7	,	12	,	0	>
<1718	,	90	,	5	,	4	,	31	,	0	>
<1719	,	90	,	5	,	5	,	31	,	2	>
<1720	,	90	,	5	,	7	,	31	,	0	>
<1721	,	90	,	8	,	4	,	19	,	0	>
<1722	,	90	,	8	,	5	,	19	,	1	>
<1723	,	90	,	8	,	7	,	19	,	0	>
<1724	,	91	,	1	,	1	,	95	,	0	>
<1725	,	91	,	1	,	2	,	95	,	4	>
<1726	,	91	,	1	,	5	,	95	,	0	>
<1727	,	91	,	1	,	8	,	95	,	4	>
<1728	,	91	,	2	,	1	,	90	,	0	>
<1729	,	91	,	2	,	2	,	90	,	4	>
<1730	,	91	,	2	,	5	,	90	,	0	>
<1731	,	91	,	2	,	8	,	90	,	4	>
<1732	,	91	,	3	,	1	,	82	,	0	>
<1733	,	91	,	3	,	2	,	82	,	3	>
<1734	,	91	,	3	,	5	,	82	,	0	>
<1735	,	91	,	3	,	8	,	82	,	3	>
<1736	,	91	,	6	,	1	,	85	,	0	>
<1737	,	91	,	6	,	2	,	85	,	3	>
<1738	,	91	,	6	,	5	,	85	,	0	>
<1739	,	91	,	6	,	8	,	85	,	3	>
<1740	,	91	,	7	,	1	,	73	,	0	>
<1741	,	91	,	7	,	2	,	73	,	3	>
<1742	,	91	,	7	,	5	,	73	,	0	>
<1743	,	91	,	7	,	8	,	73	,	3	>
<1744	,	91	,	8	,	1	,	81	,	0	>
<1745	,	91	,	8	,	2	,	81	,	3	>
<1746	,	91	,	8	,	5	,	81	,	0	>
<1747	,	91	,	8	,	8	,	81	,	3	>
<1748	,	91	,	9	,	1	,	86	,	0	>
<1749	,	91	,	9	,	2	,	86	,	3	>
<1750	,	91	,	9	,	5	,	86	,	0	>
<1751	,	91	,	9	,	8	,	86	,	3	>
<1752	,	92	,	1	,	1	,	98	,	0	>
<1753	,	92	,	1	,	2	,	98	,	7	>
<1754	,	92	,	1	,	6	,	98	,	0	>
<1755	,	92	,	2	,	1	,	95	,	0	>
<1756	,	92	,	2	,	2	,	95	,	6	>
<1757	,	92	,	2	,	6	,	95	,	0	>
<1758	,	92	,	3	,	1	,	56	,	0	>
<1759	,	92	,	3	,	2	,	56	,	4	>
<1760	,	92	,	3	,	6	,	56	,	0	>
<1761	,	92	,	5	,	1	,	70	,	0	>
<1762	,	92	,	5	,	2	,	70	,	5	>
<1763	,	92	,	5	,	6	,	70	,	0	>
<1764	,	92	,	6	,	1	,	89	,	0	>
<1765	,	92	,	6	,	2	,	89	,	6	>
<1766	,	92	,	6	,	6	,	89	,	0	>
<1767	,	92	,	9	,	1	,	89	,	0	>
<1768	,	92	,	9	,	2	,	89	,	6	>
<1769	,	92	,	9	,	6	,	89	,	0	>
<1770	,	92	,	10	,	1	,	74	,	0	>
<1771	,	92	,	10	,	2	,	74	,	5	>
<1772	,	92	,	10	,	6	,	74	,	0	>
<1773	,	93	,	3	,	3	,	89	,	0	>
<1774	,	93	,	3	,	4	,	89	,	6	>
<1775	,	93	,	3	,	8	,	89	,	0	>
<1776	,	93	,	7	,	3	,	90	,	0	>
<1777	,	93	,	7	,	4	,	90	,	6	>
<1778	,	93	,	7	,	8	,	90	,	0	>
<1779	,	93	,	8	,	3	,	93	,	0	>
<1780	,	93	,	8	,	4	,	93	,	6	>
<1781	,	93	,	8	,	8	,	93	,	0	>
<1782	,	93	,	9	,	3	,	94	,	0	>
<1783	,	93	,	9	,	4	,	94	,	6	>
<1784	,	93	,	9	,	8	,	94	,	0	>
<1785	,	94	,	1	,	1	,	53	,	0	>
<1786	,	94	,	1	,	3	,	53	,	1	>
<1787	,	94	,	1	,	6	,	53	,	0	>
<1788	,	94	,	1	,	7	,	53	,	1	>
<1789	,	94	,	1	,	8	,	53	,	0	>
<1790	,	94	,	4	,	1	,	63	,	0	>
<1791	,	94	,	4	,	3	,	63	,	2	>
<1792	,	94	,	4	,	6	,	63	,	0	>
<1793	,	94	,	4	,	7	,	63	,	2	>
<1794	,	94	,	4	,	8	,	63	,	0	>
<1795	,	94	,	9	,	1	,	89	,	0	>
<1796	,	94	,	9	,	3	,	89	,	2	>
<1797	,	94	,	9	,	6	,	89	,	0	>
<1798	,	94	,	9	,	7	,	89	,	2	>
<1799	,	94	,	9	,	8	,	89	,	0	>
<1800	,	95	,	2	,	4	,	85	,	0	>
<1801	,	95	,	2	,	5	,	85	,	3	>
<1802	,	95	,	2	,	6	,	85	,	0	>
<1803	,	95	,	2	,	7	,	85	,	3	>
<1804	,	95	,	4	,	4	,	78	,	0	>
<1805	,	95	,	4	,	5	,	78	,	3	>
<1806	,	95	,	4	,	6	,	78	,	0	>
<1807	,	95	,	4	,	7	,	78	,	3	>
<1808	,	95	,	7	,	4	,	67	,	0	>
<1809	,	95	,	7	,	5	,	67	,	3	>
<1810	,	95	,	7	,	6	,	67	,	0	>
<1811	,	95	,	7	,	7	,	67	,	3	>
<1812	,	95	,	9	,	4	,	70	,	0	>
<1813	,	95	,	9	,	5	,	70	,	3	>
<1814	,	95	,	9	,	6	,	70	,	0	>
<1815	,	95	,	9	,	7	,	70	,	3	>
<1816	,	96	,	3	,	3	,	88	,	0	>
<1817	,	96	,	3	,	4	,	88	,	6	>
<1818	,	96	,	3	,	7	,	88	,	0	>
<1819	,	96	,	4	,	3	,	92	,	0	>
<1820	,	96	,	4	,	4	,	92	,	6	>
<1821	,	96	,	4	,	7	,	92	,	0	>
<1822	,	96	,	7	,	3	,	76	,	0	>
<1823	,	96	,	7	,	4	,	76	,	5	>
<1824	,	96	,	7	,	7	,	76	,	0	>
<1825	,	96	,	8	,	3	,	83	,	0	>
<1826	,	96	,	8	,	4	,	83	,	6	>
<1827	,	96	,	8	,	7	,	83	,	0	>
<1828	,	97	,	2	,	1	,	53	,	0	>
<1829	,	97	,	2	,	5	,	53	,	4	>
<1830	,	97	,	2	,	6	,	53	,	0	>
<1831	,	97	,	4	,	1	,	62	,	0	>
<1832	,	97	,	4	,	5	,	62	,	4	>
<1833	,	97	,	4	,	6	,	62	,	0	>
<1834	,	97	,	5	,	1	,	95	,	0	>
<1835	,	97	,	5	,	5	,	95	,	6	>
<1836	,	97	,	5	,	6	,	95	,	0	>
<1837	,	97	,	6	,	1	,	96	,	0	>
<1838	,	97	,	6	,	5	,	96	,	6	>
<1839	,	97	,	6	,	6	,	96	,	0	>
<1840	,	97	,	8	,	1	,	87	,	0	>
<1841	,	97	,	8	,	5	,	87	,	6	>
<1842	,	97	,	8	,	6	,	87	,	0	>
<1843	,	97	,	9	,	1	,	50	,	0	>
<1844	,	97	,	9	,	5	,	50	,	3	>
<1845	,	97	,	9	,	6	,	50	,	0	>
<1846	,	98	,	1	,	1	,	55	,	0	>
<1847	,	98	,	1	,	3	,	55	,	2	>
<1848	,	98	,	1	,	7	,	55	,	0	>
<1849	,	98	,	1	,	8	,	55	,	2	>
<1850	,	98	,	3	,	1	,	93	,	0	>
<1851	,	98	,	3	,	3	,	93	,	4	>
<1852	,	98	,	3	,	7	,	93	,	0	>
<1853	,	98	,	3	,	8	,	93	,	4	>
<1854	,	98	,	4	,	1	,	47	,	0	>
<1855	,	98	,	4	,	3	,	47	,	2	>
<1856	,	98	,	4	,	7	,	47	,	0	>
<1857	,	98	,	4	,	8	,	47	,	2	>
<1858	,	98	,	6	,	1	,	87	,	0	>
<1859	,	98	,	6	,	3	,	87	,	3	>
<1860	,	98	,	6	,	7	,	87	,	0	>
<1861	,	98	,	6	,	8	,	87	,	3	>
<1862	,	98	,	10	,	1	,	66	,	0	>
<1863	,	98	,	10	,	3	,	66	,	3	>
<1864	,	98	,	10	,	7	,	66	,	0	>
<1865	,	98	,	10	,	8	,	66	,	3	>
<1866	,	99	,	1	,	2	,	94	,	0	>
<1867	,	99	,	1	,	3	,	94	,	4	>
<1868	,	99	,	1	,	4	,	94	,	0	>
<1869	,	99	,	1	,	6	,	94	,	4	>
<1870	,	99	,	7	,	2	,	94	,	0	>
<1871	,	99	,	7	,	3	,	94	,	4	>
<1872	,	99	,	7	,	4	,	94	,	0	>
<1873	,	99	,	7	,	6	,	94	,	4	>
<1874	,	99	,	8	,	2	,	93	,	0	>
<1875	,	99	,	8	,	3	,	93	,	4	>
<1876	,	99	,	8	,	4	,	93	,	0	>
<1877	,	99	,	8	,	6	,	93	,	4	>
<1878	,	99	,	10	,	2	,	73	,	0	>
<1879	,	99	,	10	,	3	,	73	,	3	>
<1880	,	99	,	10	,	4	,	73	,	0	>
<1881	,	99	,	10	,	6	,	73	,	3	>
<1882	,	100	,	3	,	1	,	83	,	0	>
<1883	,	100	,	3	,	3	,	83	,	2	>
<1884	,	100	,	3	,	4	,	83	,	0	>
<1885	,	100	,	3	,	5	,	83	,	2	>
<1886	,	100	,	3	,	8	,	83	,	0	>
<1887	,	100	,	5	,	1	,	94	,	0	>
<1888	,	100	,	5	,	3	,	94	,	2	>
<1889	,	100	,	5	,	4	,	94	,	0	>
<1890	,	100	,	5	,	5	,	94	,	2	>
<1891	,	100	,	5	,	8	,	94	,	0	>
<1892	,	100	,	9	,	1	,	87	,	0	>
<1893	,	100	,	9	,	3	,	87	,	2	>
<1894	,	100	,	9	,	4	,	87	,	0	>
<1895	,	100	,	9	,	5	,	87	,	2	>
<1896	,	100	,	9	,	8	,	87	,	0	>
<1897	,	101	,	1	,	1	,	22	,	0	>
<1898	,	101	,	1	,	5	,	22	,	1	>
<1899	,	101	,	1	,	7	,	22	,	0	>
<1900	,	101	,	3	,	1	,	27	,	0	>
<1901	,	101	,	3	,	5	,	27	,	2	>
<1902	,	101	,	3	,	7	,	27	,	0	>
<1903	,	101	,	5	,	1	,	12	,	0	>
<1904	,	101	,	5	,	5	,	12	,	1	>
<1905	,	101	,	5	,	7	,	12	,	0	>
<1906	,	101	,	6	,	1	,	11	,	0	>
<1907	,	101	,	6	,	5	,	11	,	1	>
<1908	,	101	,	6	,	7	,	11	,	0	>
<1909	,	101	,	7	,	1	,	32	,	0	>
<1910	,	101	,	7	,	5	,	32	,	2	>
<1911	,	101	,	7	,	7	,	32	,	0	>
<1912	,	102	,	1	,	1	,	99	,	0	>
<1913	,	102	,	1	,	5	,	99	,	4	>
<1914	,	102	,	1	,	7	,	99	,	0	>
<1915	,	102	,	1	,	8	,	99	,	4	>
<1916	,	102	,	2	,	1	,	76	,	0	>
<1917	,	102	,	2	,	5	,	76	,	3	>
<1918	,	102	,	2	,	7	,	76	,	0	>
<1919	,	102	,	2	,	8	,	76	,	3	>
<1920	,	102	,	6	,	1	,	81	,	0	>
<1921	,	102	,	6	,	5	,	81	,	3	>
<1922	,	102	,	6	,	7	,	81	,	0	>
<1923	,	102	,	6	,	8	,	81	,	3	>
<1924	,	102	,	7	,	1	,	76	,	0	>
<1925	,	102	,	7	,	5	,	76	,	3	>
<1926	,	102	,	7	,	7	,	76	,	0	>
<1927	,	102	,	7	,	8	,	76	,	3	>
<1928	,	102	,	10	,	1	,	99	,	0	>
<1929	,	102	,	10	,	5	,	99	,	4	>
<1930	,	102	,	10	,	7	,	99	,	0	>
<1931	,	102	,	10	,	8	,	99	,	4	>
<1932	,	103	,	1	,	4	,	86	,	0	>
<1933	,	103	,	1	,	5	,	86	,	6	>
<1934	,	103	,	1	,	8	,	86	,	0	>
<1935	,	103	,	4	,	4	,	40	,	0	>
<1936	,	103	,	4	,	5	,	40	,	3	>
<1937	,	103	,	4	,	8	,	40	,	0	>
<1938	,	103	,	6	,	4	,	40	,	0	>
<1939	,	103	,	6	,	5	,	40	,	3	>
<1940	,	103	,	6	,	8	,	40	,	0	>
<1941	,	103	,	7	,	4	,	41	,	0	>
<1942	,	103	,	7	,	5	,	41	,	3	>
<1943	,	103	,	7	,	8	,	41	,	0	>
<1944	,	104	,	1	,	2	,	91	,	0	>
<1945	,	104	,	1	,	3	,	91	,	4	>
<1946	,	104	,	1	,	4	,	91	,	0	>
<1947	,	104	,	1	,	7	,	91	,	4	>
<1948	,	104	,	4	,	2	,	70	,	0	>
<1949	,	104	,	4	,	3	,	70	,	3	>
<1950	,	104	,	4	,	4	,	70	,	0	>
<1951	,	104	,	4	,	7	,	70	,	3	>
<1952	,	104	,	5	,	2	,	78	,	0	>
<1953	,	104	,	5	,	3	,	78	,	3	>
<1954	,	104	,	5	,	4	,	78	,	0	>
<1955	,	104	,	5	,	7	,	78	,	3	>
<1956	,	104	,	7	,	2	,	70	,	0	>
<1957	,	104	,	7	,	3	,	70	,	3	>
<1958	,	104	,	7	,	4	,	70	,	0	>
<1959	,	104	,	7	,	7	,	70	,	3	>
<1960	,	105	,	1	,	4	,	44	,	0	>
<1961	,	105	,	1	,	5	,	44	,	3	>
<1962	,	105	,	1	,	8	,	44	,	0	>
<1963	,	105	,	5	,	4	,	25	,	0	>
<1964	,	105	,	5	,	5	,	25	,	2	>
<1965	,	105	,	5	,	8	,	25	,	0	>
<1966	,	105	,	9	,	4	,	40	,	0	>
<1967	,	105	,	9	,	5	,	40	,	3	>
<1968	,	105	,	9	,	8	,	40	,	0	>
<1969	,	105	,	10	,	4	,	23	,	0	>
<1970	,	105	,	10	,	5	,	23	,	2	>
<1971	,	105	,	10	,	8	,	23	,	0	>
<1972	,	106	,	2	,	3	,	79	,	0	>
<1973	,	106	,	2	,	4	,	79	,	5	>
<1974	,	106	,	2	,	7	,	79	,	0	>
<1975	,	106	,	3	,	3	,	95	,	0	>
<1976	,	106	,	3	,	4	,	95	,	6	>
<1977	,	106	,	3	,	7	,	95	,	0	>
<1978	,	106	,	4	,	3	,	76	,	0	>
<1979	,	106	,	4	,	4	,	76	,	5	>
<1980	,	106	,	4	,	7	,	76	,	0	>
<1981	,	106	,	5	,	3	,	87	,	0	>
<1982	,	106	,	5	,	4	,	87	,	6	>
<1983	,	106	,	5	,	7	,	87	,	0	>
<1984	,	106	,	8	,	3	,	80	,	0	>
<1985	,	106	,	8	,	4	,	80	,	5	>
<1986	,	106	,	8	,	7	,	80	,	0	>
<1987	,	106	,	9	,	3	,	75	,	0	>
<1988	,	106	,	9	,	4	,	75	,	5	>
<1989	,	106	,	9	,	7	,	75	,	0	>
<1990	,	106	,	10	,	3	,	86	,	0	>
<1991	,	106	,	10	,	4	,	86	,	6	>
<1992	,	106	,	10	,	7	,	86	,	0	>
<1993	,	107	,	1	,	2	,	51	,	0	>
<1994	,	107	,	1	,	3	,	51	,	2	>
<1995	,	107	,	1	,	4	,	51	,	0	>
<1996	,	107	,	1	,	6	,	51	,	2	>
<1997	,	107	,	2	,	2	,	60	,	0	>
<1998	,	107	,	2	,	3	,	60	,	2	>
<1999	,	107	,	2	,	4	,	60	,	0	>
<2000	,	107	,	2	,	6	,	60	,	2	>
<2001	,	107	,	4	,	2	,	59	,	0	>
<2002	,	107	,	4	,	3	,	59	,	2	>
<2003	,	107	,	4	,	4	,	59	,	0	>
<2004	,	107	,	4	,	6	,	59	,	2	>
<2005	,	107	,	6	,	2	,	53	,	0	>
<2006	,	107	,	6	,	3	,	53	,	2	>
<2007	,	107	,	6	,	4	,	53	,	0	>
<2008	,	107	,	6	,	6	,	53	,	2	>
<2009	,	107	,	7	,	2	,	69	,	0	>
<2010	,	107	,	7	,	3	,	69	,	3	>
<2011	,	107	,	7	,	4	,	69	,	0	>
<2012	,	107	,	7	,	6	,	69	,	3	>
<2013	,	107	,	9	,	2	,	47	,	0	>
<2014	,	107	,	9	,	3	,	47	,	2	>
<2015	,	107	,	9	,	4	,	47	,	0	>
<2016	,	107	,	9	,	6	,	47	,	2	>
<2017	,	108	,	1	,	1	,	90	,	0	>
<2018	,	108	,	1	,	3	,	90	,	2	>
<2019	,	108	,	1	,	4	,	90	,	0	>
<2020	,	108	,	1	,	5	,	90	,	2	>
<2021	,	108	,	1	,	7	,	90	,	0	>
<2022	,	108	,	2	,	1	,	97	,	0	>
<2023	,	108	,	2	,	3	,	97	,	2	>
<2024	,	108	,	2	,	4	,	97	,	0	>
<2025	,	108	,	2	,	5	,	97	,	2	>
<2026	,	108	,	2	,	7	,	97	,	0	>
<2027	,	108	,	4	,	1	,	54	,	0	>
<2028	,	108	,	4	,	3	,	54	,	1	>
<2029	,	108	,	4	,	4	,	54	,	0	>
<2030	,	108	,	4	,	5	,	54	,	1	>
<2031	,	108	,	4	,	7	,	54	,	0	>
<2032	,	108	,	9	,	1	,	76	,	0	>
<2033	,	108	,	9	,	3	,	76	,	2	>
<2034	,	108	,	9	,	4	,	76	,	0	>
<2035	,	108	,	9	,	5	,	76	,	2	>
<2036	,	108	,	9	,	7	,	76	,	0	>
<2037	,	108	,	10	,	1	,	79	,	0	>
<2038	,	108	,	10	,	3	,	79	,	2	>
<2039	,	108	,	10	,	4	,	79	,	0	>
<2040	,	108	,	10	,	5	,	79	,	2	>
<2041	,	108	,	10	,	7	,	79	,	0	>
<2042	,	109	,	3	,	1	,	11	,	0	>
<2043	,	109	,	3	,	2	,	11	,	0	>
<2044	,	109	,	3	,	7	,	11	,	0	>
<2045	,	109	,	3	,	8	,	11	,	0	>
<2046	,	109	,	5	,	1	,	7	,	0	>
<2047	,	109	,	5	,	2	,	7	,	0	>
<2048	,	109	,	5	,	7	,	7	,	0	>
<2049	,	109	,	5	,	8	,	7	,	0	>
<2050	,	109	,	6	,	1	,	4	,	0	>
<2051	,	109	,	6	,	2	,	4	,	0	>
<2052	,	109	,	6	,	7	,	4	,	0	>
<2053	,	109	,	6	,	8	,	4	,	0	>
<2054	,	109	,	7	,	1	,	5	,	0	>
<2055	,	109	,	7	,	2	,	5	,	0	>
<2056	,	109	,	7	,	7	,	5	,	0	>
<2057	,	109	,	7	,	8	,	5	,	0	>
<2058	,	109	,	9	,	1	,	8	,	0	>
<2059	,	109	,	9	,	2	,	8	,	0	>
<2060	,	109	,	9	,	7	,	8	,	0	>
<2061	,	109	,	9	,	8	,	8	,	0	>
<2062	,	110	,	1	,	2	,	50	,	0	>
<2063	,	110	,	1	,	4	,	50	,	2	>
<2064	,	110	,	1	,	5	,	50	,	0	>
<2065	,	110	,	1	,	6	,	50	,	2	>
<2066	,	110	,	2	,	2	,	62	,	0	>
<2067	,	110	,	2	,	4	,	62	,	2	>
<2068	,	110	,	2	,	5	,	62	,	0	>
<2069	,	110	,	2	,	6	,	62	,	2	>
<2070	,	110	,	3	,	2	,	40	,	0	>
<2071	,	110	,	3	,	4	,	40	,	2	>
<2072	,	110	,	3	,	5	,	40	,	0	>
<2073	,	110	,	3	,	6	,	40	,	2	>
<2074	,	110	,	4	,	2	,	23	,	0	>
<2075	,	110	,	4	,	4	,	23	,	1	>
<2076	,	110	,	4	,	5	,	23	,	0	>
<2077	,	110	,	4	,	6	,	23	,	1	>
<2078	,	110	,	5	,	2	,	49	,	0	>
<2079	,	110	,	5	,	4	,	49	,	2	>
<2080	,	110	,	5	,	5	,	49	,	0	>
<2081	,	110	,	5	,	6	,	49	,	2	>
<2082	,	110	,	7	,	2	,	47	,	0	>
<2083	,	110	,	7	,	4	,	47	,	2	>
<2084	,	110	,	7	,	5	,	47	,	0	>
<2085	,	110	,	7	,	6	,	47	,	2	>
<2086	,	110	,	10	,	2	,	24	,	0	>
<2087	,	110	,	10	,	4	,	24	,	1	>
<2088	,	110	,	10	,	5	,	24	,	0	>
<2089	,	110	,	10	,	6	,	24	,	1	>
<2090	,	111	,	3	,	3	,	98	,	0	>
<2091	,	111	,	3	,	6	,	98	,	7	>
<2092	,	111	,	3	,	8	,	98	,	0	>
<2093	,	111	,	8	,	3	,	90	,	0	>
<2094	,	111	,	8	,	6	,	90	,	6	>
<2095	,	111	,	8	,	8	,	90	,	0	>
<2096	,	111	,	10	,	3	,	91	,	0	>
<2097	,	111	,	10	,	6	,	91	,	6	>
<2098	,	111	,	10	,	8	,	91	,	0	>
<2099	,	112	,	1	,	1	,	23	,	0	>
<2100	,	112	,	1	,	4	,	23	,	2	>
<2101	,	112	,	1	,	6	,	23	,	0	>
<2102	,	112	,	3	,	1	,	25	,	0	>
<2103	,	112	,	3	,	4	,	25	,	2	>
<2104	,	112	,	3	,	6	,	25	,	0	>
<2105	,	112	,	6	,	1	,	17	,	0	>
<2106	,	112	,	6	,	4	,	17	,	1	>
<2107	,	112	,	6	,	6	,	17	,	0	>
<2108	,	112	,	7	,	1	,	12	,	0	>
<2109	,	112	,	7	,	4	,	12	,	1	>
<2110	,	112	,	7	,	6	,	12	,	0	>
<2111	,	112	,	9	,	1	,	26	,	0	>
<2112	,	112	,	9	,	4	,	26	,	2	>
<2113	,	112	,	9	,	6	,	26	,	0	>
<2114	,	113	,	3	,	2	,	81	,	0	>
<2115	,	113	,	3	,	4	,	81	,	3	>
<2116	,	113	,	3	,	6	,	81	,	0	>
<2117	,	113	,	3	,	7	,	81	,	3	>
<2118	,	113	,	4	,	2	,	63	,	0	>
<2119	,	113	,	4	,	4	,	63	,	3	>
<2120	,	113	,	4	,	6	,	63	,	0	>
<2121	,	113	,	4	,	7	,	63	,	3	>
<2122	,	113	,	5	,	2	,	58	,	0	>
<2123	,	113	,	5	,	4	,	58	,	2	>
<2124	,	113	,	5	,	6	,	58	,	0	>
<2125	,	113	,	5	,	7	,	58	,	2	>
<2126	,	113	,	6	,	2	,	55	,	0	>
<2127	,	113	,	6	,	4	,	55	,	2	>
<2128	,	113	,	6	,	6	,	55	,	0	>
<2129	,	113	,	6	,	7	,	55	,	2	>
<2130	,	113	,	7	,	2	,	93	,	0	>
<2131	,	113	,	7	,	4	,	93	,	4	>
<2132	,	113	,	7	,	6	,	93	,	0	>
<2133	,	113	,	7	,	7	,	93	,	4	>
<2134	,	113	,	10	,	2	,	71	,	0	>
<2135	,	113	,	10	,	4	,	71	,	3	>
<2136	,	113	,	10	,	6	,	71	,	0	>
<2137	,	113	,	10	,	7	,	71	,	3	>
};



