// XtraLGS y resolución directa de hecho_DAFJS27_drc_W7_lets_see5_127ops9m7w12jobs.txt: 2483 modos mks1034 en 14h35min
// 23mar25 19:02 ¿?¿?
IS_ALOBRUTO=1;


// DAFJS27   hecho_DAFJS27_drc_W7_lets_see5_127ops9m7w12jobs.txt
//        Ntaks, nMachs, nWORKERs
Params = 	<127, 9,  7>;

precedences ={
<	1	,	3	,	0	>,
<	2	,	3	,	0	>,
<	3	,	4	,	0	>,
<	4	,	5	,	0	>,
<	5	,	6	,	0	>,
<	6	,	7	,	0	>,
<	8	,	9	,	0	>,
<	9	,	12	,	0	>,
<	10	,	11	,	0	>,
<	11	,	12	,	0	>,
<	12	,	13	,	0	>,
<	13	,	14	,	0	>,
<	14	,	15	,	0	>,
<	15	,	16	,	0	>,
<	17	,	18	,	0	>,
<	18	,	19	,	0	>,
<	19	,	22	,	0	>,
<	18	,	20	,	0	>,
<	20	,	22	,	0	>,
<	18	,	21	,	0	>,
<	21	,	22	,	0	>,
<	22	,	23	,	0	>,
<	24	,	25	,	0	>,
<	25	,	26	,	0	>,
<	26	,	27	,	0	>,
<	27	,	36	,	0	>,
<	28	,	29	,	0	>,
<	29	,	30	,	0	>,
<	30	,	31	,	0	>,
<	31	,	36	,	0	>,
<	32	,	33	,	0	>,
<	33	,	34	,	0	>,
<	34	,	35	,	0	>,
<	35	,	36	,	0	>,
<	36	,	37	,	0	>,
<	37	,	38	,	0	>,
<	39	,	41	,	0	>,
<	40	,	41	,	0	>,
<	41	,	42	,	0	>,
<	42	,	43	,	0	>,
<	43	,	44	,	0	>,
<	44	,	45	,	0	>,
<	45	,	46	,	0	>,
<	47	,	48	,	0	>,
<	48	,	49	,	0	>,
<	49	,	50	,	0	>,
<	50	,	51	,	0	>,
<	51	,	52	,	0	>,
<	52	,	53	,	0	>,
<	53	,	68	,	0	>,
<	54	,	55	,	0	>,
<	55	,	56	,	0	>,
<	56	,	57	,	0	>,
<	57	,	58	,	0	>,
<	58	,	59	,	0	>,
<	59	,	60	,	0	>,
<	60	,	68	,	0	>,
<	61	,	62	,	0	>,
<	62	,	63	,	0	>,
<	63	,	64	,	0	>,
<	64	,	65	,	0	>,
<	65	,	66	,	0	>,
<	66	,	67	,	0	>,
<	67	,	68	,	0	>,
<	69	,	70	,	0	>,
<	70	,	71	,	0	>,
<	71	,	72	,	0	>,
<	72	,	73	,	0	>,
<	73	,	79	,	0	>,
<	74	,	75	,	0	>,
<	75	,	76	,	0	>,
<	76	,	77	,	0	>,
<	77	,	78	,	0	>,
<	78	,	79	,	0	>,
<	79	,	80	,	0	>,
<	80	,	81	,	0	>,
<	82	,	85	,	0	>,
<	83	,	85	,	0	>,
<	84	,	85	,	0	>,
<	85	,	86	,	0	>,
<	86	,	87	,	0	>,
<	87	,	88	,	0	>,
<	88	,	89	,	0	>,
<	90	,	91	,	0	>,
<	91	,	92	,	0	>,
<	92	,	93	,	0	>,
<	93	,	94	,	0	>,
<	92	,	95	,	0	>,
<	95	,	96	,	0	>,
<	92	,	97	,	0	>,
<	97	,	98	,	0	>,
<	99	,	100	,	0	>,
<	100	,	101	,	0	>,
<	101	,	102	,	0	>,
<	102	,	103	,	0	>,
<	103	,	104	,	0	>,
<	104	,	107	,	0	>,
<	102	,	105	,	0	>,
<	105	,	106	,	0	>,
<	106	,	107	,	0	>,
<	107	,	108	,	0	>,
<	109	,	110	,	0	>,
<	110	,	111	,	0	>,
<	111	,	115	,	0	>,
<	112	,	113	,	0	>,
<	113	,	114	,	0	>,
<	114	,	115	,	0	>,
<	115	,	116	,	0	>,
<	117	,	118	,	0	>,
<	118	,	119	,	0	>,
<	119	,	120	,	0	>,
<	120	,	121	,	0	>,
<	121	,	122	,	0	>,
<	122	,	123	,	0	>,
<	123	,	124	,	0	>,
<	124	,	125	,	0	>,
<	123	,	126	,	0	>,
<	126	,	127	,	0	>
};

Modes = {
<0	,	1	,	1		,	2	,	51	,	0	>
<1	,	1	,	1		,	3	,	51	,	2	>
<2	,	1	,	1		,	4	,	51	,	0	>
<3	,	1	,	3		,	2	,	81	,	0	>
<4	,	1	,	3		,	3	,	81	,	4	>
<5	,	1	,	3		,	4	,	81	,	0	>
<6	,	1	,	4		,	2	,	88	,	0	>
<7	,	1	,	4		,	3	,	88	,	4	>
<8	,	1	,	4		,	4	,	88	,	0	>
<9	,	1	,	5		,	2	,	61	,	0	>
<10	,	1	,	5		,	3	,	61	,	3	>
<11	,	1	,	5		,	4	,	61	,	0	>
<12	,	1	,	8		,	2	,	80	,	0	>
<13	,	1	,	8		,	3	,	80	,	4	>
<14	,	1	,	8		,	4	,	80	,	0	>
<15	,	1	,	9		,	2	,	92	,	0	>
<16	,	1	,	9		,	3	,	92	,	4	>
<17	,	1	,	9		,	4	,	92	,	0	>
<18	,	2	,	1		,	1	,	95	,	0	>
<19	,	2	,	1		,	2	,	95	,	2	>
<20	,	2	,	1		,	6	,	95	,	0	>
<21	,	2	,	1		,	7	,	95	,	2	>
<22	,	2	,	3		,	1	,	96	,	0	>
<23	,	2	,	3		,	2	,	96	,	3	>
<24	,	2	,	3		,	6	,	96	,	0	>
<25	,	2	,	3		,	7	,	96	,	3	>
<26	,	2	,	4		,	1	,	98	,	0	>
<27	,	2	,	4		,	2	,	98	,	3	>
<28	,	2	,	4		,	6	,	98	,	0	>
<29	,	2	,	4		,	7	,	98	,	3	>
<30	,	2	,	5		,	1	,	96	,	0	>
<31	,	2	,	5		,	2	,	96	,	3	>
<32	,	2	,	5		,	6	,	96	,	0	>
<33	,	2	,	5		,	7	,	96	,	3	>
<34	,	2	,	6		,	1	,	93	,	0	>
<35	,	2	,	6		,	2	,	93	,	2	>
<36	,	2	,	6		,	6	,	93	,	0	>
<37	,	2	,	6		,	7	,	93	,	2	>
<38	,	2	,	7		,	1	,	95	,	0	>
<39	,	2	,	7		,	2	,	95	,	2	>
<40	,	2	,	7		,	6	,	95	,	0	>
<41	,	2	,	7		,	7	,	95	,	2	>
<42	,	3	,	2		,	2	,	95	,	0	>
<43	,	3	,	2		,	3	,	95	,	1	>
<44	,	3	,	2		,	4	,	95	,	0	>
<45	,	3	,	2		,	5	,	95	,	1	>
<46	,	3	,	2		,	7	,	95	,	0	>
<47	,	3	,	6		,	2	,	82	,	0	>
<48	,	3	,	6		,	3	,	82	,	1	>
<49	,	3	,	6		,	4	,	82	,	0	>
<50	,	3	,	6		,	5	,	82	,	1	>
<51	,	3	,	6		,	7	,	82	,	0	>
<52	,	3	,	7		,	2	,	96	,	0	>
<53	,	3	,	7		,	3	,	96	,	1	>
<54	,	3	,	7		,	4	,	96	,	0	>
<55	,	3	,	7		,	5	,	96	,	1	>
<56	,	3	,	7		,	7	,	96	,	0	>
<57	,	3	,	8		,	2	,	90	,	0	>
<58	,	3	,	8		,	3	,	90	,	1	>
<59	,	3	,	8		,	4	,	90	,	0	>
<60	,	3	,	8		,	5	,	90	,	1	>
<61	,	3	,	8		,	7	,	90	,	0	>
<62	,	4	,	1		,	3	,	60	,	0	>
<63	,	4	,	1		,	6	,	60	,	3	>
<64	,	4	,	1		,	7	,	60	,	0	>
<65	,	4	,	3		,	3	,	69	,	0	>
<66	,	4	,	3		,	6	,	69	,	3	>
<67	,	4	,	3		,	7	,	69	,	0	>
<68	,	4	,	5		,	3	,	57	,	0	>
<69	,	4	,	5		,	6	,	57	,	3	>
<70	,	4	,	5		,	7	,	57	,	0	>
<71	,	4	,	6		,	3	,	45	,	0	>
<72	,	4	,	6		,	6	,	45	,	2	>
<73	,	4	,	6		,	7	,	45	,	0	>
<74	,	4	,	7		,	3	,	37	,	0	>
<75	,	4	,	7		,	6	,	37	,	2	>
<76	,	4	,	7		,	7	,	37	,	0	>
<77	,	4	,	8		,	3	,	47	,	0	>
<78	,	4	,	8		,	6	,	47	,	2	>
<79	,	4	,	8		,	7	,	47	,	0	>
<80	,	5	,	2		,	3	,	96	,	0	>
<81	,	5	,	2		,	4	,	96	,	3	>
<82	,	5	,	2		,	5	,	96	,	0	>
<83	,	5	,	2		,	6	,	96	,	3	>
<84	,	5	,	5		,	3	,	88	,	0	>
<85	,	5	,	5		,	4	,	88	,	2	>
<86	,	5	,	5		,	5	,	88	,	0	>
<87	,	5	,	5		,	6	,	88	,	2	>
<88	,	5	,	6		,	3	,	99	,	0	>
<89	,	5	,	6		,	4	,	99	,	3	>
<90	,	5	,	6		,	5	,	99	,	0	>
<91	,	5	,	6		,	6	,	99	,	3	>
<92	,	5	,	8		,	3	,	92	,	0	>
<93	,	5	,	8		,	4	,	92	,	2	>
<94	,	5	,	8		,	5	,	92	,	0	>
<95	,	5	,	8		,	6	,	92	,	2	>
<96	,	5	,	9		,	3	,	93	,	0	>
<97	,	5	,	9		,	4	,	93	,	2	>
<98	,	5	,	9		,	5	,	93	,	0	>
<99	,	5	,	9		,	6	,	93	,	2	>
<100	,	6	,	1		,	4	,	93	,	0	>
<101	,	6	,	1		,	5	,	93	,	4	>
<102	,	6	,	1		,	7	,	93	,	0	>
<103	,	6	,	4		,	4	,	77	,	0	>
<104	,	6	,	4		,	5	,	77	,	4	>
<105	,	6	,	4		,	7	,	77	,	0	>
<106	,	6	,	5		,	4	,	98	,	0	>
<107	,	6	,	5		,	5	,	98	,	5	>
<108	,	6	,	5		,	7	,	98	,	0	>
<109	,	6	,	6		,	4	,	75	,	0	>
<110	,	6	,	6		,	5	,	75	,	4	>
<111	,	6	,	6		,	7	,	75	,	0	>
<112	,	6	,	7		,	4	,	96	,	0	>
<113	,	6	,	7		,	5	,	96	,	4	>
<114	,	6	,	7		,	7	,	96	,	0	>
<115	,	7	,	1		,	1	,	89	,	0	>
<116	,	7	,	1		,	2	,	89	,	1	>
<117	,	7	,	1		,	3	,	89	,	0	>
<118	,	7	,	1		,	5	,	89	,	1	>
<119	,	7	,	1		,	6	,	89	,	0	>
<120	,	7	,	3		,	1	,	81	,	0	>
<121	,	7	,	3		,	2	,	81	,	1	>
<122	,	7	,	3		,	3	,	81	,	0	>
<123	,	7	,	3		,	5	,	81	,	1	>
<124	,	7	,	3		,	6	,	81	,	0	>
<125	,	7	,	5		,	1	,	76	,	0	>
<126	,	7	,	5		,	2	,	76	,	1	>
<127	,	7	,	5		,	3	,	76	,	0	>
<128	,	7	,	5		,	5	,	76	,	1	>
<129	,	7	,	5		,	6	,	76	,	0	>
<130	,	7	,	7		,	1	,	95	,	0	>
<131	,	7	,	7		,	2	,	95	,	1	>
<132	,	7	,	7		,	3	,	95	,	0	>
<133	,	7	,	7		,	5	,	95	,	1	>
<134	,	7	,	7		,	6	,	95	,	0	>
<135	,	8	,	1		,	1	,	95	,	0	>
<136	,	8	,	1		,	2	,	95	,	1	>
<137	,	8	,	1		,	3	,	95	,	0	>
<138	,	8	,	1		,	5	,	95	,	1	>
<139	,	8	,	1		,	7	,	95	,	0	>
<140	,	8	,	3		,	1	,	90	,	0	>
<141	,	8	,	3		,	2	,	90	,	1	>
<142	,	8	,	3		,	3	,	90	,	0	>
<143	,	8	,	3		,	5	,	90	,	1	>
<144	,	8	,	3		,	7	,	90	,	0	>
<145	,	8	,	5		,	1	,	89	,	0	>
<146	,	8	,	5		,	2	,	89	,	1	>
<147	,	8	,	5		,	3	,	89	,	0	>
<148	,	8	,	5		,	5	,	89	,	1	>
<149	,	8	,	5		,	7	,	89	,	0	>
<150	,	8	,	6		,	1	,	92	,	0	>
<151	,	8	,	6		,	2	,	92	,	1	>
<152	,	8	,	6		,	3	,	92	,	0	>
<153	,	8	,	6		,	5	,	92	,	1	>
<154	,	8	,	6		,	7	,	92	,	0	>
<155	,	8	,	7		,	1	,	92	,	0	>
<156	,	8	,	7		,	2	,	92	,	1	>
<157	,	8	,	7		,	3	,	92	,	0	>
<158	,	8	,	7		,	5	,	92	,	1	>
<159	,	8	,	7		,	7	,	92	,	0	>
<160	,	8	,	8		,	1	,	93	,	0	>
<161	,	8	,	8		,	2	,	93	,	1	>
<162	,	8	,	8		,	3	,	93	,	0	>
<163	,	8	,	8		,	5	,	93	,	1	>
<164	,	8	,	8		,	7	,	93	,	0	>
<165	,	9	,	1		,	1	,	69	,	0	>
<166	,	9	,	1		,	2	,	69	,	2	>
<167	,	9	,	1		,	3	,	69	,	0	>
<168	,	9	,	1		,	5	,	69	,	2	>
<169	,	9	,	3		,	1	,	29	,	0	>
<170	,	9	,	3		,	2	,	29	,	1	>
<171	,	9	,	3		,	3	,	29	,	0	>
<172	,	9	,	3		,	5	,	29	,	1	>
<173	,	9	,	4		,	1	,	35	,	0	>
<174	,	9	,	4		,	2	,	35	,	1	>
<175	,	9	,	4		,	3	,	35	,	0	>
<176	,	9	,	4		,	5	,	35	,	1	>
<177	,	9	,	5		,	1	,	28	,	0	>
<178	,	9	,	5		,	2	,	28	,	1	>
<179	,	9	,	5		,	3	,	28	,	0	>
<180	,	9	,	5		,	5	,	28	,	1	>
<181	,	9	,	6		,	1	,	79	,	0	>
<182	,	9	,	6		,	2	,	79	,	2	>
<183	,	9	,	6		,	3	,	79	,	0	>
<184	,	9	,	6		,	5	,	79	,	2	>
<185	,	9	,	8		,	1	,	36	,	0	>
<186	,	9	,	8		,	2	,	36	,	1	>
<187	,	9	,	8		,	3	,	36	,	0	>
<188	,	9	,	8		,	5	,	36	,	1	>
<189	,	10	,	1		,	1	,	85	,	0	>
<190	,	10	,	1		,	5	,	85	,	4	>
<191	,	10	,	1		,	6	,	85	,	0	>
<192	,	10	,	2		,	1	,	94	,	0	>
<193	,	10	,	2		,	5	,	94	,	4	>
<194	,	10	,	2		,	6	,	94	,	0	>
<195	,	10	,	3		,	1	,	90	,	0	>
<196	,	10	,	3		,	5	,	90	,	4	>
<197	,	10	,	3		,	6	,	90	,	0	>
<198	,	10	,	5		,	1	,	86	,	0	>
<199	,	10	,	5		,	5	,	86	,	4	>
<200	,	10	,	5		,	6	,	86	,	0	>
<201	,	10	,	6		,	1	,	86	,	0	>
<202	,	10	,	6		,	5	,	86	,	4	>
<203	,	10	,	6		,	6	,	86	,	0	>
<204	,	11	,	1		,	2	,	41	,	0	>
<205	,	11	,	1		,	5	,	41	,	2	>
<206	,	11	,	1		,	7	,	41	,	0	>
<207	,	11	,	2		,	2	,	92	,	0	>
<208	,	11	,	2		,	5	,	92	,	4	>
<209	,	11	,	2		,	7	,	92	,	0	>
<210	,	11	,	4		,	2	,	60	,	0	>
<211	,	11	,	4		,	5	,	60	,	3	>
<212	,	11	,	4		,	7	,	60	,	0	>
<213	,	11	,	5		,	2	,	68	,	0	>
<214	,	11	,	5		,	5	,	68	,	3	>
<215	,	11	,	5		,	7	,	68	,	0	>
<216	,	11	,	9		,	2	,	51	,	0	>
<217	,	11	,	9		,	5	,	51	,	2	>
<218	,	11	,	9		,	7	,	51	,	0	>
<219	,	12	,	1		,	2	,	82	,	0	>
<220	,	12	,	1		,	3	,	82	,	1	>
<221	,	12	,	1		,	5	,	82	,	0	>
<222	,	12	,	1		,	6	,	82	,	1	>
<223	,	12	,	1		,	7	,	82	,	0	>
<224	,	12	,	2		,	2	,	99	,	0	>
<225	,	12	,	2		,	3	,	99	,	1	>
<226	,	12	,	2		,	5	,	99	,	0	>
<227	,	12	,	2		,	6	,	99	,	1	>
<228	,	12	,	2		,	7	,	99	,	0	>
<229	,	12	,	3		,	2	,	97	,	0	>
<230	,	12	,	3		,	3	,	97	,	1	>
<231	,	12	,	3		,	5	,	97	,	0	>
<232	,	12	,	3		,	6	,	97	,	1	>
<233	,	12	,	3		,	7	,	97	,	0	>
<234	,	12	,	4		,	2	,	80	,	0	>
<235	,	12	,	4		,	3	,	80	,	1	>
<236	,	12	,	4		,	5	,	80	,	0	>
<237	,	12	,	4		,	6	,	80	,	1	>
<238	,	12	,	4		,	7	,	80	,	0	>
<239	,	12	,	6		,	2	,	87	,	0	>
<240	,	12	,	6		,	3	,	87	,	1	>
<241	,	12	,	6		,	5	,	87	,	0	>
<242	,	12	,	6		,	6	,	87	,	1	>
<243	,	12	,	6		,	7	,	87	,	0	>
<244	,	13	,	1		,	4	,	73	,	0	>
<245	,	13	,	1		,	5	,	73	,	3	>
<246	,	13	,	1		,	6	,	73	,	0	>
<247	,	13	,	3		,	4	,	73	,	0	>
<248	,	13	,	3		,	5	,	73	,	3	>
<249	,	13	,	3		,	6	,	73	,	0	>
<250	,	13	,	4		,	4	,	81	,	0	>
<251	,	13	,	4		,	5	,	81	,	4	>
<252	,	13	,	4		,	6	,	81	,	0	>
<253	,	13	,	5		,	4	,	91	,	0	>
<254	,	13	,	5		,	5	,	91	,	4	>
<255	,	13	,	5		,	6	,	91	,	0	>
<256	,	13	,	9		,	4	,	73	,	0	>
<257	,	13	,	9		,	5	,	73	,	3	>
<258	,	13	,	9		,	6	,	73	,	0	>
<259	,	14	,	1		,	2	,	12	,	0	>
<260	,	14	,	1		,	3	,	12	,	1	>
<261	,	14	,	1		,	7	,	12	,	0	>
<262	,	14	,	4		,	2	,	11	,	0	>
<263	,	14	,	4		,	3	,	11	,	1	>
<264	,	14	,	4		,	7	,	11	,	0	>
<265	,	14	,	5		,	2	,	14	,	0	>
<266	,	14	,	5		,	3	,	14	,	1	>
<267	,	14	,	5		,	7	,	14	,	0	>
<268	,	14	,	7		,	2	,	16	,	0	>
<269	,	14	,	7		,	3	,	16	,	1	>
<270	,	14	,	7		,	7	,	16	,	0	>
<271	,	14	,	8		,	2	,	33	,	0	>
<272	,	14	,	8		,	3	,	33	,	2	>
<273	,	14	,	8		,	7	,	33	,	0	>
<274	,	15	,	1		,	2	,	93	,	0	>
<275	,	15	,	1		,	3	,	93	,	1	>
<276	,	15	,	1		,	4	,	93	,	0	>
<277	,	15	,	1		,	5	,	93	,	1	>
<278	,	15	,	1		,	6	,	93	,	0	>
<279	,	15	,	2		,	2	,	97	,	0	>
<280	,	15	,	2		,	3	,	97	,	1	>
<281	,	15	,	2		,	4	,	97	,	0	>
<282	,	15	,	2		,	5	,	97	,	1	>
<283	,	15	,	2		,	6	,	97	,	0	>
<284	,	15	,	3		,	2	,	98	,	0	>
<285	,	15	,	3		,	3	,	98	,	1	>
<286	,	15	,	3		,	4	,	98	,	0	>
<287	,	15	,	3		,	5	,	98	,	1	>
<288	,	15	,	3		,	6	,	98	,	0	>
<289	,	15	,	6		,	2	,	93	,	0	>
<290	,	15	,	6		,	3	,	93	,	1	>
<291	,	15	,	6		,	4	,	93	,	0	>
<292	,	15	,	6		,	5	,	93	,	1	>
<293	,	15	,	6		,	6	,	93	,	0	>
<294	,	15	,	7		,	2	,	93	,	0	>
<295	,	15	,	7		,	3	,	93	,	1	>
<296	,	15	,	7		,	4	,	93	,	0	>
<297	,	15	,	7		,	5	,	93	,	1	>
<298	,	15	,	7		,	6	,	93	,	0	>
<299	,	16	,	2		,	1	,	61	,	0	>
<300	,	16	,	2		,	2	,	61	,	2	>
<301	,	16	,	2		,	5	,	61	,	0	>
<302	,	16	,	2		,	7	,	61	,	2	>
<303	,	16	,	3		,	1	,	68	,	0	>
<304	,	16	,	3		,	2	,	68	,	2	>
<305	,	16	,	3		,	5	,	68	,	0	>
<306	,	16	,	3		,	7	,	68	,	2	>
<307	,	16	,	4		,	1	,	36	,	0	>
<308	,	16	,	4		,	2	,	36	,	1	>
<309	,	16	,	4		,	5	,	36	,	0	>
<310	,	16	,	4		,	7	,	36	,	1	>
<311	,	16	,	7		,	1	,	52	,	0	>
<312	,	16	,	7		,	2	,	52	,	1	>
<313	,	16	,	7		,	5	,	52	,	0	>
<314	,	16	,	7		,	7	,	52	,	1	>
<315	,	16	,	8		,	1	,	40	,	0	>
<316	,	16	,	8		,	2	,	40	,	1	>
<317	,	16	,	8		,	5	,	40	,	0	>
<318	,	16	,	8		,	7	,	40	,	1	>
<319	,	16	,	9		,	1	,	81	,	0	>
<320	,	16	,	9		,	2	,	81	,	2	>
<321	,	16	,	9		,	5	,	81	,	0	>
<322	,	16	,	9		,	7	,	81	,	2	>
<323	,	17	,	3		,	1	,	6	,	0	>
<324	,	17	,	3		,	2	,	6	,	0	>
<325	,	17	,	3		,	7	,	6	,	0	>
<326	,	17	,	5		,	1	,	12	,	0	>
<327	,	17	,	5		,	2	,	12	,	1	>
<328	,	17	,	5		,	7	,	12	,	0	>
<329	,	17	,	6		,	1	,	4	,	0	>
<330	,	17	,	6		,	2	,	4	,	0	>
<331	,	17	,	6		,	7	,	4	,	0	>
<332	,	17	,	7		,	1	,	4	,	0	>
<333	,	17	,	7		,	2	,	4	,	0	>
<334	,	17	,	7		,	7	,	4	,	0	>
<335	,	18	,	1		,	2	,	72	,	0	>
<336	,	18	,	1		,	3	,	72	,	3	>
<337	,	18	,	1		,	4	,	72	,	0	>
<338	,	18	,	2		,	2	,	56	,	0	>
<339	,	18	,	2		,	3	,	56	,	3	>
<340	,	18	,	2		,	4	,	56	,	0	>
<341	,	18	,	6		,	2	,	82	,	0	>
<342	,	18	,	6		,	3	,	82	,	4	>
<343	,	18	,	6		,	4	,	82	,	0	>
<344	,	18	,	7		,	2	,	88	,	0	>
<345	,	18	,	7		,	3	,	88	,	4	>
<346	,	18	,	7		,	4	,	88	,	0	>
<347	,	18	,	8		,	2	,	57	,	0	>
<348	,	18	,	8		,	3	,	57	,	3	>
<349	,	18	,	8		,	4	,	57	,	0	>
<350	,	18	,	9		,	2	,	79	,	0	>
<351	,	18	,	9		,	3	,	79	,	4	>
<352	,	18	,	9		,	4	,	79	,	0	>
<353	,	19	,	5		,	1	,	81	,	0	>
<354	,	19	,	5		,	3	,	81	,	1	>
<355	,	19	,	5		,	4	,	81	,	0	>
<356	,	19	,	5		,	6	,	81	,	1	>
<357	,	19	,	5		,	7	,	81	,	0	>
<358	,	19	,	6		,	1	,	88	,	0	>
<359	,	19	,	6		,	3	,	88	,	1	>
<360	,	19	,	6		,	4	,	88	,	0	>
<361	,	19	,	6		,	6	,	88	,	1	>
<362	,	19	,	6		,	7	,	88	,	0	>
<363	,	19	,	7		,	1	,	88	,	0	>
<364	,	19	,	7		,	3	,	88	,	1	>
<365	,	19	,	7		,	4	,	88	,	0	>
<366	,	19	,	7		,	6	,	88	,	1	>
<367	,	19	,	7		,	7	,	88	,	0	>
<368	,	19	,	8		,	1	,	85	,	0	>
<369	,	19	,	8		,	3	,	85	,	1	>
<370	,	19	,	8		,	4	,	85	,	0	>
<371	,	19	,	8		,	6	,	85	,	1	>
<372	,	19	,	8		,	7	,	85	,	0	>
<373	,	19	,	9		,	1	,	90	,	0	>
<374	,	19	,	9		,	3	,	90	,	1	>
<375	,	19	,	9		,	4	,	90	,	0	>
<376	,	19	,	9		,	6	,	90	,	1	>
<377	,	19	,	9		,	7	,	90	,	0	>
<378	,	20	,	1		,	1	,	60	,	0	>
<379	,	20	,	1		,	2	,	60	,	1	>
<380	,	20	,	1		,	3	,	60	,	0	>
<381	,	20	,	1		,	4	,	60	,	1	>
<382	,	20	,	1		,	7	,	60	,	0	>
<383	,	20	,	3		,	1	,	50	,	0	>
<384	,	20	,	3		,	2	,	50	,	1	>
<385	,	20	,	3		,	3	,	50	,	0	>
<386	,	20	,	3		,	4	,	50	,	1	>
<387	,	20	,	3		,	7	,	50	,	0	>
<388	,	20	,	4		,	1	,	39	,	0	>
<389	,	20	,	4		,	2	,	39	,	1	>
<390	,	20	,	4		,	3	,	39	,	0	>
<391	,	20	,	4		,	4	,	39	,	1	>
<392	,	20	,	4		,	7	,	39	,	0	>
<393	,	20	,	5		,	1	,	39	,	0	>
<394	,	20	,	5		,	2	,	39	,	1	>
<395	,	20	,	5		,	3	,	39	,	0	>
<396	,	20	,	5		,	4	,	39	,	1	>
<397	,	20	,	5		,	7	,	39	,	0	>
<398	,	20	,	7		,	1	,	43	,	0	>
<399	,	20	,	7		,	2	,	43	,	1	>
<400	,	20	,	7		,	3	,	43	,	0	>
<401	,	20	,	7		,	4	,	43	,	1	>
<402	,	20	,	7		,	7	,	43	,	0	>
<403	,	20	,	8		,	1	,	95	,	0	>
<404	,	20	,	8		,	2	,	95	,	1	>
<405	,	20	,	8		,	3	,	95	,	0	>
<406	,	20	,	8		,	4	,	95	,	1	>
<407	,	20	,	8		,	7	,	95	,	0	>
<408	,	21	,	2		,	1	,	90	,	0	>
<409	,	21	,	2		,	4	,	90	,	4	>
<410	,	21	,	2		,	6	,	90	,	0	>
<411	,	21	,	3		,	1	,	56	,	0	>
<412	,	21	,	3		,	4	,	56	,	3	>
<413	,	21	,	3		,	6	,	56	,	0	>
<414	,	21	,	5		,	1	,	99	,	0	>
<415	,	21	,	5		,	4	,	99	,	5	>
<416	,	21	,	5		,	6	,	99	,	0	>
<417	,	21	,	6		,	1	,	86	,	0	>
<418	,	21	,	6		,	4	,	86	,	4	>
<419	,	21	,	6		,	6	,	86	,	0	>
<420	,	21	,	8		,	1	,	92	,	0	>
<421	,	21	,	8		,	4	,	92	,	4	>
<422	,	21	,	8		,	6	,	92	,	0	>
<423	,	22	,	1		,	2	,	19	,	0	>
<424	,	22	,	1		,	3	,	19	,	0	>
<425	,	22	,	1		,	4	,	19	,	0	>
<426	,	22	,	1		,	5	,	19	,	0	>
<427	,	22	,	1		,	6	,	19	,	0	>
<428	,	22	,	3		,	2	,	22	,	0	>
<429	,	22	,	3		,	3	,	22	,	0	>
<430	,	22	,	3		,	4	,	22	,	0	>
<431	,	22	,	3		,	5	,	22	,	0	>
<432	,	22	,	3		,	6	,	22	,	0	>
<433	,	22	,	4		,	2	,	19	,	0	>
<434	,	22	,	4		,	3	,	19	,	0	>
<435	,	22	,	4		,	4	,	19	,	0	>
<436	,	22	,	4		,	5	,	19	,	0	>
<437	,	22	,	4		,	6	,	19	,	0	>
<438	,	22	,	6		,	2	,	57	,	0	>
<439	,	22	,	6		,	3	,	57	,	1	>
<440	,	22	,	6		,	4	,	57	,	0	>
<441	,	22	,	6		,	5	,	57	,	1	>
<442	,	22	,	6		,	6	,	57	,	0	>
<443	,	22	,	8		,	2	,	36	,	0	>
<444	,	22	,	8		,	3	,	36	,	1	>
<445	,	22	,	8		,	4	,	36	,	0	>
<446	,	22	,	8		,	5	,	36	,	1	>
<447	,	22	,	8		,	6	,	36	,	0	>
<448	,	22	,	9		,	2	,	34	,	0	>
<449	,	22	,	9		,	3	,	34	,	0	>
<450	,	22	,	9		,	4	,	34	,	0	>
<451	,	22	,	9		,	5	,	34	,	0	>
<452	,	22	,	9		,	6	,	34	,	0	>
<453	,	23	,	1		,	3	,	89	,	0	>
<454	,	23	,	1		,	4	,	89	,	4	>
<455	,	23	,	1		,	5	,	89	,	0	>
<456	,	23	,	2		,	3	,	62	,	0	>
<457	,	23	,	2		,	4	,	62	,	3	>
<458	,	23	,	2		,	5	,	62	,	0	>
<459	,	23	,	5		,	3	,	44	,	0	>
<460	,	23	,	5		,	4	,	44	,	2	>
<461	,	23	,	5		,	5	,	44	,	0	>
<462	,	23	,	8		,	3	,	64	,	0	>
<463	,	23	,	8		,	4	,	64	,	3	>
<464	,	23	,	8		,	5	,	64	,	0	>
<465	,	23	,	9		,	3	,	37	,	0	>
<466	,	23	,	9		,	4	,	37	,	2	>
<467	,	23	,	9		,	5	,	37	,	0	>
<468	,	24	,	3		,	1	,	67	,	0	>
<469	,	24	,	3		,	2	,	67	,	1	>
<470	,	24	,	3		,	3	,	67	,	0	>
<471	,	24	,	3		,	5	,	67	,	1	>
<472	,	24	,	3		,	6	,	67	,	0	>
<473	,	24	,	4		,	1	,	77	,	0	>
<474	,	24	,	4		,	2	,	77	,	1	>
<475	,	24	,	4		,	3	,	77	,	0	>
<476	,	24	,	4		,	5	,	77	,	1	>
<477	,	24	,	4		,	6	,	77	,	0	>
<478	,	24	,	5		,	1	,	61	,	0	>
<479	,	24	,	5		,	2	,	61	,	1	>
<480	,	24	,	5		,	3	,	61	,	0	>
<481	,	24	,	5		,	5	,	61	,	1	>
<482	,	24	,	5		,	6	,	61	,	0	>
<483	,	24	,	6		,	1	,	62	,	0	>
<484	,	24	,	6		,	2	,	62	,	1	>
<485	,	24	,	6		,	3	,	62	,	0	>
<486	,	24	,	6		,	5	,	62	,	1	>
<487	,	24	,	6		,	6	,	62	,	0	>
<488	,	24	,	8		,	1	,	86	,	0	>
<489	,	24	,	8		,	2	,	86	,	1	>
<490	,	24	,	8		,	3	,	86	,	0	>
<491	,	24	,	8		,	5	,	86	,	1	>
<492	,	24	,	8		,	6	,	86	,	0	>
<493	,	24	,	9		,	1	,	83	,	0	>
<494	,	24	,	9		,	2	,	83	,	1	>
<495	,	24	,	9		,	3	,	83	,	0	>
<496	,	24	,	9		,	5	,	83	,	1	>
<497	,	24	,	9		,	6	,	83	,	0	>
<498	,	25	,	1		,	2	,	99	,	0	>
<499	,	25	,	1		,	3	,	99	,	3	>
<500	,	25	,	1		,	6	,	99	,	0	>
<501	,	25	,	1		,	7	,	99	,	3	>
<502	,	25	,	3		,	2	,	99	,	0	>
<503	,	25	,	3		,	3	,	99	,	3	>
<504	,	25	,	3		,	6	,	99	,	0	>
<505	,	25	,	3		,	7	,	99	,	3	>
<506	,	25	,	7		,	2	,	87	,	0	>
<507	,	25	,	7		,	3	,	87	,	2	>
<508	,	25	,	7		,	6	,	87	,	0	>
<509	,	25	,	7		,	7	,	87	,	2	>
<510	,	25	,	8		,	2	,	87	,	0	>
<511	,	25	,	8		,	3	,	87	,	2	>
<512	,	25	,	8		,	6	,	87	,	0	>
<513	,	25	,	8		,	7	,	87	,	2	>
<514	,	26	,	2		,	2	,	77	,	0	>
<515	,	26	,	2		,	5	,	77	,	4	>
<516	,	26	,	2		,	6	,	77	,	0	>
<517	,	26	,	3		,	2	,	93	,	0	>
<518	,	26	,	3		,	5	,	93	,	4	>
<519	,	26	,	3		,	6	,	93	,	0	>
<520	,	26	,	4		,	2	,	82	,	0	>
<521	,	26	,	4		,	5	,	82	,	4	>
<522	,	26	,	4		,	6	,	82	,	0	>
<523	,	26	,	5		,	2	,	71	,	0	>
<524	,	26	,	5		,	5	,	71	,	3	>
<525	,	26	,	5		,	6	,	71	,	0	>
<526	,	26	,	8		,	2	,	87	,	0	>
<527	,	26	,	8		,	5	,	87	,	4	>
<528	,	26	,	8		,	6	,	87	,	0	>
<529	,	27	,	3		,	3	,	70	,	0	>
<530	,	27	,	3		,	5	,	70	,	3	>
<531	,	27	,	3		,	6	,	70	,	0	>
<532	,	27	,	4		,	3	,	45	,	0	>
<533	,	27	,	4		,	5	,	45	,	2	>
<534	,	27	,	4		,	6	,	45	,	0	>
<535	,	27	,	5		,	3	,	45	,	0	>
<536	,	27	,	5		,	5	,	45	,	2	>
<537	,	27	,	5		,	6	,	45	,	0	>
<538	,	27	,	8		,	3	,	52	,	0	>
<539	,	27	,	8		,	5	,	52	,	2	>
<540	,	27	,	8		,	6	,	52	,	0	>
<541	,	28	,	1		,	1	,	75	,	0	>
<542	,	28	,	1		,	5	,	75	,	4	>
<543	,	28	,	1		,	7	,	75	,	0	>
<544	,	28	,	2		,	1	,	81	,	0	>
<545	,	28	,	2		,	5	,	81	,	4	>
<546	,	28	,	2		,	7	,	81	,	0	>
<547	,	28	,	3		,	1	,	99	,	0	>
<548	,	28	,	3		,	5	,	99	,	5	>
<549	,	28	,	3		,	7	,	99	,	0	>
<550	,	28	,	5		,	1	,	80	,	0	>
<551	,	28	,	5		,	5	,	80	,	4	>
<552	,	28	,	5		,	7	,	80	,	0	>
<553	,	28	,	6		,	1	,	85	,	0	>
<554	,	28	,	6		,	5	,	85	,	4	>
<555	,	28	,	6		,	7	,	85	,	0	>
<556	,	29	,	2		,	1	,	47	,	0	>
<557	,	29	,	2		,	2	,	47	,	1	>
<558	,	29	,	2		,	3	,	47	,	0	>
<559	,	29	,	2		,	4	,	47	,	1	>
<560	,	29	,	2		,	5	,	47	,	0	>
<561	,	29	,	3		,	1	,	82	,	0	>
<562	,	29	,	3		,	2	,	82	,	1	>
<563	,	29	,	3		,	3	,	82	,	0	>
<564	,	29	,	3		,	4	,	82	,	1	>
<565	,	29	,	3		,	5	,	82	,	0	>
<566	,	29	,	5		,	1	,	70	,	0	>
<567	,	29	,	5		,	2	,	70	,	1	>
<568	,	29	,	5		,	3	,	70	,	0	>
<569	,	29	,	5		,	4	,	70	,	1	>
<570	,	29	,	5		,	5	,	70	,	0	>
<571	,	29	,	9		,	1	,	93	,	0	>
<572	,	29	,	9		,	2	,	93	,	1	>
<573	,	29	,	9		,	3	,	93	,	0	>
<574	,	29	,	9		,	4	,	93	,	1	>
<575	,	29	,	9		,	5	,	93	,	0	>
<576	,	30	,	4		,	1	,	66	,	0	>
<577	,	30	,	4		,	3	,	66	,	1	>
<578	,	30	,	4		,	5	,	66	,	0	>
<579	,	30	,	4		,	6	,	66	,	1	>
<580	,	30	,	4		,	7	,	66	,	0	>
<581	,	30	,	5		,	1	,	68	,	0	>
<582	,	30	,	5		,	3	,	68	,	1	>
<583	,	30	,	5		,	5	,	68	,	0	>
<584	,	30	,	5		,	6	,	68	,	1	>
<585	,	30	,	5		,	7	,	68	,	0	>
<586	,	30	,	7		,	1	,	84	,	0	>
<587	,	30	,	7		,	3	,	84	,	1	>
<588	,	30	,	7		,	5	,	84	,	0	>
<589	,	30	,	7		,	6	,	84	,	1	>
<590	,	30	,	7		,	7	,	84	,	0	>
<591	,	30	,	9		,	1	,	88	,	0	>
<592	,	30	,	9		,	3	,	88	,	1	>
<593	,	30	,	9		,	5	,	88	,	0	>
<594	,	30	,	9		,	6	,	88	,	1	>
<595	,	30	,	9		,	7	,	88	,	0	>
<596	,	31	,	1		,	2	,	18	,	0	>
<597	,	31	,	1		,	4	,	18	,	0	>
<598	,	31	,	1		,	5	,	18	,	0	>
<599	,	31	,	1		,	6	,	18	,	0	>
<600	,	31	,	2		,	2	,	35	,	0	>
<601	,	31	,	2		,	4	,	35	,	1	>
<602	,	31	,	2		,	5	,	35	,	0	>
<603	,	31	,	2		,	6	,	35	,	1	>
<604	,	31	,	5		,	2	,	50	,	0	>
<605	,	31	,	5		,	4	,	50	,	1	>
<606	,	31	,	5		,	5	,	50	,	0	>
<607	,	31	,	5		,	6	,	50	,	1	>
<608	,	31	,	6		,	2	,	25	,	0	>
<609	,	31	,	6		,	4	,	25	,	1	>
<610	,	31	,	6		,	5	,	25	,	0	>
<611	,	31	,	6		,	6	,	25	,	1	>
<612	,	31	,	8		,	2	,	47	,	0	>
<613	,	31	,	8		,	4	,	47	,	1	>
<614	,	31	,	8		,	5	,	47	,	0	>
<615	,	31	,	8		,	6	,	47	,	1	>
<616	,	32	,	2		,	1	,	20	,	0	>
<617	,	32	,	2		,	3	,	20	,	0	>
<618	,	32	,	2		,	5	,	20	,	0	>
<619	,	32	,	2		,	6	,	20	,	0	>
<620	,	32	,	2		,	7	,	20	,	0	>
<621	,	32	,	3		,	1	,	12	,	0	>
<622	,	32	,	3		,	3	,	12	,	0	>
<623	,	32	,	3		,	5	,	12	,	0	>
<624	,	32	,	3		,	6	,	12	,	0	>
<625	,	32	,	3		,	7	,	12	,	0	>
<626	,	32	,	6		,	1	,	17	,	0	>
<627	,	32	,	6		,	3	,	17	,	0	>
<628	,	32	,	6		,	5	,	17	,	0	>
<629	,	32	,	6		,	6	,	17	,	0	>
<630	,	32	,	6		,	7	,	17	,	0	>
<631	,	32	,	8		,	1	,	8	,	0	>
<632	,	32	,	8		,	3	,	8	,	0	>
<633	,	32	,	8		,	5	,	8	,	0	>
<634	,	32	,	8		,	6	,	8	,	0	>
<635	,	32	,	8		,	7	,	8	,	0	>
<636	,	33	,	1		,	1	,	4	,	0	>
<637	,	33	,	1		,	3	,	4	,	0	>
<638	,	33	,	1		,	4	,	4	,	0	>
<639	,	33	,	1		,	7	,	4	,	0	>
<640	,	33	,	3		,	1	,	4	,	0	>
<641	,	33	,	3		,	3	,	4	,	0	>
<642	,	33	,	3		,	4	,	4	,	0	>
<643	,	33	,	3		,	7	,	4	,	0	>
<644	,	33	,	6		,	1	,	8	,	0	>
<645	,	33	,	6		,	3	,	8	,	0	>
<646	,	33	,	6		,	4	,	8	,	0	>
<647	,	33	,	6		,	7	,	8	,	0	>
<648	,	33	,	7		,	1	,	7	,	0	>
<649	,	33	,	7		,	3	,	7	,	0	>
<650	,	33	,	7		,	4	,	7	,	0	>
<651	,	33	,	7		,	7	,	7	,	0	>
<652	,	33	,	8		,	1	,	4	,	0	>
<653	,	33	,	8		,	3	,	4	,	0	>
<654	,	33	,	8		,	4	,	4	,	0	>
<655	,	33	,	8		,	7	,	4	,	0	>
<656	,	33	,	9		,	1	,	4	,	0	>
<657	,	33	,	9		,	3	,	4	,	0	>
<658	,	33	,	9		,	4	,	4	,	0	>
<659	,	33	,	9		,	7	,	4	,	0	>
<660	,	34	,	3		,	3	,	63	,	0	>
<661	,	34	,	3		,	5	,	63	,	2	>
<662	,	34	,	3		,	6	,	63	,	0	>
<663	,	34	,	3		,	7	,	63	,	2	>
<664	,	34	,	5		,	3	,	66	,	0	>
<665	,	34	,	5		,	5	,	66	,	2	>
<666	,	34	,	5		,	6	,	66	,	0	>
<667	,	34	,	5		,	7	,	66	,	2	>
<668	,	34	,	6		,	3	,	90	,	0	>
<669	,	34	,	6		,	5	,	90	,	2	>
<670	,	34	,	6		,	6	,	90	,	0	>
<671	,	34	,	6		,	7	,	90	,	2	>
<672	,	34	,	7		,	3	,	74	,	0	>
<673	,	34	,	7		,	5	,	74	,	2	>
<674	,	34	,	7		,	6	,	74	,	0	>
<675	,	34	,	7		,	7	,	74	,	2	>
<676	,	35	,	1		,	1	,	81	,	0	>
<677	,	35	,	1		,	3	,	81	,	4	>
<678	,	35	,	1		,	7	,	81	,	0	>
<679	,	35	,	2		,	1	,	83	,	0	>
<680	,	35	,	2		,	3	,	83	,	4	>
<681	,	35	,	2		,	7	,	83	,	0	>
<682	,	35	,	3		,	1	,	92	,	0	>
<683	,	35	,	3		,	3	,	92	,	4	>
<684	,	35	,	3		,	7	,	92	,	0	>
<685	,	35	,	4		,	1	,	84	,	0	>
<686	,	35	,	4		,	3	,	84	,	4	>
<687	,	35	,	4		,	7	,	84	,	0	>
<688	,	35	,	7		,	1	,	90	,	0	>
<689	,	35	,	7		,	3	,	90	,	4	>
<690	,	35	,	7		,	7	,	90	,	0	>
<691	,	35	,	9		,	1	,	88	,	0	>
<692	,	35	,	9		,	3	,	88	,	4	>
<693	,	35	,	9		,	7	,	88	,	0	>
<694	,	36	,	1		,	2	,	38	,	0	>
<695	,	36	,	1		,	5	,	38	,	2	>
<696	,	36	,	1		,	7	,	38	,	0	>
<697	,	36	,	3		,	2	,	23	,	0	>
<698	,	36	,	3		,	5	,	23	,	1	>
<699	,	36	,	3		,	7	,	23	,	0	>
<700	,	36	,	4		,	2	,	16	,	0	>
<701	,	36	,	4		,	5	,	16	,	1	>
<702	,	36	,	4		,	7	,	16	,	0	>
<703	,	36	,	5		,	2	,	44	,	0	>
<704	,	36	,	5		,	5	,	44	,	2	>
<705	,	36	,	5		,	7	,	44	,	0	>
<706	,	36	,	6		,	2	,	45	,	0	>
<707	,	36	,	6		,	5	,	45	,	2	>
<708	,	36	,	6		,	7	,	45	,	0	>
<709	,	36	,	9		,	2	,	18	,	0	>
<710	,	36	,	9		,	5	,	18	,	1	>
<711	,	36	,	9		,	7	,	18	,	0	>
<712	,	37	,	1		,	3	,	54	,	0	>
<713	,	37	,	1		,	4	,	54	,	3	>
<714	,	37	,	1		,	7	,	54	,	0	>
<715	,	37	,	2		,	3	,	95	,	0	>
<716	,	37	,	2		,	4	,	95	,	4	>
<717	,	37	,	2		,	7	,	95	,	0	>
<718	,	37	,	4		,	3	,	92	,	0	>
<719	,	37	,	4		,	4	,	92	,	4	>
<720	,	37	,	4		,	7	,	92	,	0	>
<721	,	37	,	7		,	3	,	37	,	0	>
<722	,	37	,	7		,	4	,	37	,	2	>
<723	,	37	,	7		,	7	,	37	,	0	>
<724	,	37	,	8		,	3	,	90	,	0	>
<725	,	37	,	8		,	4	,	90	,	4	>
<726	,	37	,	8		,	7	,	90	,	0	>
<727	,	38	,	2		,	1	,	91	,	0	>
<728	,	38	,	2		,	2	,	91	,	4	>
<729	,	38	,	2		,	4	,	91	,	0	>
<730	,	38	,	3		,	1	,	39	,	0	>
<731	,	38	,	3		,	2	,	39	,	2	>
<732	,	38	,	3		,	4	,	39	,	0	>
<733	,	38	,	4		,	1	,	31	,	0	>
<734	,	38	,	4		,	2	,	31	,	1	>
<735	,	38	,	4		,	4	,	31	,	0	>
<736	,	38	,	5		,	1	,	68	,	0	>
<737	,	38	,	5		,	2	,	68	,	3	>
<738	,	38	,	5		,	4	,	68	,	0	>
<739	,	38	,	6		,	1	,	69	,	0	>
<740	,	38	,	6		,	2	,	69	,	3	>
<741	,	38	,	6		,	4	,	69	,	0	>
<742	,	38	,	7		,	1	,	91	,	0	>
<743	,	38	,	7		,	2	,	91	,	4	>
<744	,	38	,	7		,	4	,	91	,	0	>
<745	,	39	,	1		,	2	,	99	,	0	>
<746	,	39	,	1		,	3	,	99	,	3	>
<747	,	39	,	1		,	5	,	99	,	0	>
<748	,	39	,	1		,	7	,	99	,	3	>
<749	,	39	,	2		,	2	,	93	,	0	>
<750	,	39	,	2		,	3	,	93	,	2	>
<751	,	39	,	2		,	5	,	93	,	0	>
<752	,	39	,	2		,	7	,	93	,	2	>
<753	,	39	,	6		,	2	,	95	,	0	>
<754	,	39	,	6		,	3	,	95	,	2	>
<755	,	39	,	6		,	5	,	95	,	0	>
<756	,	39	,	6		,	7	,	95	,	2	>
<757	,	39	,	7		,	2	,	97	,	0	>
<758	,	39	,	7		,	3	,	97	,	3	>
<759	,	39	,	7		,	5	,	97	,	0	>
<760	,	39	,	7		,	7	,	97	,	3	>
<761	,	40	,	1		,	1	,	26	,	0	>
<762	,	40	,	1		,	2	,	26	,	0	>
<763	,	40	,	1		,	5	,	26	,	0	>
<764	,	40	,	1		,	6	,	26	,	0	>
<765	,	40	,	1		,	7	,	26	,	0	>
<766	,	40	,	2		,	1	,	25	,	0	>
<767	,	40	,	2		,	2	,	25	,	0	>
<768	,	40	,	2		,	5	,	25	,	0	>
<769	,	40	,	2		,	6	,	25	,	0	>
<770	,	40	,	2		,	7	,	25	,	0	>
<771	,	40	,	4		,	1	,	52	,	0	>
<772	,	40	,	4		,	2	,	52	,	1	>
<773	,	40	,	4		,	5	,	52	,	0	>
<774	,	40	,	4		,	6	,	52	,	1	>
<775	,	40	,	4		,	7	,	52	,	0	>
<776	,	40	,	5		,	1	,	70	,	0	>
<777	,	40	,	5		,	2	,	70	,	1	>
<778	,	40	,	5		,	5	,	70	,	0	>
<779	,	40	,	5		,	6	,	70	,	1	>
<780	,	40	,	5		,	7	,	70	,	0	>
<781	,	40	,	9		,	1	,	34	,	0	>
<782	,	40	,	9		,	2	,	34	,	0	>
<783	,	40	,	9		,	5	,	34	,	0	>
<784	,	40	,	9		,	6	,	34	,	0	>
<785	,	40	,	9		,	7	,	34	,	0	>
<786	,	41	,	1		,	1	,	85	,	0	>
<787	,	41	,	1		,	5	,	85	,	4	>
<788	,	41	,	1		,	6	,	85	,	0	>
<789	,	41	,	2		,	1	,	88	,	0	>
<790	,	41	,	2		,	5	,	88	,	4	>
<791	,	41	,	2		,	6	,	88	,	0	>
<792	,	41	,	3		,	1	,	55	,	0	>
<793	,	41	,	3		,	5	,	55	,	3	>
<794	,	41	,	3		,	6	,	55	,	0	>
<795	,	41	,	4		,	1	,	84	,	0	>
<796	,	41	,	4		,	5	,	84	,	4	>
<797	,	41	,	4		,	6	,	84	,	0	>
<798	,	41	,	6		,	1	,	40	,	0	>
<799	,	41	,	6		,	5	,	40	,	2	>
<800	,	41	,	6		,	6	,	40	,	0	>
<801	,	42	,	1		,	1	,	2	,	0	>
<802	,	42	,	1		,	2	,	2	,	0	>
<803	,	42	,	1		,	6	,	2	,	0	>
<804	,	42	,	1		,	7	,	2	,	0	>
<805	,	42	,	2		,	1	,	6	,	0	>
<806	,	42	,	2		,	2	,	6	,	0	>
<807	,	42	,	2		,	6	,	6	,	0	>
<808	,	42	,	2		,	7	,	6	,	0	>
<809	,	42	,	3		,	1	,	6	,	0	>
<810	,	42	,	3		,	2	,	6	,	0	>
<811	,	42	,	3		,	6	,	6	,	0	>
<812	,	42	,	3		,	7	,	6	,	0	>
<813	,	42	,	5		,	1	,	6	,	0	>
<814	,	42	,	5		,	2	,	6	,	0	>
<815	,	42	,	5		,	6	,	6	,	0	>
<816	,	42	,	5		,	7	,	6	,	0	>
<817	,	42	,	6		,	1	,	3	,	0	>
<818	,	42	,	6		,	2	,	3	,	0	>
<819	,	42	,	6		,	6	,	3	,	0	>
<820	,	42	,	6		,	7	,	3	,	0	>
<821	,	42	,	9		,	1	,	2	,	0	>
<822	,	42	,	9		,	2	,	2	,	0	>
<823	,	42	,	9		,	6	,	2	,	0	>
<824	,	42	,	9		,	7	,	2	,	0	>
<825	,	43	,	1		,	3	,	90	,	0	>
<826	,	43	,	1		,	4	,	90	,	1	>
<827	,	43	,	1		,	5	,	90	,	0	>
<828	,	43	,	1		,	6	,	90	,	1	>
<829	,	43	,	1		,	7	,	90	,	0	>
<830	,	43	,	2		,	3	,	98	,	0	>
<831	,	43	,	2		,	4	,	98	,	1	>
<832	,	43	,	2		,	5	,	98	,	0	>
<833	,	43	,	2		,	6	,	98	,	1	>
<834	,	43	,	2		,	7	,	98	,	0	>
<835	,	43	,	4		,	3	,	97	,	0	>
<836	,	43	,	4		,	4	,	97	,	1	>
<837	,	43	,	4		,	5	,	97	,	0	>
<838	,	43	,	4		,	6	,	97	,	1	>
<839	,	43	,	4		,	7	,	97	,	0	>
<840	,	43	,	5		,	3	,	89	,	0	>
<841	,	43	,	5		,	4	,	89	,	1	>
<842	,	43	,	5		,	5	,	89	,	0	>
<843	,	43	,	5		,	6	,	89	,	1	>
<844	,	43	,	5		,	7	,	89	,	0	>
<845	,	43	,	7		,	3	,	94	,	0	>
<846	,	43	,	7		,	4	,	94	,	1	>
<847	,	43	,	7		,	5	,	94	,	0	>
<848	,	43	,	7		,	6	,	94	,	1	>
<849	,	43	,	7		,	7	,	94	,	0	>
<850	,	43	,	8		,	3	,	96	,	0	>
<851	,	43	,	8		,	4	,	96	,	1	>
<852	,	43	,	8		,	5	,	96	,	0	>
<853	,	43	,	8		,	6	,	96	,	1	>
<854	,	43	,	8		,	7	,	96	,	0	>
<855	,	44	,	3		,	1	,	73	,	0	>
<856	,	44	,	3		,	4	,	73	,	3	>
<857	,	44	,	3		,	7	,	73	,	0	>
<858	,	44	,	5		,	1	,	92	,	0	>
<859	,	44	,	5		,	4	,	92	,	4	>
<860	,	44	,	5		,	7	,	92	,	0	>
<861	,	44	,	6		,	1	,	91	,	0	>
<862	,	44	,	6		,	4	,	91	,	4	>
<863	,	44	,	6		,	7	,	91	,	0	>
<864	,	44	,	7		,	1	,	96	,	0	>
<865	,	44	,	7		,	4	,	96	,	4	>
<866	,	44	,	7		,	7	,	96	,	0	>
<867	,	44	,	8		,	1	,	80	,	0	>
<868	,	44	,	8		,	4	,	80	,	4	>
<869	,	44	,	8		,	7	,	80	,	0	>
<870	,	45	,	1		,	2	,	49	,	0	>
<871	,	45	,	1		,	3	,	49	,	1	>
<872	,	45	,	1		,	5	,	49	,	0	>
<873	,	45	,	1		,	6	,	49	,	1	>
<874	,	45	,	3		,	2	,	21	,	0	>
<875	,	45	,	3		,	3	,	21	,	1	>
<876	,	45	,	3		,	5	,	21	,	0	>
<877	,	45	,	3		,	6	,	21	,	1	>
<878	,	45	,	5		,	2	,	25	,	0	>
<879	,	45	,	5		,	3	,	25	,	1	>
<880	,	45	,	5		,	5	,	25	,	0	>
<881	,	45	,	5		,	6	,	25	,	1	>
<882	,	45	,	6		,	2	,	24	,	0	>
<883	,	45	,	6		,	3	,	24	,	1	>
<884	,	45	,	6		,	5	,	24	,	0	>
<885	,	45	,	6		,	6	,	24	,	1	>
<886	,	45	,	8		,	2	,	48	,	0	>
<887	,	45	,	8		,	3	,	48	,	1	>
<888	,	45	,	8		,	5	,	48	,	0	>
<889	,	45	,	8		,	6	,	48	,	1	>
<890	,	46	,	2		,	2	,	45	,	0	>
<891	,	46	,	2		,	3	,	45	,	1	>
<892	,	46	,	2		,	4	,	45	,	0	>
<893	,	46	,	2		,	5	,	45	,	1	>
<894	,	46	,	2		,	6	,	45	,	0	>
<895	,	46	,	3		,	2	,	86	,	0	>
<896	,	46	,	3		,	3	,	86	,	1	>
<897	,	46	,	3		,	4	,	86	,	0	>
<898	,	46	,	3		,	5	,	86	,	1	>
<899	,	46	,	3		,	6	,	86	,	0	>
<900	,	46	,	4		,	2	,	73	,	0	>
<901	,	46	,	4		,	3	,	73	,	1	>
<902	,	46	,	4		,	4	,	73	,	0	>
<903	,	46	,	4		,	5	,	73	,	1	>
<904	,	46	,	4		,	6	,	73	,	0	>
<905	,	46	,	6		,	2	,	45	,	0	>
<906	,	46	,	6		,	3	,	45	,	1	>
<907	,	46	,	6		,	4	,	45	,	0	>
<908	,	46	,	6		,	5	,	45	,	1	>
<909	,	46	,	6		,	6	,	45	,	0	>
<910	,	46	,	7		,	2	,	63	,	0	>
<911	,	46	,	7		,	3	,	63	,	1	>
<912	,	46	,	7		,	4	,	63	,	0	>
<913	,	46	,	7		,	5	,	63	,	1	>
<914	,	46	,	7		,	6	,	63	,	0	>
<915	,	46	,	9		,	2	,	75	,	0	>
<916	,	46	,	9		,	3	,	75	,	1	>
<917	,	46	,	9		,	4	,	75	,	0	>
<918	,	46	,	9		,	5	,	75	,	1	>
<919	,	46	,	9		,	6	,	75	,	0	>
<920	,	47	,	2		,	4	,	65	,	0	>
<921	,	47	,	2		,	5	,	65	,	3	>
<922	,	47	,	2		,	7	,	65	,	0	>
<923	,	47	,	4		,	4	,	97	,	0	>
<924	,	47	,	4		,	5	,	97	,	5	>
<925	,	47	,	4		,	7	,	97	,	0	>
<926	,	47	,	5		,	4	,	79	,	0	>
<927	,	47	,	5		,	5	,	79	,	4	>
<928	,	47	,	5		,	7	,	79	,	0	>
<929	,	47	,	6		,	4	,	84	,	0	>
<930	,	47	,	6		,	5	,	84	,	4	>
<931	,	47	,	6		,	7	,	84	,	0	>
<932	,	47	,	7		,	4	,	88	,	0	>
<933	,	47	,	7		,	5	,	88	,	4	>
<934	,	47	,	7		,	7	,	88	,	0	>
<935	,	48	,	2		,	1	,	7	,	0	>
<936	,	48	,	2		,	2	,	7	,	0	>
<937	,	48	,	2		,	4	,	7	,	0	>
<938	,	48	,	2		,	5	,	7	,	0	>
<939	,	48	,	5		,	1	,	7	,	0	>
<940	,	48	,	5		,	2	,	7	,	0	>
<941	,	48	,	5		,	4	,	7	,	0	>
<942	,	48	,	5		,	5	,	7	,	0	>
<943	,	48	,	8		,	1	,	7	,	0	>
<944	,	48	,	8		,	2	,	7	,	0	>
<945	,	48	,	8		,	4	,	7	,	0	>
<946	,	48	,	8		,	5	,	7	,	0	>
<947	,	48	,	9		,	1	,	17	,	0	>
<948	,	48	,	9		,	2	,	17	,	0	>
<949	,	48	,	9		,	4	,	17	,	0	>
<950	,	48	,	9		,	5	,	17	,	0	>
<951	,	49	,	2		,	2	,	65	,	0	>
<952	,	49	,	2		,	4	,	65	,	2	>
<953	,	49	,	2		,	5	,	65	,	0	>
<954	,	49	,	2		,	7	,	65	,	2	>
<955	,	49	,	3		,	2	,	96	,	0	>
<956	,	49	,	3		,	4	,	96	,	3	>
<957	,	49	,	3		,	5	,	96	,	0	>
<958	,	49	,	3		,	7	,	96	,	3	>
<959	,	49	,	7		,	2	,	55	,	0	>
<960	,	49	,	7		,	4	,	55	,	1	>
<961	,	49	,	7		,	5	,	55	,	0	>
<962	,	49	,	7		,	7	,	55	,	1	>
<963	,	49	,	8		,	2	,	91	,	0	>
<964	,	49	,	8		,	4	,	91	,	2	>
<965	,	49	,	8		,	5	,	91	,	0	>
<966	,	49	,	8		,	7	,	91	,	2	>
<967	,	49	,	9		,	2	,	89	,	0	>
<968	,	49	,	9		,	4	,	89	,	2	>
<969	,	49	,	9		,	5	,	89	,	0	>
<970	,	49	,	9		,	7	,	89	,	2	>
<971	,	50	,	1		,	3	,	67	,	0	>
<972	,	50	,	1		,	4	,	67	,	2	>
<973	,	50	,	1		,	5	,	67	,	0	>
<974	,	50	,	1		,	7	,	67	,	2	>
<975	,	50	,	4		,	3	,	94	,	0	>
<976	,	50	,	4		,	4	,	94	,	2	>
<977	,	50	,	4		,	5	,	94	,	0	>
<978	,	50	,	4		,	7	,	94	,	2	>
<979	,	50	,	6		,	3	,	88	,	0	>
<980	,	50	,	6		,	4	,	88	,	2	>
<981	,	50	,	6		,	5	,	88	,	0	>
<982	,	50	,	6		,	7	,	88	,	2	>
<983	,	50	,	9		,	3	,	94	,	0	>
<984	,	50	,	9		,	4	,	94	,	2	>
<985	,	50	,	9		,	5	,	94	,	0	>
<986	,	50	,	9		,	7	,	94	,	2	>
<987	,	51	,	1		,	1	,	59	,	0	>
<988	,	51	,	1		,	2	,	59	,	1	>
<989	,	51	,	1		,	4	,	59	,	0	>
<990	,	51	,	1		,	5	,	59	,	1	>
<991	,	51	,	1		,	6	,	59	,	0	>
<992	,	51	,	3		,	1	,	49	,	0	>
<993	,	51	,	3		,	2	,	49	,	1	>
<994	,	51	,	3		,	4	,	49	,	0	>
<995	,	51	,	3		,	5	,	49	,	1	>
<996	,	51	,	3		,	6	,	49	,	0	>
<997	,	51	,	4		,	1	,	92	,	0	>
<998	,	51	,	4		,	2	,	92	,	1	>
<999	,	51	,	4		,	4	,	92	,	0	>
<1000	,	51	,	4		,	5	,	92	,	1	>
<1001	,	51	,	4		,	6	,	92	,	0	>
<1002	,	51	,	6		,	1	,	52	,	0	>
<1003	,	51	,	6		,	2	,	52	,	1	>
<1004	,	51	,	6		,	4	,	52	,	0	>
<1005	,	51	,	6		,	5	,	52	,	1	>
<1006	,	51	,	6		,	6	,	52	,	0	>
<1007	,	52	,	1		,	1	,	12	,	0	>
<1008	,	52	,	1		,	2	,	12	,	0	>
<1009	,	52	,	1		,	4	,	12	,	0	>
<1010	,	52	,	1		,	5	,	12	,	0	>
<1011	,	52	,	1		,	6	,	12	,	0	>
<1012	,	52	,	2		,	1	,	16	,	0	>
<1013	,	52	,	2		,	2	,	16	,	0	>
<1014	,	52	,	2		,	4	,	16	,	0	>
<1015	,	52	,	2		,	5	,	16	,	0	>
<1016	,	52	,	2		,	6	,	16	,	0	>
<1017	,	52	,	3		,	1	,	24	,	0	>
<1018	,	52	,	3		,	2	,	24	,	0	>
<1019	,	52	,	3		,	4	,	24	,	0	>
<1020	,	52	,	3		,	5	,	24	,	0	>
<1021	,	52	,	3		,	6	,	24	,	0	>
<1022	,	52	,	4		,	1	,	23	,	0	>
<1023	,	52	,	4		,	2	,	23	,	0	>
<1024	,	52	,	4		,	4	,	23	,	0	>
<1025	,	52	,	4		,	5	,	23	,	0	>
<1026	,	52	,	4		,	6	,	23	,	0	>
<1027	,	52	,	8		,	1	,	13	,	0	>
<1028	,	52	,	8		,	2	,	13	,	0	>
<1029	,	52	,	8		,	4	,	13	,	0	>
<1030	,	52	,	8		,	5	,	13	,	0	>
<1031	,	52	,	8		,	6	,	13	,	0	>
<1032	,	52	,	9		,	1	,	30	,	0	>
<1033	,	52	,	9		,	2	,	30	,	0	>
<1034	,	52	,	9		,	4	,	30	,	0	>
<1035	,	52	,	9		,	5	,	30	,	0	>
<1036	,	52	,	9		,	6	,	30	,	0	>
<1037	,	53	,	3		,	1	,	77	,	0	>
<1038	,	53	,	3		,	2	,	77	,	1	>
<1039	,	53	,	3		,	3	,	77	,	0	>
<1040	,	53	,	3		,	4	,	77	,	1	>
<1041	,	53	,	3		,	5	,	77	,	0	>
<1042	,	53	,	5		,	1	,	67	,	0	>
<1043	,	53	,	5		,	2	,	67	,	1	>
<1044	,	53	,	5		,	3	,	67	,	0	>
<1045	,	53	,	5		,	4	,	67	,	1	>
<1046	,	53	,	5		,	5	,	67	,	0	>
<1047	,	53	,	6		,	1	,	71	,	0	>
<1048	,	53	,	6		,	2	,	71	,	1	>
<1049	,	53	,	6		,	3	,	71	,	0	>
<1050	,	53	,	6		,	4	,	71	,	1	>
<1051	,	53	,	6		,	5	,	71	,	0	>
<1052	,	53	,	7		,	1	,	76	,	0	>
<1053	,	53	,	7		,	2	,	76	,	1	>
<1054	,	53	,	7		,	3	,	76	,	0	>
<1055	,	53	,	7		,	4	,	76	,	1	>
<1056	,	53	,	7		,	5	,	76	,	0	>
<1057	,	53	,	9		,	1	,	74	,	0	>
<1058	,	53	,	9		,	2	,	74	,	1	>
<1059	,	53	,	9		,	3	,	74	,	0	>
<1060	,	53	,	9		,	4	,	74	,	1	>
<1061	,	53	,	9		,	5	,	74	,	0	>
<1062	,	54	,	2		,	4	,	25	,	0	>
<1063	,	54	,	2		,	5	,	25	,	1	>
<1064	,	54	,	2		,	6	,	25	,	0	>
<1065	,	54	,	4		,	4	,	73	,	0	>
<1066	,	54	,	4		,	5	,	73	,	3	>
<1067	,	54	,	4		,	6	,	73	,	0	>
<1068	,	54	,	6		,	4	,	27	,	0	>
<1069	,	54	,	6		,	5	,	27	,	1	>
<1070	,	54	,	6		,	6	,	27	,	0	>
<1071	,	54	,	9		,	4	,	50	,	0	>
<1072	,	54	,	9		,	5	,	50	,	2	>
<1073	,	54	,	9		,	6	,	50	,	0	>
<1074	,	55	,	1		,	1	,	24	,	0	>
<1075	,	55	,	1		,	3	,	24	,	1	>
<1076	,	55	,	1		,	4	,	24	,	0	>
<1077	,	55	,	4		,	1	,	52	,	0	>
<1078	,	55	,	4		,	3	,	52	,	2	>
<1079	,	55	,	4		,	4	,	52	,	0	>
<1080	,	55	,	5		,	1	,	68	,	0	>
<1081	,	55	,	5		,	3	,	68	,	3	>
<1082	,	55	,	5		,	4	,	68	,	0	>
<1083	,	55	,	6		,	1	,	40	,	0	>
<1084	,	55	,	6		,	3	,	40	,	2	>
<1085	,	55	,	6		,	4	,	40	,	0	>
<1086	,	56	,	1		,	3	,	33	,	0	>
<1087	,	56	,	1		,	5	,	33	,	2	>
<1088	,	56	,	1		,	6	,	33	,	0	>
<1089	,	56	,	2		,	3	,	32	,	0	>
<1090	,	56	,	2		,	5	,	32	,	1	>
<1091	,	56	,	2		,	6	,	32	,	0	>
<1092	,	56	,	6		,	3	,	82	,	0	>
<1093	,	56	,	6		,	5	,	82	,	4	>
<1094	,	56	,	6		,	6	,	82	,	0	>
<1095	,	56	,	9		,	3	,	82	,	0	>
<1096	,	56	,	9		,	5	,	82	,	4	>
<1097	,	56	,	9		,	6	,	82	,	0	>
<1098	,	57	,	5		,	1	,	53	,	0	>
<1099	,	57	,	5		,	2	,	53	,	1	>
<1100	,	57	,	5		,	3	,	53	,	0	>
<1101	,	57	,	5		,	5	,	53	,	1	>
<1102	,	57	,	5		,	6	,	53	,	0	>
<1103	,	57	,	6		,	1	,	68	,	0	>
<1104	,	57	,	6		,	2	,	68	,	1	>
<1105	,	57	,	6		,	3	,	68	,	0	>
<1106	,	57	,	6		,	5	,	68	,	1	>
<1107	,	57	,	6		,	6	,	68	,	0	>
<1108	,	57	,	7		,	1	,	48	,	0	>
<1109	,	57	,	7		,	2	,	48	,	1	>
<1110	,	57	,	7		,	3	,	48	,	0	>
<1111	,	57	,	7		,	5	,	48	,	1	>
<1112	,	57	,	7		,	6	,	48	,	0	>
<1113	,	57	,	8		,	1	,	98	,	0	>
<1114	,	57	,	8		,	2	,	98	,	1	>
<1115	,	57	,	8		,	3	,	98	,	0	>
<1116	,	57	,	8		,	5	,	98	,	1	>
<1117	,	57	,	8		,	6	,	98	,	0	>
<1118	,	57	,	9		,	1	,	48	,	0	>
<1119	,	57	,	9		,	2	,	48	,	1	>
<1120	,	57	,	9		,	3	,	48	,	0	>
<1121	,	57	,	9		,	5	,	48	,	1	>
<1122	,	57	,	9		,	6	,	48	,	0	>
<1123	,	58	,	1		,	1	,	98	,	0	>
<1124	,	58	,	1		,	5	,	98	,	3	>
<1125	,	58	,	1		,	6	,	98	,	0	>
<1126	,	58	,	1		,	7	,	98	,	3	>
<1127	,	58	,	3		,	1	,	95	,	0	>
<1128	,	58	,	3		,	5	,	95	,	2	>
<1129	,	58	,	3		,	6	,	95	,	0	>
<1130	,	58	,	3		,	7	,	95	,	2	>
<1131	,	58	,	5		,	1	,	92	,	0	>
<1132	,	58	,	5		,	5	,	92	,	2	>
<1133	,	58	,	5		,	6	,	92	,	0	>
<1134	,	58	,	5		,	7	,	92	,	2	>
<1135	,	58	,	8		,	1	,	98	,	0	>
<1136	,	58	,	8		,	5	,	98	,	3	>
<1137	,	58	,	8		,	6	,	98	,	0	>
<1138	,	58	,	8		,	7	,	98	,	3	>
<1139	,	59	,	4		,	2	,	26	,	0	>
<1140	,	59	,	4		,	4	,	26	,	1	>
<1141	,	59	,	4		,	7	,	26	,	0	>
<1142	,	59	,	5		,	2	,	48	,	0	>
<1143	,	59	,	5		,	4	,	48	,	2	>
<1144	,	59	,	5		,	7	,	48	,	0	>
<1145	,	59	,	6		,	2	,	55	,	0	>
<1146	,	59	,	6		,	4	,	55	,	3	>
<1147	,	59	,	6		,	7	,	55	,	0	>
<1148	,	59	,	9		,	2	,	61	,	0	>
<1149	,	59	,	9		,	4	,	61	,	3	>
<1150	,	59	,	9		,	7	,	61	,	0	>
<1151	,	60	,	1		,	2	,	85	,	0	>
<1152	,	60	,	1		,	3	,	85	,	2	>
<1153	,	60	,	1		,	5	,	85	,	0	>
<1154	,	60	,	1		,	7	,	85	,	2	>
<1155	,	60	,	2		,	2	,	96	,	0	>
<1156	,	60	,	2		,	3	,	96	,	3	>
<1157	,	60	,	2		,	5	,	96	,	0	>
<1158	,	60	,	2		,	7	,	96	,	3	>
<1159	,	60	,	3		,	2	,	79	,	0	>
<1160	,	60	,	3		,	3	,	79	,	2	>
<1161	,	60	,	3		,	5	,	79	,	0	>
<1162	,	60	,	3		,	7	,	79	,	2	>
<1163	,	60	,	7		,	2	,	79	,	0	>
<1164	,	60	,	7		,	3	,	79	,	2	>
<1165	,	60	,	7		,	5	,	79	,	0	>
<1166	,	60	,	7		,	7	,	79	,	2	>
<1167	,	60	,	8		,	2	,	78	,	0	>
<1168	,	60	,	8		,	3	,	78	,	2	>
<1169	,	60	,	8		,	5	,	78	,	0	>
<1170	,	60	,	8		,	7	,	78	,	2	>
<1171	,	61	,	1		,	2	,	1	,	0	>
<1172	,	61	,	1		,	6	,	1	,	0	>
<1173	,	61	,	1		,	7	,	1	,	0	>
<1174	,	61	,	2		,	2	,	2	,	0	>
<1175	,	61	,	2		,	6	,	2	,	0	>
<1176	,	61	,	2		,	7	,	2	,	0	>
<1177	,	61	,	3		,	2	,	1	,	0	>
<1178	,	61	,	3		,	6	,	1	,	0	>
<1179	,	61	,	3		,	7	,	1	,	0	>
<1180	,	61	,	4		,	2	,	1	,	0	>
<1181	,	61	,	4		,	6	,	1	,	0	>
<1182	,	61	,	4		,	7	,	1	,	0	>
<1183	,	61	,	8		,	2	,	3	,	0	>
<1184	,	61	,	8		,	6	,	3	,	0	>
<1185	,	61	,	8		,	7	,	3	,	0	>
<1186	,	62	,	2		,	3	,	68	,	0	>
<1187	,	62	,	2		,	4	,	68	,	2	>
<1188	,	62	,	2		,	6	,	68	,	0	>
<1189	,	62	,	2		,	7	,	68	,	2	>
<1190	,	62	,	4		,	3	,	62	,	0	>
<1191	,	62	,	4		,	4	,	62	,	2	>
<1192	,	62	,	4		,	6	,	62	,	0	>
<1193	,	62	,	4		,	7	,	62	,	2	>
<1194	,	62	,	5		,	3	,	62	,	0	>
<1195	,	62	,	5		,	4	,	62	,	2	>
<1196	,	62	,	5		,	6	,	62	,	0	>
<1197	,	62	,	5		,	7	,	62	,	2	>
<1198	,	62	,	6		,	3	,	62	,	0	>
<1199	,	62	,	6		,	4	,	62	,	2	>
<1200	,	62	,	6		,	6	,	62	,	0	>
<1201	,	62	,	6		,	7	,	62	,	2	>
<1202	,	62	,	7		,	3	,	77	,	0	>
<1203	,	62	,	7		,	4	,	77	,	2	>
<1204	,	62	,	7		,	6	,	77	,	0	>
<1205	,	62	,	7		,	7	,	77	,	2	>
<1206	,	63	,	2		,	1	,	6	,	0	>
<1207	,	63	,	2		,	2	,	6	,	0	>
<1208	,	63	,	2		,	4	,	6	,	0	>
<1209	,	63	,	2		,	6	,	6	,	0	>
<1210	,	63	,	4		,	1	,	6	,	0	>
<1211	,	63	,	4		,	2	,	6	,	0	>
<1212	,	63	,	4		,	4	,	6	,	0	>
<1213	,	63	,	4		,	6	,	6	,	0	>
<1214	,	63	,	5		,	1	,	15	,	0	>
<1215	,	63	,	5		,	2	,	15	,	0	>
<1216	,	63	,	5		,	4	,	15	,	0	>
<1217	,	63	,	5		,	6	,	15	,	0	>
<1218	,	63	,	6		,	1	,	14	,	0	>
<1219	,	63	,	6		,	2	,	14	,	0	>
<1220	,	63	,	6		,	4	,	14	,	0	>
<1221	,	63	,	6		,	6	,	14	,	0	>
<1222	,	63	,	8		,	1	,	18	,	0	>
<1223	,	63	,	8		,	2	,	18	,	0	>
<1224	,	63	,	8		,	4	,	18	,	0	>
<1225	,	63	,	8		,	6	,	18	,	0	>
<1226	,	63	,	9		,	1	,	14	,	0	>
<1227	,	63	,	9		,	2	,	14	,	0	>
<1228	,	63	,	9		,	4	,	14	,	0	>
<1229	,	63	,	9		,	6	,	14	,	0	>
<1230	,	64	,	2		,	1	,	91	,	0	>
<1231	,	64	,	2		,	3	,	91	,	2	>
<1232	,	64	,	2		,	4	,	91	,	0	>
<1233	,	64	,	2		,	6	,	91	,	2	>
<1234	,	64	,	4		,	1	,	96	,	0	>
<1235	,	64	,	4		,	3	,	96	,	3	>
<1236	,	64	,	4		,	4	,	96	,	0	>
<1237	,	64	,	4		,	6	,	96	,	3	>
<1238	,	64	,	5		,	1	,	99	,	0	>
<1239	,	64	,	5		,	3	,	99	,	3	>
<1240	,	64	,	5		,	4	,	99	,	0	>
<1241	,	64	,	5		,	6	,	99	,	3	>
<1242	,	64	,	7		,	1	,	81	,	0	>
<1243	,	64	,	7		,	3	,	81	,	2	>
<1244	,	64	,	7		,	4	,	81	,	0	>
<1245	,	64	,	7		,	6	,	81	,	2	>
<1246	,	64	,	8		,	1	,	94	,	0	>
<1247	,	64	,	8		,	3	,	94	,	2	>
<1248	,	64	,	8		,	4	,	94	,	0	>
<1249	,	64	,	8		,	6	,	94	,	2	>
<1250	,	64	,	9		,	1	,	82	,	0	>
<1251	,	64	,	9		,	3	,	82	,	2	>
<1252	,	64	,	9		,	4	,	82	,	0	>
<1253	,	64	,	9		,	6	,	82	,	2	>
<1254	,	65	,	1		,	1	,	97	,	0	>
<1255	,	65	,	1		,	3	,	97	,	3	>
<1256	,	65	,	1		,	4	,	97	,	0	>
<1257	,	65	,	1		,	5	,	97	,	3	>
<1258	,	65	,	2		,	1	,	97	,	0	>
<1259	,	65	,	2		,	3	,	97	,	3	>
<1260	,	65	,	2		,	4	,	97	,	0	>
<1261	,	65	,	2		,	5	,	97	,	3	>
<1262	,	65	,	3		,	1	,	97	,	0	>
<1263	,	65	,	3		,	3	,	97	,	3	>
<1264	,	65	,	3		,	4	,	97	,	0	>
<1265	,	65	,	3		,	5	,	97	,	3	>
<1266	,	65	,	7		,	1	,	97	,	0	>
<1267	,	65	,	7		,	3	,	97	,	3	>
<1268	,	65	,	7		,	4	,	97	,	0	>
<1269	,	65	,	7		,	5	,	97	,	3	>
<1270	,	66	,	1		,	2	,	92	,	0	>
<1271	,	66	,	1		,	4	,	92	,	4	>
<1272	,	66	,	1		,	6	,	92	,	0	>
<1273	,	66	,	2		,	2	,	99	,	0	>
<1274	,	66	,	2		,	4	,	99	,	5	>
<1275	,	66	,	2		,	6	,	99	,	0	>
<1276	,	66	,	3		,	2	,	95	,	0	>
<1277	,	66	,	3		,	4	,	95	,	4	>
<1278	,	66	,	3		,	6	,	95	,	0	>
<1279	,	66	,	6		,	2	,	98	,	0	>
<1280	,	66	,	6		,	4	,	98	,	5	>
<1281	,	66	,	6		,	6	,	98	,	0	>
<1282	,	66	,	7		,	2	,	92	,	0	>
<1283	,	66	,	7		,	4	,	92	,	4	>
<1284	,	66	,	7		,	6	,	92	,	0	>
<1285	,	66	,	9		,	2	,	97	,	0	>
<1286	,	66	,	9		,	4	,	97	,	5	>
<1287	,	66	,	9		,	6	,	97	,	0	>
<1288	,	67	,	4		,	1	,	82	,	0	>
<1289	,	67	,	4		,	2	,	82	,	1	>
<1290	,	67	,	4		,	4	,	82	,	0	>
<1291	,	67	,	4		,	5	,	82	,	1	>
<1292	,	67	,	4		,	6	,	82	,	0	>
<1293	,	67	,	5		,	1	,	89	,	0	>
<1294	,	67	,	5		,	2	,	89	,	1	>
<1295	,	67	,	5		,	4	,	89	,	0	>
<1296	,	67	,	5		,	5	,	89	,	1	>
<1297	,	67	,	5		,	6	,	89	,	0	>
<1298	,	67	,	6		,	1	,	64	,	0	>
<1299	,	67	,	6		,	2	,	64	,	1	>
<1300	,	67	,	6		,	4	,	64	,	0	>
<1301	,	67	,	6		,	5	,	64	,	1	>
<1302	,	67	,	6		,	6	,	64	,	0	>
<1303	,	67	,	9		,	1	,	99	,	0	>
<1304	,	67	,	9		,	2	,	99	,	1	>
<1305	,	67	,	9		,	4	,	99	,	0	>
<1306	,	67	,	9		,	5	,	99	,	1	>
<1307	,	67	,	9		,	6	,	99	,	0	>
<1308	,	68	,	6		,	2	,	55	,	0	>
<1309	,	68	,	6		,	3	,	55	,	1	>
<1310	,	68	,	6		,	4	,	55	,	0	>
<1311	,	68	,	6		,	5	,	55	,	1	>
<1312	,	68	,	6		,	7	,	55	,	0	>
<1313	,	68	,	7		,	2	,	37	,	0	>
<1314	,	68	,	7		,	3	,	37	,	1	>
<1315	,	68	,	7		,	4	,	37	,	0	>
<1316	,	68	,	7		,	5	,	37	,	1	>
<1317	,	68	,	7		,	7	,	37	,	0	>
<1318	,	68	,	8		,	2	,	70	,	0	>
<1319	,	68	,	8		,	3	,	70	,	1	>
<1320	,	68	,	8		,	4	,	70	,	0	>
<1321	,	68	,	8		,	5	,	70	,	1	>
<1322	,	68	,	8		,	7	,	70	,	0	>
<1323	,	68	,	9		,	2	,	69	,	0	>
<1324	,	68	,	9		,	3	,	69	,	1	>
<1325	,	68	,	9		,	4	,	69	,	0	>
<1326	,	68	,	9		,	5	,	69	,	1	>
<1327	,	68	,	9		,	7	,	69	,	0	>
<1328	,	69	,	3		,	1	,	83	,	0	>
<1329	,	69	,	3		,	2	,	83	,	1	>
<1330	,	69	,	3		,	3	,	83	,	0	>
<1331	,	69	,	3		,	4	,	83	,	1	>
<1332	,	69	,	3		,	7	,	83	,	0	>
<1333	,	69	,	6		,	1	,	86	,	0	>
<1334	,	69	,	6		,	2	,	86	,	1	>
<1335	,	69	,	6		,	3	,	86	,	0	>
<1336	,	69	,	6		,	4	,	86	,	1	>
<1337	,	69	,	6		,	7	,	86	,	0	>
<1338	,	69	,	8		,	1	,	88	,	0	>
<1339	,	69	,	8		,	2	,	88	,	1	>
<1340	,	69	,	8		,	3	,	88	,	0	>
<1341	,	69	,	8		,	4	,	88	,	1	>
<1342	,	69	,	8		,	7	,	88	,	0	>
<1343	,	69	,	9		,	1	,	91	,	0	>
<1344	,	69	,	9		,	2	,	91	,	1	>
<1345	,	69	,	9		,	3	,	91	,	0	>
<1346	,	69	,	9		,	4	,	91	,	1	>
<1347	,	69	,	9		,	7	,	91	,	0	>
<1348	,	70	,	1		,	1	,	99	,	0	>
<1349	,	70	,	1		,	4	,	99	,	3	>
<1350	,	70	,	1		,	6	,	99	,	0	>
<1351	,	70	,	1		,	7	,	99	,	3	>
<1352	,	70	,	4		,	1	,	99	,	0	>
<1353	,	70	,	4		,	4	,	99	,	3	>
<1354	,	70	,	4		,	6	,	99	,	0	>
<1355	,	70	,	4		,	7	,	99	,	3	>
<1356	,	70	,	5		,	1	,	99	,	0	>
<1357	,	70	,	5		,	4	,	99	,	3	>
<1358	,	70	,	5		,	6	,	99	,	0	>
<1359	,	70	,	5		,	7	,	99	,	3	>
<1360	,	70	,	6		,	1	,	99	,	0	>
<1361	,	70	,	6		,	4	,	99	,	3	>
<1362	,	70	,	6		,	6	,	99	,	0	>
<1363	,	70	,	6		,	7	,	99	,	3	>
<1364	,	70	,	9		,	1	,	99	,	0	>
<1365	,	70	,	9		,	4	,	99	,	3	>
<1366	,	70	,	9		,	6	,	99	,	0	>
<1367	,	70	,	9		,	7	,	99	,	3	>
<1368	,	71	,	1		,	1	,	96	,	0	>
<1369	,	71	,	1		,	2	,	96	,	1	>
<1370	,	71	,	1		,	3	,	96	,	0	>
<1371	,	71	,	1		,	6	,	96	,	1	>
<1372	,	71	,	1		,	7	,	96	,	0	>
<1373	,	71	,	3		,	1	,	97	,	0	>
<1374	,	71	,	3		,	2	,	97	,	1	>
<1375	,	71	,	3		,	3	,	97	,	0	>
<1376	,	71	,	3		,	6	,	97	,	1	>
<1377	,	71	,	3		,	7	,	97	,	0	>
<1378	,	71	,	6		,	1	,	98	,	0	>
<1379	,	71	,	6		,	2	,	98	,	1	>
<1380	,	71	,	6		,	3	,	98	,	0	>
<1381	,	71	,	6		,	6	,	98	,	1	>
<1382	,	71	,	6		,	7	,	98	,	0	>
<1383	,	71	,	7		,	1	,	99	,	0	>
<1384	,	71	,	7		,	2	,	99	,	1	>
<1385	,	71	,	7		,	3	,	99	,	0	>
<1386	,	71	,	7		,	6	,	99	,	1	>
<1387	,	71	,	7		,	7	,	99	,	0	>
<1388	,	71	,	8		,	1	,	99	,	0	>
<1389	,	71	,	8		,	2	,	99	,	1	>
<1390	,	71	,	8		,	3	,	99	,	0	>
<1391	,	71	,	8		,	6	,	99	,	1	>
<1392	,	71	,	8		,	7	,	99	,	0	>
<1393	,	71	,	9		,	1	,	96	,	0	>
<1394	,	71	,	9		,	2	,	96	,	1	>
<1395	,	71	,	9		,	3	,	96	,	0	>
<1396	,	71	,	9		,	6	,	96	,	1	>
<1397	,	71	,	9		,	7	,	96	,	0	>
<1398	,	72	,	4		,	1	,	89	,	0	>
<1399	,	72	,	4		,	4	,	89	,	1	>
<1400	,	72	,	4		,	5	,	89	,	0	>
<1401	,	72	,	4		,	6	,	89	,	1	>
<1402	,	72	,	4		,	7	,	89	,	0	>
<1403	,	72	,	6		,	1	,	58	,	0	>
<1404	,	72	,	6		,	4	,	58	,	1	>
<1405	,	72	,	6		,	5	,	58	,	0	>
<1406	,	72	,	6		,	6	,	58	,	1	>
<1407	,	72	,	6		,	7	,	58	,	0	>
<1408	,	72	,	7		,	1	,	74	,	0	>
<1409	,	72	,	7		,	4	,	74	,	1	>
<1410	,	72	,	7		,	5	,	74	,	0	>
<1411	,	72	,	7		,	6	,	74	,	1	>
<1412	,	72	,	7		,	7	,	74	,	0	>
<1413	,	72	,	9		,	1	,	57	,	0	>
<1414	,	72	,	9		,	4	,	57	,	1	>
<1415	,	72	,	9		,	5	,	57	,	0	>
<1416	,	72	,	9		,	6	,	57	,	1	>
<1417	,	72	,	9		,	7	,	57	,	0	>
<1418	,	73	,	1		,	2	,	27	,	0	>
<1419	,	73	,	1		,	4	,	27	,	0	>
<1420	,	73	,	1		,	5	,	27	,	0	>
<1421	,	73	,	1		,	6	,	27	,	0	>
<1422	,	73	,	1		,	7	,	27	,	0	>
<1423	,	73	,	3		,	2	,	48	,	0	>
<1424	,	73	,	3		,	4	,	48	,	1	>
<1425	,	73	,	3		,	5	,	48	,	0	>
<1426	,	73	,	3		,	6	,	48	,	1	>
<1427	,	73	,	3		,	7	,	48	,	0	>
<1428	,	73	,	4		,	2	,	26	,	0	>
<1429	,	73	,	4		,	4	,	26	,	0	>
<1430	,	73	,	4		,	5	,	26	,	0	>
<1431	,	73	,	4		,	6	,	26	,	0	>
<1432	,	73	,	4		,	7	,	26	,	0	>
<1433	,	73	,	7		,	2	,	20	,	0	>
<1434	,	73	,	7		,	4	,	20	,	0	>
<1435	,	73	,	7		,	5	,	20	,	0	>
<1436	,	73	,	7		,	6	,	20	,	0	>
<1437	,	73	,	7		,	7	,	20	,	0	>
<1438	,	73	,	8		,	2	,	58	,	0	>
<1439	,	73	,	8		,	4	,	58	,	1	>
<1440	,	73	,	8		,	5	,	58	,	0	>
<1441	,	73	,	8		,	6	,	58	,	1	>
<1442	,	73	,	8		,	7	,	58	,	0	>
<1443	,	74	,	1		,	1	,	65	,	0	>
<1444	,	74	,	1		,	4	,	65	,	3	>
<1445	,	74	,	1		,	6	,	65	,	0	>
<1446	,	74	,	4		,	1	,	87	,	0	>
<1447	,	74	,	4		,	4	,	87	,	4	>
<1448	,	74	,	4		,	6	,	87	,	0	>
<1449	,	74	,	5		,	1	,	66	,	0	>
<1450	,	74	,	5		,	4	,	66	,	3	>
<1451	,	74	,	5		,	6	,	66	,	0	>
<1452	,	74	,	6		,	1	,	63	,	0	>
<1453	,	74	,	6		,	4	,	63	,	3	>
<1454	,	74	,	6		,	6	,	63	,	0	>
<1455	,	75	,	1		,	1	,	88	,	0	>
<1456	,	75	,	1		,	3	,	88	,	2	>
<1457	,	75	,	1		,	5	,	88	,	0	>
<1458	,	75	,	1		,	7	,	88	,	2	>
<1459	,	75	,	2		,	1	,	81	,	0	>
<1460	,	75	,	2		,	3	,	81	,	2	>
<1461	,	75	,	2		,	5	,	81	,	0	>
<1462	,	75	,	2		,	7	,	81	,	2	>
<1463	,	75	,	4		,	1	,	88	,	0	>
<1464	,	75	,	4		,	3	,	88	,	2	>
<1465	,	75	,	4		,	5	,	88	,	0	>
<1466	,	75	,	4		,	7	,	88	,	2	>
<1467	,	75	,	5		,	1	,	94	,	0	>
<1468	,	75	,	5		,	3	,	94	,	2	>
<1469	,	75	,	5		,	5	,	94	,	0	>
<1470	,	75	,	5		,	7	,	94	,	2	>
<1471	,	75	,	7		,	1	,	74	,	0	>
<1472	,	75	,	7		,	3	,	74	,	2	>
<1473	,	75	,	7		,	5	,	74	,	0	>
<1474	,	75	,	7		,	7	,	74	,	2	>
<1475	,	75	,	9		,	1	,	88	,	0	>
<1476	,	75	,	9		,	3	,	88	,	2	>
<1477	,	75	,	9		,	5	,	88	,	0	>
<1478	,	75	,	9		,	7	,	88	,	2	>
<1479	,	76	,	4		,	3	,	97	,	0	>
<1480	,	76	,	4		,	4	,	97	,	5	>
<1481	,	76	,	4		,	6	,	97	,	0	>
<1482	,	76	,	5		,	3	,	97	,	0	>
<1483	,	76	,	5		,	4	,	97	,	5	>
<1484	,	76	,	5		,	6	,	97	,	0	>
<1485	,	76	,	7		,	3	,	99	,	0	>
<1486	,	76	,	7		,	4	,	99	,	5	>
<1487	,	76	,	7		,	6	,	99	,	0	>
<1488	,	76	,	8		,	3	,	98	,	0	>
<1489	,	76	,	8		,	4	,	98	,	5	>
<1490	,	76	,	8		,	6	,	98	,	0	>
<1491	,	76	,	9		,	3	,	97	,	0	>
<1492	,	76	,	9		,	4	,	97	,	5	>
<1493	,	76	,	9		,	6	,	97	,	0	>
<1494	,	77	,	3		,	1	,	44	,	0	>
<1495	,	77	,	3		,	2	,	44	,	2	>
<1496	,	77	,	3		,	5	,	44	,	0	>
<1497	,	77	,	4		,	1	,	41	,	0	>
<1498	,	77	,	4		,	2	,	41	,	2	>
<1499	,	77	,	4		,	5	,	41	,	0	>
<1500	,	77	,	5		,	1	,	50	,	0	>
<1501	,	77	,	5		,	2	,	50	,	2	>
<1502	,	77	,	5		,	5	,	50	,	0	>
<1503	,	77	,	6		,	1	,	18	,	0	>
<1504	,	77	,	6		,	2	,	18	,	1	>
<1505	,	77	,	6		,	5	,	18	,	0	>
<1506	,	77	,	9		,	1	,	27	,	0	>
<1507	,	77	,	9		,	2	,	27	,	1	>
<1508	,	77	,	9		,	5	,	27	,	0	>
<1509	,	78	,	2		,	1	,	97	,	0	>
<1510	,	78	,	2		,	3	,	97	,	3	>
<1511	,	78	,	2		,	4	,	97	,	0	>
<1512	,	78	,	2		,	6	,	97	,	3	>
<1513	,	78	,	3		,	1	,	97	,	0	>
<1514	,	78	,	3		,	3	,	97	,	3	>
<1515	,	78	,	3		,	4	,	97	,	0	>
<1516	,	78	,	3		,	6	,	97	,	3	>
<1517	,	78	,	5		,	1	,	98	,	0	>
<1518	,	78	,	5		,	3	,	98	,	3	>
<1519	,	78	,	5		,	4	,	98	,	0	>
<1520	,	78	,	5		,	6	,	98	,	3	>
<1521	,	78	,	6		,	1	,	97	,	0	>
<1522	,	78	,	6		,	3	,	97	,	3	>
<1523	,	78	,	6		,	4	,	97	,	0	>
<1524	,	78	,	6		,	6	,	97	,	3	>
<1525	,	78	,	8		,	1	,	97	,	0	>
<1526	,	78	,	8		,	3	,	97	,	3	>
<1527	,	78	,	8		,	4	,	97	,	0	>
<1528	,	78	,	8		,	6	,	97	,	3	>
<1529	,	79	,	2		,	2	,	25	,	0	>
<1530	,	79	,	2		,	3	,	25	,	0	>
<1531	,	79	,	2		,	4	,	25	,	0	>
<1532	,	79	,	2		,	6	,	25	,	0	>
<1533	,	79	,	2		,	7	,	25	,	0	>
<1534	,	79	,	5		,	2	,	75	,	0	>
<1535	,	79	,	5		,	3	,	75	,	1	>
<1536	,	79	,	5		,	4	,	75	,	0	>
<1537	,	79	,	5		,	6	,	75	,	1	>
<1538	,	79	,	5		,	7	,	75	,	0	>
<1539	,	79	,	7		,	2	,	43	,	0	>
<1540	,	79	,	7		,	3	,	43	,	1	>
<1541	,	79	,	7		,	4	,	43	,	0	>
<1542	,	79	,	7		,	6	,	43	,	1	>
<1543	,	79	,	7		,	7	,	43	,	0	>
<1544	,	79	,	9		,	2	,	47	,	0	>
<1545	,	79	,	9		,	3	,	47	,	1	>
<1546	,	79	,	9		,	4	,	47	,	0	>
<1547	,	79	,	9		,	6	,	47	,	1	>
<1548	,	79	,	9		,	7	,	47	,	0	>
<1549	,	80	,	1		,	3	,	63	,	0	>
<1550	,	80	,	1		,	5	,	63	,	2	>
<1551	,	80	,	1		,	6	,	63	,	0	>
<1552	,	80	,	1		,	7	,	63	,	2	>
<1553	,	80	,	3		,	3	,	62	,	0	>
<1554	,	80	,	3		,	5	,	62	,	2	>
<1555	,	80	,	3		,	6	,	62	,	0	>
<1556	,	80	,	3		,	7	,	62	,	2	>
<1557	,	80	,	4		,	3	,	78	,	0	>
<1558	,	80	,	4		,	5	,	78	,	2	>
<1559	,	80	,	4		,	6	,	78	,	0	>
<1560	,	80	,	4		,	7	,	78	,	2	>
<1561	,	80	,	7		,	3	,	70	,	0	>
<1562	,	80	,	7		,	5	,	70	,	2	>
<1563	,	80	,	7		,	6	,	70	,	0	>
<1564	,	80	,	7		,	7	,	70	,	2	>
<1565	,	80	,	9		,	3	,	68	,	0	>
<1566	,	80	,	9		,	5	,	68	,	2	>
<1567	,	80	,	9		,	6	,	68	,	0	>
<1568	,	80	,	9		,	7	,	68	,	2	>
<1569	,	81	,	4		,	1	,	58	,	0	>
<1570	,	81	,	4		,	2	,	58	,	2	>
<1571	,	81	,	4		,	3	,	58	,	0	>
<1572	,	81	,	4		,	4	,	58	,	2	>
<1573	,	81	,	5		,	1	,	26	,	0	>
<1574	,	81	,	5		,	2	,	26	,	1	>
<1575	,	81	,	5		,	3	,	26	,	0	>
<1576	,	81	,	5		,	4	,	26	,	1	>
<1577	,	81	,	6		,	1	,	33	,	0	>
<1578	,	81	,	6		,	2	,	33	,	1	>
<1579	,	81	,	6		,	3	,	33	,	0	>
<1580	,	81	,	6		,	4	,	33	,	1	>
<1581	,	81	,	7		,	1	,	26	,	0	>
<1582	,	81	,	7		,	2	,	26	,	1	>
<1583	,	81	,	7		,	3	,	26	,	0	>
<1584	,	81	,	7		,	4	,	26	,	1	>
<1585	,	81	,	8		,	1	,	45	,	0	>
<1586	,	81	,	8		,	2	,	45	,	1	>
<1587	,	81	,	8		,	3	,	45	,	0	>
<1588	,	81	,	8		,	4	,	45	,	1	>
<1589	,	82	,	1		,	1	,	96	,	0	>
<1590	,	82	,	1		,	4	,	96	,	4	>
<1591	,	82	,	1		,	5	,	96	,	0	>
<1592	,	82	,	2		,	1	,	99	,	0	>
<1593	,	82	,	2		,	4	,	99	,	5	>
<1594	,	82	,	2		,	5	,	99	,	0	>
<1595	,	82	,	5		,	1	,	96	,	0	>
<1596	,	82	,	5		,	4	,	96	,	4	>
<1597	,	82	,	5		,	5	,	96	,	0	>
<1598	,	82	,	7		,	1	,	95	,	0	>
<1599	,	82	,	7		,	4	,	95	,	4	>
<1600	,	82	,	7		,	5	,	95	,	0	>
<1601	,	82	,	8		,	1	,	98	,	0	>
<1602	,	82	,	8		,	4	,	98	,	5	>
<1603	,	82	,	8		,	5	,	98	,	0	>
<1604	,	82	,	9		,	1	,	98	,	0	>
<1605	,	82	,	9		,	4	,	98	,	5	>
<1606	,	82	,	9		,	5	,	98	,	0	>
<1607	,	83	,	1		,	1	,	82	,	0	>
<1608	,	83	,	1		,	5	,	82	,	4	>
<1609	,	83	,	1		,	7	,	82	,	0	>
<1610	,	83	,	5		,	1	,	81	,	0	>
<1611	,	83	,	5		,	5	,	81	,	4	>
<1612	,	83	,	5		,	7	,	81	,	0	>
<1613	,	83	,	7		,	1	,	78	,	0	>
<1614	,	83	,	7		,	5	,	78	,	4	>
<1615	,	83	,	7		,	7	,	78	,	0	>
<1616	,	83	,	9		,	1	,	86	,	0	>
<1617	,	83	,	9		,	5	,	86	,	4	>
<1618	,	83	,	9		,	7	,	86	,	0	>
<1619	,	84	,	2		,	1	,	81	,	0	>
<1620	,	84	,	2		,	2	,	81	,	1	>
<1621	,	84	,	2		,	4	,	81	,	0	>
<1622	,	84	,	2		,	5	,	81	,	1	>
<1623	,	84	,	2		,	7	,	81	,	0	>
<1624	,	84	,	3		,	1	,	96	,	0	>
<1625	,	84	,	3		,	2	,	96	,	1	>
<1626	,	84	,	3		,	4	,	96	,	0	>
<1627	,	84	,	3		,	5	,	96	,	1	>
<1628	,	84	,	3		,	7	,	96	,	0	>
<1629	,	84	,	4		,	1	,	79	,	0	>
<1630	,	84	,	4		,	2	,	79	,	1	>
<1631	,	84	,	4		,	4	,	79	,	0	>
<1632	,	84	,	4		,	5	,	79	,	1	>
<1633	,	84	,	4		,	7	,	79	,	0	>
<1634	,	84	,	5		,	1	,	88	,	0	>
<1635	,	84	,	5		,	2	,	88	,	1	>
<1636	,	84	,	5		,	4	,	88	,	0	>
<1637	,	84	,	5		,	5	,	88	,	1	>
<1638	,	84	,	5		,	7	,	88	,	0	>
<1639	,	85	,	6		,	1	,	99	,	0	>
<1640	,	85	,	6		,	6	,	99	,	5	>
<1641	,	85	,	6		,	7	,	99	,	0	>
<1642	,	85	,	7		,	1	,	99	,	0	>
<1643	,	85	,	7		,	6	,	99	,	5	>
<1644	,	85	,	7		,	7	,	99	,	0	>
<1645	,	85	,	8		,	1	,	96	,	0	>
<1646	,	85	,	8		,	6	,	96	,	4	>
<1647	,	85	,	8		,	7	,	96	,	0	>
<1648	,	85	,	9		,	1	,	89	,	0	>
<1649	,	85	,	9		,	6	,	89	,	4	>
<1650	,	85	,	9		,	7	,	89	,	0	>
<1651	,	86	,	1		,	2	,	90	,	0	>
<1652	,	86	,	1		,	3	,	90	,	1	>
<1653	,	86	,	1		,	4	,	90	,	0	>
<1654	,	86	,	1		,	5	,	90	,	1	>
<1655	,	86	,	1		,	7	,	90	,	0	>
<1656	,	86	,	3		,	2	,	74	,	0	>
<1657	,	86	,	3		,	3	,	74	,	1	>
<1658	,	86	,	3		,	4	,	74	,	0	>
<1659	,	86	,	3		,	5	,	74	,	1	>
<1660	,	86	,	3		,	7	,	74	,	0	>
<1661	,	86	,	4		,	2	,	76	,	0	>
<1662	,	86	,	4		,	3	,	76	,	1	>
<1663	,	86	,	4		,	4	,	76	,	0	>
<1664	,	86	,	4		,	5	,	76	,	1	>
<1665	,	86	,	4		,	7	,	76	,	0	>
<1666	,	86	,	7		,	2	,	89	,	0	>
<1667	,	86	,	7		,	3	,	89	,	1	>
<1668	,	86	,	7		,	4	,	89	,	0	>
<1669	,	86	,	7		,	5	,	89	,	1	>
<1670	,	86	,	7		,	7	,	89	,	0	>
<1671	,	86	,	9		,	2	,	79	,	0	>
<1672	,	86	,	9		,	3	,	79	,	1	>
<1673	,	86	,	9		,	4	,	79	,	0	>
<1674	,	86	,	9		,	5	,	79	,	1	>
<1675	,	86	,	9		,	7	,	79	,	0	>
<1676	,	87	,	2		,	2	,	81	,	0	>
<1677	,	87	,	2		,	3	,	81	,	1	>
<1678	,	87	,	2		,	5	,	81	,	0	>
<1679	,	87	,	2		,	6	,	81	,	1	>
<1680	,	87	,	2		,	7	,	81	,	0	>
<1681	,	87	,	4		,	2	,	52	,	0	>
<1682	,	87	,	4		,	3	,	52	,	1	>
<1683	,	87	,	4		,	5	,	52	,	0	>
<1684	,	87	,	4		,	6	,	52	,	1	>
<1685	,	87	,	4		,	7	,	52	,	0	>
<1686	,	87	,	6		,	2	,	77	,	0	>
<1687	,	87	,	6		,	3	,	77	,	1	>
<1688	,	87	,	6		,	5	,	77	,	0	>
<1689	,	87	,	6		,	6	,	77	,	1	>
<1690	,	87	,	6		,	7	,	77	,	0	>
<1691	,	87	,	7		,	2	,	87	,	0	>
<1692	,	87	,	7		,	3	,	87	,	1	>
<1693	,	87	,	7		,	5	,	87	,	0	>
<1694	,	87	,	7		,	6	,	87	,	1	>
<1695	,	87	,	7		,	7	,	87	,	0	>
<1696	,	87	,	8		,	2	,	98	,	0	>
<1697	,	87	,	8		,	3	,	98	,	1	>
<1698	,	87	,	8		,	5	,	98	,	0	>
<1699	,	87	,	8		,	6	,	98	,	1	>
<1700	,	87	,	8		,	7	,	98	,	0	>
<1701	,	87	,	9		,	2	,	64	,	0	>
<1702	,	87	,	9		,	3	,	64	,	1	>
<1703	,	87	,	9		,	5	,	64	,	0	>
<1704	,	87	,	9		,	6	,	64	,	1	>
<1705	,	87	,	9		,	7	,	64	,	0	>
<1706	,	88	,	1		,	2	,	12	,	0	>
<1707	,	88	,	1		,	3	,	12	,	0	>
<1708	,	88	,	1		,	4	,	12	,	0	>
<1709	,	88	,	1		,	6	,	12	,	0	>
<1710	,	88	,	2		,	2	,	4	,	0	>
<1711	,	88	,	2		,	3	,	4	,	0	>
<1712	,	88	,	2		,	4	,	4	,	0	>
<1713	,	88	,	2		,	6	,	4	,	0	>
<1714	,	88	,	3		,	2	,	11	,	0	>
<1715	,	88	,	3		,	3	,	11	,	0	>
<1716	,	88	,	3		,	4	,	11	,	0	>
<1717	,	88	,	3		,	6	,	11	,	0	>
<1718	,	88	,	4		,	2	,	10	,	0	>
<1719	,	88	,	4		,	3	,	10	,	0	>
<1720	,	88	,	4		,	4	,	10	,	0	>
<1721	,	88	,	4		,	6	,	10	,	0	>
<1722	,	88	,	5		,	2	,	9	,	0	>
<1723	,	88	,	5		,	3	,	9	,	0	>
<1724	,	88	,	5		,	4	,	9	,	0	>
<1725	,	88	,	5		,	6	,	9	,	0	>
<1726	,	88	,	9		,	2	,	12	,	0	>
<1727	,	88	,	9		,	3	,	12	,	0	>
<1728	,	88	,	9		,	4	,	12	,	0	>
<1729	,	88	,	9		,	6	,	12	,	0	>
<1730	,	89	,	5		,	1	,	88	,	0	>
<1731	,	89	,	5		,	2	,	88	,	1	>
<1732	,	89	,	5		,	5	,	88	,	0	>
<1733	,	89	,	5		,	6	,	88	,	1	>
<1734	,	89	,	5		,	7	,	88	,	0	>
<1735	,	89	,	6		,	1	,	97	,	0	>
<1736	,	89	,	6		,	2	,	97	,	1	>
<1737	,	89	,	6		,	5	,	97	,	0	>
<1738	,	89	,	6		,	6	,	97	,	1	>
<1739	,	89	,	6		,	7	,	97	,	0	>
<1740	,	89	,	7		,	1	,	83	,	0	>
<1741	,	89	,	7		,	2	,	83	,	1	>
<1742	,	89	,	7		,	5	,	83	,	0	>
<1743	,	89	,	7		,	6	,	83	,	1	>
<1744	,	89	,	7		,	7	,	83	,	0	>
<1745	,	89	,	8		,	1	,	83	,	0	>
<1746	,	89	,	8		,	2	,	83	,	1	>
<1747	,	89	,	8		,	5	,	83	,	0	>
<1748	,	89	,	8		,	6	,	83	,	1	>
<1749	,	89	,	8		,	7	,	83	,	0	>
<1750	,	90	,	2		,	1	,	50	,	0	>
<1751	,	90	,	2		,	3	,	50	,	2	>
<1752	,	90	,	2		,	4	,	50	,	0	>
<1753	,	90	,	3		,	1	,	68	,	0	>
<1754	,	90	,	3		,	3	,	68	,	3	>
<1755	,	90	,	3		,	4	,	68	,	0	>
<1756	,	90	,	5		,	1	,	93	,	0	>
<1757	,	90	,	5		,	3	,	93	,	4	>
<1758	,	90	,	5		,	4	,	93	,	0	>
<1759	,	90	,	7		,	1	,	52	,	0	>
<1760	,	90	,	7		,	3	,	52	,	2	>
<1761	,	90	,	7		,	4	,	52	,	0	>
<1762	,	90	,	8		,	1	,	90	,	0	>
<1763	,	90	,	8		,	3	,	90	,	4	>
<1764	,	90	,	8		,	4	,	90	,	0	>
<1765	,	90	,	9		,	1	,	57	,	0	>
<1766	,	90	,	9		,	3	,	57	,	3	>
<1767	,	90	,	9		,	4	,	57	,	0	>
<1768	,	91	,	3		,	2	,	25	,	0	>
<1769	,	91	,	3		,	3	,	25	,	1	>
<1770	,	91	,	3		,	5	,	25	,	0	>
<1771	,	91	,	3		,	7	,	25	,	1	>
<1772	,	91	,	4		,	2	,	65	,	0	>
<1773	,	91	,	4		,	3	,	65	,	2	>
<1774	,	91	,	4		,	5	,	65	,	0	>
<1775	,	91	,	4		,	7	,	65	,	2	>
<1776	,	91	,	7		,	2	,	31	,	0	>
<1777	,	91	,	7		,	3	,	31	,	1	>
<1778	,	91	,	7		,	5	,	31	,	0	>
<1779	,	91	,	7		,	7	,	31	,	1	>
<1780	,	91	,	8		,	2	,	37	,	0	>
<1781	,	91	,	8		,	3	,	37	,	1	>
<1782	,	91	,	8		,	5	,	37	,	0	>
<1783	,	91	,	8		,	7	,	37	,	1	>
<1784	,	91	,	9		,	2	,	51	,	0	>
<1785	,	91	,	9		,	3	,	51	,	1	>
<1786	,	91	,	9		,	5	,	51	,	0	>
<1787	,	91	,	9		,	7	,	51	,	1	>
<1788	,	92	,	4		,	1	,	35	,	0	>
<1789	,	92	,	4		,	2	,	35	,	0	>
<1790	,	92	,	4		,	4	,	35	,	0	>
<1791	,	92	,	4		,	6	,	35	,	0	>
<1792	,	92	,	4		,	7	,	35	,	0	>
<1793	,	92	,	6		,	1	,	56	,	0	>
<1794	,	92	,	6		,	2	,	56	,	1	>
<1795	,	92	,	6		,	4	,	56	,	0	>
<1796	,	92	,	6		,	6	,	56	,	1	>
<1797	,	92	,	6		,	7	,	56	,	0	>
<1798	,	92	,	7		,	1	,	72	,	0	>
<1799	,	92	,	7		,	2	,	72	,	1	>
<1800	,	92	,	7		,	4	,	72	,	0	>
<1801	,	92	,	7		,	6	,	72	,	1	>
<1802	,	92	,	7		,	7	,	72	,	0	>
<1803	,	92	,	9		,	1	,	47	,	0	>
<1804	,	92	,	9		,	2	,	47	,	1	>
<1805	,	92	,	9		,	4	,	47	,	0	>
<1806	,	92	,	9		,	6	,	47	,	1	>
<1807	,	92	,	9		,	7	,	47	,	0	>
<1808	,	93	,	1		,	1	,	71	,	0	>
<1809	,	93	,	1		,	2	,	71	,	2	>
<1810	,	93	,	1		,	6	,	71	,	0	>
<1811	,	93	,	1		,	7	,	71	,	2	>
<1812	,	93	,	3		,	1	,	90	,	0	>
<1813	,	93	,	3		,	2	,	90	,	2	>
<1814	,	93	,	3		,	6	,	90	,	0	>
<1815	,	93	,	3		,	7	,	90	,	2	>
<1816	,	93	,	4		,	1	,	75	,	0	>
<1817	,	93	,	4		,	2	,	75	,	2	>
<1818	,	93	,	4		,	6	,	75	,	0	>
<1819	,	93	,	4		,	7	,	75	,	2	>
<1820	,	93	,	9		,	1	,	66	,	0	>
<1821	,	93	,	9		,	2	,	66	,	2	>
<1822	,	93	,	9		,	6	,	66	,	0	>
<1823	,	93	,	9		,	7	,	66	,	2	>
<1824	,	94	,	2		,	4	,	92	,	0	>
<1825	,	94	,	2		,	5	,	92	,	2	>
<1826	,	94	,	2		,	6	,	92	,	0	>
<1827	,	94	,	2		,	7	,	92	,	2	>
<1828	,	94	,	3		,	4	,	95	,	0	>
<1829	,	94	,	3		,	5	,	95	,	2	>
<1830	,	94	,	3		,	6	,	95	,	0	>
<1831	,	94	,	3		,	7	,	95	,	2	>
<1832	,	94	,	4		,	4	,	95	,	0	>
<1833	,	94	,	4		,	5	,	95	,	2	>
<1834	,	94	,	4		,	6	,	95	,	0	>
<1835	,	94	,	4		,	7	,	95	,	2	>
<1836	,	94	,	9		,	4	,	93	,	0	>
<1837	,	94	,	9		,	5	,	93	,	2	>
<1838	,	94	,	9		,	6	,	93	,	0	>
<1839	,	94	,	9		,	7	,	93	,	2	>
<1840	,	95	,	3		,	1	,	91	,	0	>
<1841	,	95	,	3		,	2	,	91	,	4	>
<1842	,	95	,	3		,	6	,	91	,	0	>
<1843	,	95	,	4		,	1	,	88	,	0	>
<1844	,	95	,	4		,	2	,	88	,	4	>
<1845	,	95	,	4		,	6	,	88	,	0	>
<1846	,	95	,	6		,	1	,	95	,	0	>
<1847	,	95	,	6		,	2	,	95	,	4	>
<1848	,	95	,	6		,	6	,	95	,	0	>
<1849	,	95	,	7		,	1	,	90	,	0	>
<1850	,	95	,	7		,	2	,	90	,	4	>
<1851	,	95	,	7		,	6	,	90	,	0	>
<1852	,	95	,	9		,	1	,	93	,	0	>
<1853	,	95	,	9		,	2	,	93	,	4	>
<1854	,	95	,	9		,	6	,	93	,	0	>
<1855	,	96	,	1		,	2	,	52	,	0	>
<1856	,	96	,	1		,	3	,	52	,	1	>
<1857	,	96	,	1		,	4	,	52	,	0	>
<1858	,	96	,	1		,	6	,	52	,	1	>
<1859	,	96	,	1		,	7	,	52	,	0	>
<1860	,	96	,	2		,	2	,	80	,	0	>
<1861	,	96	,	2		,	3	,	80	,	1	>
<1862	,	96	,	2		,	4	,	80	,	0	>
<1863	,	96	,	2		,	6	,	80	,	1	>
<1864	,	96	,	2		,	7	,	80	,	0	>
<1865	,	96	,	3		,	2	,	92	,	0	>
<1866	,	96	,	3		,	3	,	92	,	1	>
<1867	,	96	,	3		,	4	,	92	,	0	>
<1868	,	96	,	3		,	6	,	92	,	1	>
<1869	,	96	,	3		,	7	,	92	,	0	>
<1870	,	96	,	4		,	2	,	76	,	0	>
<1871	,	96	,	4		,	3	,	76	,	1	>
<1872	,	96	,	4		,	4	,	76	,	0	>
<1873	,	96	,	4		,	6	,	76	,	1	>
<1874	,	96	,	4		,	7	,	76	,	0	>
<1875	,	96	,	7		,	2	,	85	,	0	>
<1876	,	96	,	7		,	3	,	85	,	1	>
<1877	,	96	,	7		,	4	,	85	,	0	>
<1878	,	96	,	7		,	6	,	85	,	1	>
<1879	,	96	,	7		,	7	,	85	,	0	>
<1880	,	96	,	9		,	2	,	93	,	0	>
<1881	,	96	,	9		,	3	,	93	,	1	>
<1882	,	96	,	9		,	4	,	93	,	0	>
<1883	,	96	,	9		,	6	,	93	,	1	>
<1884	,	96	,	9		,	7	,	93	,	0	>
<1885	,	97	,	1		,	2	,	92	,	0	>
<1886	,	97	,	1		,	4	,	92	,	4	>
<1887	,	97	,	1		,	6	,	92	,	0	>
<1888	,	97	,	2		,	2	,	69	,	0	>
<1889	,	97	,	2		,	4	,	69	,	3	>
<1890	,	97	,	2		,	6	,	69	,	0	>
<1891	,	97	,	6		,	2	,	77	,	0	>
<1892	,	97	,	6		,	4	,	77	,	4	>
<1893	,	97	,	6		,	6	,	77	,	0	>
<1894	,	97	,	7		,	2	,	65	,	0	>
<1895	,	97	,	7		,	4	,	65	,	3	>
<1896	,	97	,	7		,	6	,	65	,	0	>
<1897	,	97	,	9		,	2	,	78	,	0	>
<1898	,	97	,	9		,	4	,	78	,	4	>
<1899	,	97	,	9		,	6	,	78	,	0	>
<1900	,	98	,	2		,	2	,	45	,	0	>
<1901	,	98	,	2		,	5	,	45	,	2	>
<1902	,	98	,	2		,	6	,	45	,	0	>
<1903	,	98	,	3		,	2	,	50	,	0	>
<1904	,	98	,	3		,	5	,	50	,	2	>
<1905	,	98	,	3		,	6	,	50	,	0	>
<1906	,	98	,	4		,	2	,	23	,	0	>
<1907	,	98	,	4		,	5	,	23	,	1	>
<1908	,	98	,	4		,	6	,	23	,	0	>
<1909	,	98	,	7		,	2	,	24	,	0	>
<1910	,	98	,	7		,	5	,	24	,	1	>
<1911	,	98	,	7		,	6	,	24	,	0	>
<1912	,	98	,	9		,	2	,	17	,	0	>
<1913	,	98	,	9		,	5	,	17	,	1	>
<1914	,	98	,	9		,	6	,	17	,	0	>
<1915	,	99	,	3		,	1	,	32	,	0	>
<1916	,	99	,	3		,	3	,	32	,	1	>
<1917	,	99	,	3		,	4	,	32	,	0	>
<1918	,	99	,	3		,	7	,	32	,	1	>
<1919	,	99	,	4		,	1	,	13	,	0	>
<1920	,	99	,	4		,	3	,	13	,	0	>
<1921	,	99	,	4		,	4	,	13	,	0	>
<1922	,	99	,	4		,	7	,	13	,	0	>
<1923	,	99	,	6		,	1	,	11	,	0	>
<1924	,	99	,	6		,	3	,	11	,	0	>
<1925	,	99	,	6		,	4	,	11	,	0	>
<1926	,	99	,	6		,	7	,	11	,	0	>
<1927	,	99	,	7		,	1	,	11	,	0	>
<1928	,	99	,	7		,	3	,	11	,	0	>
<1929	,	99	,	7		,	4	,	11	,	0	>
<1930	,	99	,	7		,	7	,	11	,	0	>
<1931	,	99	,	8		,	1	,	25	,	0	>
<1932	,	99	,	8		,	3	,	25	,	1	>
<1933	,	99	,	8		,	4	,	25	,	0	>
<1934	,	99	,	8		,	7	,	25	,	1	>
<1935	,	100	,	1		,	1	,	53	,	0	>
<1936	,	100	,	1		,	4	,	53	,	1	>
<1937	,	100	,	1		,	5	,	53	,	0	>
<1938	,	100	,	1		,	6	,	53	,	1	>
<1939	,	100	,	1		,	7	,	53	,	0	>
<1940	,	100	,	2		,	1	,	44	,	0	>
<1941	,	100	,	2		,	4	,	44	,	1	>
<1942	,	100	,	2		,	5	,	44	,	0	>
<1943	,	100	,	2		,	6	,	44	,	1	>
<1944	,	100	,	2		,	7	,	44	,	0	>
<1945	,	100	,	4		,	1	,	19	,	0	>
<1946	,	100	,	4		,	4	,	19	,	0	>
<1947	,	100	,	4		,	5	,	19	,	0	>
<1948	,	100	,	4		,	6	,	19	,	0	>
<1949	,	100	,	4		,	7	,	19	,	0	>
<1950	,	100	,	7		,	1	,	29	,	0	>
<1951	,	100	,	7		,	4	,	29	,	0	>
<1952	,	100	,	7		,	5	,	29	,	0	>
<1953	,	100	,	7		,	6	,	29	,	0	>
<1954	,	100	,	7		,	7	,	29	,	0	>
<1955	,	100	,	9		,	1	,	26	,	0	>
<1956	,	100	,	9		,	4	,	26	,	0	>
<1957	,	100	,	9		,	5	,	26	,	0	>
<1958	,	100	,	9		,	6	,	26	,	0	>
<1959	,	100	,	9		,	7	,	26	,	0	>
<1960	,	101	,	1		,	1	,	80	,	0	>
<1961	,	101	,	1		,	2	,	80	,	1	>
<1962	,	101	,	1		,	4	,	80	,	0	>
<1963	,	101	,	1		,	6	,	80	,	1	>
<1964	,	101	,	1		,	7	,	80	,	0	>
<1965	,	101	,	2		,	1	,	80	,	0	>
<1966	,	101	,	2		,	2	,	80	,	1	>
<1967	,	101	,	2		,	4	,	80	,	0	>
<1968	,	101	,	2		,	6	,	80	,	1	>
<1969	,	101	,	2		,	7	,	80	,	0	>
<1970	,	101	,	5		,	1	,	81	,	0	>
<1971	,	101	,	5		,	2	,	81	,	1	>
<1972	,	101	,	5		,	4	,	81	,	0	>
<1973	,	101	,	5		,	6	,	81	,	1	>
<1974	,	101	,	5		,	7	,	81	,	0	>
<1975	,	101	,	6		,	1	,	87	,	0	>
<1976	,	101	,	6		,	2	,	87	,	1	>
<1977	,	101	,	6		,	4	,	87	,	0	>
<1978	,	101	,	6		,	6	,	87	,	1	>
<1979	,	101	,	6		,	7	,	87	,	0	>
<1980	,	102	,	1		,	5	,	51	,	0	>
<1981	,	102	,	1		,	6	,	51	,	2	>
<1982	,	102	,	1		,	7	,	51	,	0	>
<1983	,	102	,	2		,	5	,	91	,	0	>
<1984	,	102	,	2		,	6	,	91	,	4	>
<1985	,	102	,	2		,	7	,	91	,	0	>
<1986	,	102	,	3		,	5	,	82	,	0	>
<1987	,	102	,	3		,	6	,	82	,	4	>
<1988	,	102	,	3		,	7	,	82	,	0	>
<1989	,	102	,	8		,	5	,	33	,	0	>
<1990	,	102	,	8		,	6	,	33	,	2	>
<1991	,	102	,	8		,	7	,	33	,	0	>
<1992	,	103	,	1		,	1	,	31	,	0	>
<1993	,	103	,	1		,	2	,	31	,	1	>
<1994	,	103	,	1		,	3	,	31	,	0	>
<1995	,	103	,	1		,	6	,	31	,	1	>
<1996	,	103	,	2		,	1	,	74	,	0	>
<1997	,	103	,	2		,	2	,	74	,	2	>
<1998	,	103	,	2		,	3	,	74	,	0	>
<1999	,	103	,	2		,	6	,	74	,	2	>
<2000	,	103	,	4		,	1	,	28	,	0	>
<2001	,	103	,	4		,	2	,	28	,	1	>
<2002	,	103	,	4		,	3	,	28	,	0	>
<2003	,	103	,	4		,	6	,	28	,	1	>
<2004	,	103	,	9		,	1	,	33	,	0	>
<2005	,	103	,	9		,	2	,	33	,	1	>
<2006	,	103	,	9		,	3	,	33	,	0	>
<2007	,	103	,	9		,	6	,	33	,	1	>
<2008	,	104	,	1		,	2	,	71	,	0	>
<2009	,	104	,	1		,	3	,	71	,	3	>
<2010	,	104	,	1		,	7	,	71	,	0	>
<2011	,	104	,	3		,	2	,	43	,	0	>
<2012	,	104	,	3		,	3	,	43	,	2	>
<2013	,	104	,	3		,	7	,	43	,	0	>
<2014	,	104	,	4		,	2	,	92	,	0	>
<2015	,	104	,	4		,	3	,	92	,	4	>
<2016	,	104	,	4		,	7	,	92	,	0	>
<2017	,	104	,	6		,	2	,	79	,	0	>
<2018	,	104	,	6		,	3	,	79	,	4	>
<2019	,	104	,	6		,	7	,	79	,	0	>
<2020	,	104	,	9		,	2	,	40	,	0	>
<2021	,	104	,	9		,	3	,	40	,	2	>
<2022	,	104	,	9		,	7	,	40	,	0	>
<2023	,	105	,	3		,	3	,	22	,	0	>
<2024	,	105	,	3		,	4	,	22	,	1	>
<2025	,	105	,	3		,	6	,	22	,	0	>
<2026	,	105	,	3		,	7	,	22	,	1	>
<2027	,	105	,	5		,	3	,	12	,	0	>
<2028	,	105	,	5		,	4	,	12	,	0	>
<2029	,	105	,	5		,	6	,	12	,	0	>
<2030	,	105	,	5		,	7	,	12	,	0	>
<2031	,	105	,	6		,	3	,	28	,	0	>
<2032	,	105	,	6		,	4	,	28	,	1	>
<2033	,	105	,	6		,	6	,	28	,	0	>
<2034	,	105	,	6		,	7	,	28	,	1	>
<2035	,	105	,	7		,	3	,	30	,	0	>
<2036	,	105	,	7		,	4	,	30	,	1	>
<2037	,	105	,	7		,	6	,	30	,	0	>
<2038	,	105	,	7		,	7	,	30	,	1	>
<2039	,	106	,	1		,	2	,	42	,	0	>
<2040	,	106	,	1		,	3	,	42	,	2	>
<2041	,	106	,	1		,	4	,	42	,	0	>
<2042	,	106	,	2		,	2	,	53	,	0	>
<2043	,	106	,	2		,	3	,	53	,	2	>
<2044	,	106	,	2		,	4	,	53	,	0	>
<2045	,	106	,	4		,	2	,	24	,	0	>
<2046	,	106	,	4		,	3	,	24	,	1	>
<2047	,	106	,	4		,	4	,	24	,	0	>
<2048	,	106	,	5		,	2	,	36	,	0	>
<2049	,	106	,	5		,	3	,	36	,	2	>
<2050	,	106	,	5		,	4	,	36	,	0	>
<2051	,	106	,	7		,	2	,	18	,	0	>
<2052	,	106	,	7		,	3	,	18	,	1	>
<2053	,	106	,	7		,	4	,	18	,	0	>
<2054	,	106	,	8		,	2	,	39	,	0	>
<2055	,	106	,	8		,	3	,	39	,	2	>
<2056	,	106	,	8		,	4	,	39	,	0	>
<2057	,	107	,	1		,	1	,	3	,	0	>
<2058	,	107	,	1		,	2	,	3	,	0	>
<2059	,	107	,	1		,	3	,	3	,	0	>
<2060	,	107	,	1		,	4	,	3	,	0	>
<2061	,	107	,	1		,	5	,	3	,	0	>
<2062	,	107	,	3		,	1	,	4	,	0	>
<2063	,	107	,	3		,	2	,	4	,	0	>
<2064	,	107	,	3		,	3	,	4	,	0	>
<2065	,	107	,	3		,	4	,	4	,	0	>
<2066	,	107	,	3		,	5	,	4	,	0	>
<2067	,	107	,	4		,	1	,	5	,	0	>
<2068	,	107	,	4		,	2	,	5	,	0	>
<2069	,	107	,	4		,	3	,	5	,	0	>
<2070	,	107	,	4		,	4	,	5	,	0	>
<2071	,	107	,	4		,	5	,	5	,	0	>
<2072	,	107	,	6		,	1	,	3	,	0	>
<2073	,	107	,	6		,	2	,	3	,	0	>
<2074	,	107	,	6		,	3	,	3	,	0	>
<2075	,	107	,	6		,	4	,	3	,	0	>
<2076	,	107	,	6		,	5	,	3	,	0	>
<2077	,	107	,	7		,	1	,	6	,	0	>
<2078	,	107	,	7		,	2	,	6	,	0	>
<2079	,	107	,	7		,	3	,	6	,	0	>
<2080	,	107	,	7		,	4	,	6	,	0	>
<2081	,	107	,	7		,	5	,	6	,	0	>
<2082	,	107	,	8		,	1	,	2	,	0	>
<2083	,	107	,	8		,	2	,	2	,	0	>
<2084	,	107	,	8		,	3	,	2	,	0	>
<2085	,	107	,	8		,	4	,	2	,	0	>
<2086	,	107	,	8		,	5	,	2	,	0	>
<2087	,	108	,	1		,	1	,	95	,	0	>
<2088	,	108	,	1		,	2	,	95	,	2	>
<2089	,	108	,	1		,	3	,	95	,	0	>
<2090	,	108	,	1		,	6	,	95	,	2	>
<2091	,	108	,	2		,	1	,	95	,	0	>
<2092	,	108	,	2		,	2	,	95	,	2	>
<2093	,	108	,	2		,	3	,	95	,	0	>
<2094	,	108	,	2		,	6	,	95	,	2	>
<2095	,	108	,	4		,	1	,	91	,	0	>
<2096	,	108	,	4		,	2	,	91	,	2	>
<2097	,	108	,	4		,	3	,	91	,	0	>
<2098	,	108	,	4		,	6	,	91	,	2	>
<2099	,	108	,	5		,	1	,	91	,	0	>
<2100	,	108	,	5		,	2	,	91	,	2	>
<2101	,	108	,	5		,	3	,	91	,	0	>
<2102	,	108	,	5		,	6	,	91	,	2	>
<2103	,	108	,	8		,	1	,	99	,	0	>
<2104	,	108	,	8		,	2	,	99	,	3	>
<2105	,	108	,	8		,	3	,	99	,	0	>
<2106	,	108	,	8		,	6	,	99	,	3	>
<2107	,	108	,	9		,	1	,	92	,	0	>
<2108	,	108	,	9		,	2	,	92	,	2	>
<2109	,	108	,	9		,	3	,	92	,	0	>
<2110	,	108	,	9		,	6	,	92	,	2	>
<2111	,	109	,	2		,	2	,	68	,	0	>
<2112	,	109	,	2		,	3	,	68	,	2	>
<2113	,	109	,	2		,	4	,	68	,	0	>
<2114	,	109	,	2		,	6	,	68	,	2	>
<2115	,	109	,	5		,	2	,	46	,	0	>
<2116	,	109	,	5		,	3	,	46	,	1	>
<2117	,	109	,	5		,	4	,	46	,	0	>
<2118	,	109	,	5		,	6	,	46	,	1	>
<2119	,	109	,	7		,	2	,	79	,	0	>
<2120	,	109	,	7		,	3	,	79	,	2	>
<2121	,	109	,	7		,	4	,	79	,	0	>
<2122	,	109	,	7		,	6	,	79	,	2	>
<2123	,	109	,	8		,	2	,	47	,	0	>
<2124	,	109	,	8		,	3	,	47	,	1	>
<2125	,	109	,	8		,	4	,	47	,	0	>
<2126	,	109	,	8		,	6	,	47	,	1	>
<2127	,	110	,	1		,	2	,	89	,	0	>
<2128	,	110	,	1		,	3	,	89	,	4	>
<2129	,	110	,	1		,	6	,	89	,	0	>
<2130	,	110	,	5		,	2	,	98	,	0	>
<2131	,	110	,	5		,	3	,	98	,	5	>
<2132	,	110	,	5		,	6	,	98	,	0	>
<2133	,	110	,	6		,	2	,	76	,	0	>
<2134	,	110	,	6		,	3	,	76	,	4	>
<2135	,	110	,	6		,	6	,	76	,	0	>
<2136	,	110	,	7		,	2	,	80	,	0	>
<2137	,	110	,	7		,	3	,	80	,	4	>
<2138	,	110	,	7		,	6	,	80	,	0	>
<2139	,	110	,	8		,	2	,	75	,	0	>
<2140	,	110	,	8		,	3	,	75	,	4	>
<2141	,	110	,	8		,	6	,	75	,	0	>
<2142	,	110	,	9		,	2	,	81	,	0	>
<2143	,	110	,	9		,	3	,	81	,	4	>
<2144	,	110	,	9		,	6	,	81	,	0	>
<2145	,	111	,	1		,	1	,	69	,	0	>
<2146	,	111	,	1		,	2	,	69	,	2	>
<2147	,	111	,	1		,	4	,	69	,	0	>
<2148	,	111	,	1		,	6	,	69	,	2	>
<2149	,	111	,	2		,	1	,	99	,	0	>
<2150	,	111	,	2		,	2	,	99	,	3	>
<2151	,	111	,	2		,	4	,	99	,	0	>
<2152	,	111	,	2		,	6	,	99	,	3	>
<2153	,	111	,	3		,	1	,	90	,	0	>
<2154	,	111	,	3		,	2	,	90	,	2	>
<2155	,	111	,	3		,	4	,	90	,	0	>
<2156	,	111	,	3		,	6	,	90	,	2	>
<2157	,	111	,	5		,	1	,	92	,	0	>
<2158	,	111	,	5		,	2	,	92	,	2	>
<2159	,	111	,	5		,	4	,	92	,	0	>
<2160	,	111	,	5		,	6	,	92	,	2	>
<2161	,	111	,	6		,	1	,	70	,	0	>
<2162	,	111	,	6		,	2	,	70	,	2	>
<2163	,	111	,	6		,	4	,	70	,	0	>
<2164	,	111	,	6		,	6	,	70	,	2	>
<2165	,	112	,	2		,	1	,	35	,	0	>
<2166	,	112	,	2		,	2	,	35	,	0	>
<2167	,	112	,	2		,	3	,	35	,	0	>
<2168	,	112	,	2		,	4	,	35	,	0	>
<2169	,	112	,	2		,	7	,	35	,	0	>
<2170	,	112	,	3		,	1	,	51	,	0	>
<2171	,	112	,	3		,	2	,	51	,	1	>
<2172	,	112	,	3		,	3	,	51	,	0	>
<2173	,	112	,	3		,	4	,	51	,	1	>
<2174	,	112	,	3		,	7	,	51	,	0	>
<2175	,	112	,	8		,	1	,	32	,	0	>
<2176	,	112	,	8		,	2	,	32	,	0	>
<2177	,	112	,	8		,	3	,	32	,	0	>
<2178	,	112	,	8		,	4	,	32	,	0	>
<2179	,	112	,	8		,	7	,	32	,	0	>
<2180	,	112	,	9		,	1	,	93	,	0	>
<2181	,	112	,	9		,	2	,	93	,	1	>
<2182	,	112	,	9		,	3	,	93	,	0	>
<2183	,	112	,	9		,	4	,	93	,	1	>
<2184	,	112	,	9		,	7	,	93	,	0	>
<2185	,	113	,	2		,	2	,	58	,	0	>
<2186	,	113	,	2		,	3	,	58	,	2	>
<2187	,	113	,	2		,	5	,	58	,	0	>
<2188	,	113	,	2		,	7	,	58	,	2	>
<2189	,	113	,	3		,	2	,	57	,	0	>
<2190	,	113	,	3		,	3	,	57	,	1	>
<2191	,	113	,	3		,	5	,	57	,	0	>
<2192	,	113	,	3		,	7	,	57	,	1	>
<2193	,	113	,	4		,	2	,	79	,	0	>
<2194	,	113	,	4		,	3	,	79	,	2	>
<2195	,	113	,	4		,	5	,	79	,	0	>
<2196	,	113	,	4		,	7	,	79	,	2	>
<2197	,	113	,	7		,	2	,	65	,	0	>
<2198	,	113	,	7		,	3	,	65	,	2	>
<2199	,	113	,	7		,	5	,	65	,	0	>
<2200	,	113	,	7		,	7	,	65	,	2	>
<2201	,	113	,	8		,	2	,	52	,	0	>
<2202	,	113	,	8		,	3	,	52	,	1	>
<2203	,	113	,	8		,	5	,	52	,	0	>
<2204	,	113	,	8		,	7	,	52	,	1	>
<2205	,	113	,	9		,	2	,	94	,	0	>
<2206	,	113	,	9		,	3	,	94	,	2	>
<2207	,	113	,	9		,	5	,	94	,	0	>
<2208	,	113	,	9		,	7	,	94	,	2	>
<2209	,	114	,	3		,	2	,	72	,	0	>
<2210	,	114	,	3		,	4	,	72	,	2	>
<2211	,	114	,	3		,	6	,	72	,	0	>
<2212	,	114	,	3		,	7	,	72	,	2	>
<2213	,	114	,	5		,	2	,	91	,	0	>
<2214	,	114	,	5		,	4	,	91	,	2	>
<2215	,	114	,	5		,	6	,	91	,	0	>
<2216	,	114	,	5		,	7	,	91	,	2	>
<2217	,	114	,	6		,	2	,	76	,	0	>
<2218	,	114	,	6		,	4	,	76	,	2	>
<2219	,	114	,	6		,	6	,	76	,	0	>
<2220	,	114	,	6		,	7	,	76	,	2	>
<2221	,	114	,	7		,	2	,	83	,	0	>
<2222	,	114	,	7		,	4	,	83	,	2	>
<2223	,	114	,	7		,	6	,	83	,	0	>
<2224	,	114	,	7		,	7	,	83	,	2	>
<2225	,	114	,	8		,	2	,	55	,	0	>
<2226	,	114	,	8		,	4	,	55	,	1	>
<2227	,	114	,	8		,	6	,	55	,	0	>
<2228	,	114	,	8		,	7	,	55	,	1	>
<2229	,	114	,	9		,	2	,	58	,	0	>
<2230	,	114	,	9		,	4	,	58	,	2	>
<2231	,	114	,	9		,	6	,	58	,	0	>
<2232	,	114	,	9		,	7	,	58	,	2	>
<2233	,	115	,	1		,	2	,	89	,	0	>
<2234	,	115	,	1		,	6	,	89	,	4	>
<2235	,	115	,	1		,	7	,	89	,	0	>
<2236	,	115	,	2		,	2	,	84	,	0	>
<2237	,	115	,	2		,	6	,	84	,	4	>
<2238	,	115	,	2		,	7	,	84	,	0	>
<2239	,	115	,	3		,	2	,	86	,	0	>
<2240	,	115	,	3		,	6	,	86	,	4	>
<2241	,	115	,	3		,	7	,	86	,	0	>
<2242	,	115	,	6		,	2	,	92	,	0	>
<2243	,	115	,	6		,	6	,	92	,	4	>
<2244	,	115	,	6		,	7	,	92	,	0	>
<2245	,	115	,	7		,	2	,	88	,	0	>
<2246	,	115	,	7		,	6	,	88	,	4	>
<2247	,	115	,	7		,	7	,	88	,	0	>
<2248	,	116	,	2		,	2	,	64	,	0	>
<2249	,	116	,	2		,	4	,	64	,	1	>
<2250	,	116	,	2		,	5	,	64	,	0	>
<2251	,	116	,	2		,	6	,	64	,	1	>
<2252	,	116	,	2		,	7	,	64	,	0	>
<2253	,	116	,	4		,	2	,	72	,	0	>
<2254	,	116	,	4		,	4	,	72	,	1	>
<2255	,	116	,	4		,	5	,	72	,	0	>
<2256	,	116	,	4		,	6	,	72	,	1	>
<2257	,	116	,	4		,	7	,	72	,	0	>
<2258	,	116	,	5		,	2	,	64	,	0	>
<2259	,	116	,	5		,	4	,	64	,	1	>
<2260	,	116	,	5		,	5	,	64	,	0	>
<2261	,	116	,	5		,	6	,	64	,	1	>
<2262	,	116	,	5		,	7	,	64	,	0	>
<2263	,	116	,	8		,	2	,	97	,	0	>
<2264	,	116	,	8		,	4	,	97	,	1	>
<2265	,	116	,	8		,	5	,	97	,	0	>
<2266	,	116	,	8		,	6	,	97	,	1	>
<2267	,	116	,	8		,	7	,	97	,	0	>
<2268	,	117	,	1		,	1	,	67	,	0	>
<2269	,	117	,	1		,	2	,	67	,	1	>
<2270	,	117	,	1		,	4	,	67	,	0	>
<2271	,	117	,	1		,	6	,	67	,	1	>
<2272	,	117	,	1		,	7	,	67	,	0	>
<2273	,	117	,	4		,	1	,	99	,	0	>
<2274	,	117	,	4		,	2	,	99	,	1	>
<2275	,	117	,	4		,	4	,	99	,	0	>
<2276	,	117	,	4		,	6	,	99	,	1	>
<2277	,	117	,	4		,	7	,	99	,	0	>
<2278	,	117	,	5		,	1	,	59	,	0	>
<2279	,	117	,	5		,	2	,	59	,	1	>
<2280	,	117	,	5		,	4	,	59	,	0	>
<2281	,	117	,	5		,	6	,	59	,	1	>
<2282	,	117	,	5		,	7	,	59	,	0	>
<2283	,	117	,	6		,	1	,	98	,	0	>
<2284	,	117	,	6		,	2	,	98	,	1	>
<2285	,	117	,	6		,	4	,	98	,	0	>
<2286	,	117	,	6		,	6	,	98	,	1	>
<2287	,	117	,	6		,	7	,	98	,	0	>
<2288	,	117	,	8		,	1	,	92	,	0	>
<2289	,	117	,	8		,	2	,	92	,	1	>
<2290	,	117	,	8		,	4	,	92	,	0	>
<2291	,	117	,	8		,	6	,	92	,	1	>
<2292	,	117	,	8		,	7	,	92	,	0	>
<2293	,	118	,	3		,	1	,	70	,	0	>
<2294	,	118	,	3		,	2	,	70	,	1	>
<2295	,	118	,	3		,	3	,	70	,	0	>
<2296	,	118	,	3		,	6	,	70	,	1	>
<2297	,	118	,	3		,	7	,	70	,	0	>
<2298	,	118	,	7		,	1	,	63	,	0	>
<2299	,	118	,	7		,	2	,	63	,	1	>
<2300	,	118	,	7		,	3	,	63	,	0	>
<2301	,	118	,	7		,	6	,	63	,	1	>
<2302	,	118	,	7		,	7	,	63	,	0	>
<2303	,	118	,	8		,	1	,	72	,	0	>
<2304	,	118	,	8		,	2	,	72	,	1	>
<2305	,	118	,	8		,	3	,	72	,	0	>
<2306	,	118	,	8		,	6	,	72	,	1	>
<2307	,	118	,	8		,	7	,	72	,	0	>
<2308	,	118	,	9		,	1	,	95	,	0	>
<2309	,	118	,	9		,	2	,	95	,	1	>
<2310	,	118	,	9		,	3	,	95	,	0	>
<2311	,	118	,	9		,	6	,	95	,	1	>
<2312	,	118	,	9		,	7	,	95	,	0	>
<2313	,	119	,	1		,	1	,	24	,	0	>
<2314	,	119	,	1		,	4	,	24	,	0	>
<2315	,	119	,	1		,	5	,	24	,	0	>
<2316	,	119	,	1		,	6	,	24	,	0	>
<2317	,	119	,	1		,	7	,	24	,	0	>
<2318	,	119	,	3		,	1	,	23	,	0	>
<2319	,	119	,	3		,	4	,	23	,	0	>
<2320	,	119	,	3		,	5	,	23	,	0	>
<2321	,	119	,	3		,	6	,	23	,	0	>
<2322	,	119	,	3		,	7	,	23	,	0	>
<2323	,	119	,	6		,	1	,	8	,	0	>
<2324	,	119	,	6		,	4	,	8	,	0	>
<2325	,	119	,	6		,	5	,	8	,	0	>
<2326	,	119	,	6		,	6	,	8	,	0	>
<2327	,	119	,	6		,	7	,	8	,	0	>
<2328	,	119	,	7		,	1	,	8	,	0	>
<2329	,	119	,	7		,	4	,	8	,	0	>
<2330	,	119	,	7		,	5	,	8	,	0	>
<2331	,	119	,	7		,	6	,	8	,	0	>
<2332	,	119	,	7		,	7	,	8	,	0	>
<2333	,	119	,	8		,	1	,	23	,	0	>
<2334	,	119	,	8		,	4	,	23	,	0	>
<2335	,	119	,	8		,	5	,	23	,	0	>
<2336	,	119	,	8		,	6	,	23	,	0	>
<2337	,	119	,	8		,	7	,	23	,	0	>
<2338	,	119	,	9		,	1	,	23	,	0	>
<2339	,	119	,	9		,	4	,	23	,	0	>
<2340	,	119	,	9		,	5	,	23	,	0	>
<2341	,	119	,	9		,	6	,	23	,	0	>
<2342	,	119	,	9		,	7	,	23	,	0	>
<2343	,	120	,	2		,	1	,	82	,	0	>
<2344	,	120	,	2		,	3	,	82	,	2	>
<2345	,	120	,	2		,	6	,	82	,	0	>
<2346	,	120	,	2		,	7	,	82	,	2	>
<2347	,	120	,	3		,	1	,	99	,	0	>
<2348	,	120	,	3		,	3	,	99	,	3	>
<2349	,	120	,	3		,	6	,	99	,	0	>
<2350	,	120	,	3		,	7	,	99	,	3	>
<2351	,	120	,	4		,	1	,	92	,	0	>
<2352	,	120	,	4		,	3	,	92	,	2	>
<2353	,	120	,	4		,	6	,	92	,	0	>
<2354	,	120	,	4		,	7	,	92	,	2	>
<2355	,	120	,	6		,	1	,	90	,	0	>
<2356	,	120	,	6		,	3	,	90	,	2	>
<2357	,	120	,	6		,	6	,	90	,	0	>
<2358	,	120	,	6		,	7	,	90	,	2	>
<2359	,	120	,	8		,	1	,	95	,	0	>
<2360	,	120	,	8		,	3	,	95	,	2	>
<2361	,	120	,	8		,	6	,	95	,	0	>
<2362	,	120	,	8		,	7	,	95	,	2	>
<2363	,	120	,	9		,	1	,	99	,	0	>
<2364	,	120	,	9		,	3	,	99	,	3	>
<2365	,	120	,	9		,	6	,	99	,	0	>
<2366	,	120	,	9		,	7	,	99	,	3	>
<2367	,	121	,	1		,	1	,	26	,	0	>
<2368	,	121	,	1		,	3	,	26	,	1	>
<2369	,	121	,	1		,	5	,	26	,	0	>
<2370	,	121	,	1		,	7	,	26	,	1	>
<2371	,	121	,	2		,	1	,	27	,	0	>
<2372	,	121	,	2		,	3	,	27	,	1	>
<2373	,	121	,	2		,	5	,	27	,	0	>
<2374	,	121	,	2		,	7	,	27	,	1	>
<2375	,	121	,	5		,	1	,	24	,	0	>
<2376	,	121	,	5		,	3	,	24	,	1	>
<2377	,	121	,	5		,	5	,	24	,	0	>
<2378	,	121	,	5		,	7	,	24	,	1	>
<2379	,	121	,	6		,	1	,	9	,	0	>
<2380	,	121	,	6		,	3	,	9	,	0	>
<2381	,	121	,	6		,	5	,	9	,	0	>
<2382	,	121	,	6		,	7	,	9	,	0	>
<2383	,	121	,	7		,	1	,	20	,	0	>
<2384	,	121	,	7		,	3	,	20	,	1	>
<2385	,	121	,	7		,	5	,	20	,	0	>
<2386	,	121	,	7		,	7	,	20	,	1	>
<2387	,	122	,	1		,	1	,	60	,	0	>
<2388	,	122	,	1		,	4	,	60	,	3	>
<2389	,	122	,	1		,	7	,	60	,	0	>
<2390	,	122	,	2		,	1	,	76	,	0	>
<2391	,	122	,	2		,	4	,	76	,	4	>
<2392	,	122	,	2		,	7	,	76	,	0	>
<2393	,	122	,	4		,	1	,	55	,	0	>
<2394	,	122	,	4		,	4	,	55	,	3	>
<2395	,	122	,	4		,	7	,	55	,	0	>
<2396	,	122	,	9		,	1	,	64	,	0	>
<2397	,	122	,	9		,	4	,	64	,	3	>
<2398	,	122	,	9		,	7	,	64	,	0	>
<2399	,	123	,	1		,	1	,	93	,	0	>
<2400	,	123	,	1		,	2	,	93	,	2	>
<2401	,	123	,	1		,	3	,	93	,	0	>
<2402	,	123	,	1		,	5	,	93	,	2	>
<2403	,	123	,	3		,	1	,	85	,	0	>
<2404	,	123	,	3		,	2	,	85	,	2	>
<2405	,	123	,	3		,	3	,	85	,	0	>
<2406	,	123	,	3		,	5	,	85	,	2	>
<2407	,	123	,	6		,	1	,	73	,	0	>
<2408	,	123	,	6		,	2	,	73	,	2	>
<2409	,	123	,	6		,	3	,	73	,	0	>
<2410	,	123	,	6		,	5	,	73	,	2	>
<2411	,	123	,	7		,	1	,	89	,	0	>
<2412	,	123	,	7		,	2	,	89	,	2	>
<2413	,	123	,	7		,	3	,	89	,	0	>
<2414	,	123	,	7		,	5	,	89	,	2	>
<2415	,	124	,	4		,	1	,	84	,	0	>
<2416	,	124	,	4		,	2	,	84	,	1	>
<2417	,	124	,	4		,	3	,	84	,	0	>
<2418	,	124	,	4		,	4	,	84	,	1	>
<2419	,	124	,	4		,	6	,	84	,	0	>
<2420	,	124	,	7		,	1	,	88	,	0	>
<2421	,	124	,	7		,	2	,	88	,	1	>
<2422	,	124	,	7		,	3	,	88	,	0	>
<2423	,	124	,	7		,	4	,	88	,	1	>
<2424	,	124	,	7		,	6	,	88	,	0	>
<2425	,	124	,	8		,	1	,	99	,	0	>
<2426	,	124	,	8		,	2	,	99	,	1	>
<2427	,	124	,	8		,	3	,	99	,	0	>
<2428	,	124	,	8		,	4	,	99	,	1	>
<2429	,	124	,	8		,	6	,	99	,	0	>
<2430	,	124	,	9		,	1	,	99	,	0	>
<2431	,	124	,	9		,	2	,	99	,	1	>
<2432	,	124	,	9		,	3	,	99	,	0	>
<2433	,	124	,	9		,	4	,	99	,	1	>
<2434	,	124	,	9		,	6	,	99	,	0	>
<2435	,	125	,	2		,	2	,	76	,	0	>
<2436	,	125	,	2		,	3	,	76	,	4	>
<2437	,	125	,	2		,	7	,	76	,	0	>
<2438	,	125	,	3		,	2	,	79	,	0	>
<2439	,	125	,	3		,	3	,	79	,	4	>
<2440	,	125	,	3		,	7	,	79	,	0	>
<2441	,	125	,	5		,	2	,	89	,	0	>
<2442	,	125	,	5		,	3	,	89	,	4	>
<2443	,	125	,	5		,	7	,	89	,	0	>
<2444	,	125	,	8		,	2	,	70	,	0	>
<2445	,	125	,	8		,	3	,	70	,	3	>
<2446	,	125	,	8		,	7	,	70	,	0	>
<2447	,	126	,	1		,	1	,	47	,	0	>
<2448	,	126	,	1		,	2	,	47	,	1	>
<2449	,	126	,	1		,	3	,	47	,	0	>
<2450	,	126	,	1		,	4	,	47	,	1	>
<2451	,	126	,	1		,	5	,	47	,	0	>
<2452	,	126	,	4		,	1	,	47	,	0	>
<2453	,	126	,	4		,	2	,	47	,	1	>
<2454	,	126	,	4		,	3	,	47	,	0	>
<2455	,	126	,	4		,	4	,	47	,	1	>
<2456	,	126	,	4		,	5	,	47	,	0	>
<2457	,	126	,	6		,	1	,	62	,	0	>
<2458	,	126	,	6		,	2	,	62	,	1	>
<2459	,	126	,	6		,	3	,	62	,	0	>
<2460	,	126	,	6		,	4	,	62	,	1	>
<2461	,	126	,	6		,	5	,	62	,	0	>
<2462	,	126	,	8		,	1	,	31	,	0	>
<2463	,	126	,	8		,	2	,	31	,	0	>
<2464	,	126	,	8		,	3	,	31	,	0	>
<2465	,	126	,	8		,	4	,	31	,	0	>
<2466	,	126	,	8		,	5	,	31	,	0	>
<2467	,	127	,	2		,	1	,	92	,	0	>
<2468	,	127	,	2		,	3	,	92	,	2	>
<2469	,	127	,	2		,	5	,	92	,	0	>
<2470	,	127	,	2		,	6	,	92	,	2	>
<2471	,	127	,	3		,	1	,	87	,	0	>
<2472	,	127	,	3		,	3	,	87	,	2	>
<2473	,	127	,	3		,	5	,	87	,	0	>
<2474	,	127	,	3		,	6	,	87	,	2	>
<2475	,	127	,	5		,	1	,	90	,	0	>
<2476	,	127	,	5		,	3	,	90	,	2	>
<2477	,	127	,	5		,	5	,	90	,	0	>
<2478	,	127	,	5		,	6	,	90	,	2	>
<2479	,	127	,	6		,	1	,	87	,	0	>
<2480	,	127	,	6		,	3	,	87	,	2	>
<2481	,	127	,	6		,	5	,	87	,	0	>
<2482	,	127	,	6		,	6	,	87	,	2	>
};
