// XtraLGS resolución directa wxda30 hechoDRChibridando_DAFJS030_W7_2_12_7_3inst2_98ops10m7w10jobs Alobruto 2023modos mks732 32196s 9h
//  06abr26 9:00 ¿?¿?¿. Con lags en horquilla [1,3]
IS_ALOBRUTO=1;

// DAFJSP030... pero DRC con uno mío: hechoDRChibridando_DAFJS030_W7_2_12_7_3inst2_98ops10m7w10jobs.txt
//        Ntaks, nMachs, nWORKERs
Params = <98,10,7>;

precedences ={
<	1	,	2	,	0	>,
<	2	,	5	,	0	>,
<	1	,	3	,	0	>,
<	3	,	5	,	0	>,
<	1	,	4	,	0	>,
<	4	,	5	,	0	>,
<	5	,	6	,	0	>,
<	6	,	7	,	0	>,
<	7	,	8	,	0	>,
<	8	,	9	,	0	>,
<	9	,	10	,	0	>,
<	11	,	12	,	0	>,
<	12	,	13	,	0	>,
<	13	,	14	,	0	>,
<	14	,	15	,	0	>,
<	15	,	16	,	0	>,
<	15	,	17	,	0	>,
<	18	,	19	,	0	>,
<	19	,	20	,	0	>,
<	20	,	21	,	0	>,
<	21	,	22	,	0	>,
<	22	,	25	,	0	>,
<	20	,	23	,	0	>,
<	23	,	24	,	0	>,
<	24	,	25	,	0	>,
<	26	,	27	,	0	>,
<	27	,	28	,	0	>,
<	28	,	29	,	0	>,
<	29	,	30	,	0	>,
<	30	,	31	,	0	>,
<	31	,	32	,	0	>,
<	31	,	33	,	0	>,
<	31	,	34	,	0	>,
<	35	,	36	,	0	>,
<	36	,	37	,	0	>,
<	37	,	38	,	0	>,
<	38	,	43	,	0	>,
<	39	,	40	,	0	>,
<	40	,	41	,	0	>,
<	41	,	42	,	0	>,
<	42	,	43	,	0	>,
<	43	,	44	,	0	>,
<	44	,	45	,	0	>,
<	46	,	47	,	0	>,
<	47	,	48	,	0	>,
<	48	,	51	,	0	>,
<	46	,	49	,	0	>,
<	49	,	50	,	0	>,
<	50	,	51	,	0	>,
<	51	,	52	,	0	>,
<	53	,	54	,	0	>,
<	54	,	55	,	0	>,
<	55	,	56	,	0	>,
<	56	,	57	,	0	>,
<	57	,	58	,	0	>,
<	58	,	59	,	0	>,
<	53	,	60	,	0	>,
<	60	,	61	,	0	>,
<	61	,	62	,	0	>,
<	62	,	63	,	0	>,
<	63	,	64	,	0	>,
<	64	,	65	,	0	>,
<	53	,	66	,	0	>,
<	66	,	67	,	0	>,
<	67	,	68	,	0	>,
<	68	,	69	,	0	>,
<	69	,	70	,	0	>,
<	70	,	71	,	0	>,
<	72	,	73	,	0	>,
<	73	,	74	,	0	>,
<	74	,	75	,	0	>,
<	75	,	76	,	0	>,
<	76	,	77	,	0	>,
<	77	,	78	,	0	>,
<	77	,	79	,	0	>,
<	77	,	80	,	0	>,
<	81	,	82	,	0	>,
<	82	,	83	,	0	>,
<	83	,	84	,	0	>,
<	84	,	85	,	0	>,
<	85	,	86	,	0	>,
<	86	,	89	,	0	>,
<	85	,	87	,	0	>,
<	87	,	89	,	0	>,
<	85	,	88	,	0	>,
<	88	,	89	,	0	>,
<	89	,	90	,	0	>,
<	91	,	92	,	0	>,
<	92	,	93	,	0	>,
<	93	,	94	,	0	>,
<	94	,	95	,	0	>,
<	95	,	96	,	0	>,
<	96	,	97	,	0	>,
<	96	,	98	,	0	>
};


Modes = {
<0 , 1 , 2, 1, 89,		0	>
<1 , 1 , 2, 2, 89,		1	>
<2 , 1 , 2, 3, 89,		0	>
<3 , 1 , 2, 5, 89,		1	>
<4 , 1 , 2, 7, 89,		0	>
<5 , 1 , 3, 1, 86,		0	>
<6 , 1 , 3, 2, 86,		1	>
<7 , 1 , 3, 3, 86,		0	>
<8 , 1 , 3, 5, 86,		1	>
<9 , 1 , 3, 7, 86,		0	>
<10 , 1 , 5, 1, 91,		0	>
<11 , 1 , 5, 2, 91,		1	>
<12 , 1 , 5, 3, 91,		0	>
<13 , 1 , 5, 5, 91,		1	>
<14 , 1 , 5, 7, 91,		0	>
<15 , 1 , 6, 1, 88,		0	>
<16 , 1 , 6, 2, 88,		1	>
<17 , 1 , 6, 3, 88,		0	>
<18 , 1 , 6, 5, 88,		1	>
<19 , 1 , 6, 7, 88,		0	>
<20 , 1 , 7, 1, 98,		0	>
<21 , 1 , 7, 2, 98,		1	>
<22 , 1 , 7, 3, 98,		0	>
<23 , 1 , 7, 5, 98,		1	>
<24 , 1 , 7, 7, 98,		0	>
<25 , 1 , 8, 1, 85,		0	>
<26 , 1 , 8, 2, 85,		1	>
<27 , 1 , 8, 3, 85,		0	>
<28 , 1 , 8, 5, 85,		1	>
<29 , 1 , 8, 7, 85,		0	>
<30 , 1 , 10, 1, 88,		0	>
<31 , 1 , 10, 2, 88,		1	>
<32 , 1 , 10, 3, 88,		0	>
<33 , 1 , 10, 5, 88,		1	>
<34 , 1 , 10, 7, 88,		0	>
<35 , 2 , 1, 2, 82,		0	>
<36 , 2 , 1, 4, 82,		2	>
<37 , 2 , 1, 7, 82,		0	>
<38 , 2 , 2, 2, 95,		0	>
<39 , 2 , 2, 4, 95,		3	>
<40 , 2 , 2, 7, 95,		0	>
<41 , 2 , 3, 2, 66,		0	>
<42 , 2 , 3, 4, 66,		2	>
<43 , 2 , 3, 7, 66,		0	>
<44 , 3 , 2, 1, 97,		0	>
<45 , 3 , 2, 5, 97,		1	>
<46 , 3 , 2, 6, 97,		0	>
<47 , 3 , 2, 7, 97,		1	>
<48 , 3 , 3, 1, 95,		0	>
<49 , 3 , 3, 5, 95,		1	>
<50 , 3 , 3, 6, 95,		0	>
<51 , 3 , 3, 7, 95,		1	>
<52 , 3 , 4, 1, 95,		0	>
<53 , 3 , 4, 5, 95,		1	>
<54 , 3 , 4, 6, 95,		0	>
<55 , 3 , 4, 7, 95,		1	>
<56 , 3 , 5, 1, 97,		0	>
<57 , 3 , 5, 5, 97,		1	>
<58 , 3 , 5, 6, 97,		0	>
<59 , 3 , 5, 7, 97,		1	>
<60 , 3 , 7, 1, 90,		0	>
<61 , 3 , 7, 5, 90,		1	>
<62 , 3 , 7, 6, 90,		0	>
<63 , 3 , 7, 7, 90,		1	>
<64 , 3 , 8, 1, 90,		0	>
<65 , 3 , 8, 5, 90,		1	>
<66 , 3 , 8, 6, 90,		0	>
<67 , 3 , 8, 7, 90,		1	>
<68 , 3 , 10, 1, 90,		0	>
<69 , 3 , 10, 5, 90,		1	>
<70 , 3 , 10, 6, 90,		0	>
<71 , 3 , 10, 7, 90,		1	>
<72 , 4 , 1, 2, 98,		0	>
<73 , 4 , 1, 3, 98,		1	>
<74 , 4 , 1, 5, 98,		0	>
<75 , 4 , 1, 6, 98,		1	>
<76 , 4 , 2, 2, 97,		0	>
<77 , 4 , 2, 3, 97,		1	>
<78 , 4 , 2, 5, 97,		0	>
<79 , 4 , 2, 6, 97,		1	>
<80 , 4 , 4, 2, 89,		0	>
<81 , 4 , 4, 3, 89,		1	>
<82 , 4 , 4, 5, 89,		0	>
<83 , 4 , 4, 6, 89,		1	>
<84 , 4 , 5, 2, 98,		0	>
<85 , 4 , 5, 3, 98,		1	>
<86 , 4 , 5, 5, 98,		0	>
<87 , 4 , 5, 6, 98,		1	>
<88 , 4 , 6, 2, 81,		0	>
<89 , 4 , 6, 3, 81,		1	>
<90 , 4 , 6, 5, 81,		0	>
<91 , 4 , 6, 6, 81,		1	>
<92 , 4 , 7, 2, 98,		0	>
<93 , 4 , 7, 3, 98,		1	>
<94 , 4 , 7, 5, 98,		0	>
<95 , 4 , 7, 6, 98,		1	>
<96 , 4 , 9, 2, 99,		0	>
<97 , 4 , 9, 3, 99,		1	>
<98 , 4 , 9, 5, 99,		0	>
<99 , 4 , 9, 6, 99,		1	>
<100 , 5 , 1, 2, 38,		0	>
<101 , 5 , 1, 5, 38,		1	>
<102 , 5 , 1, 7, 38,		0	>
<103 , 5 , 2, 2, 43,		0	>
<104 , 5 , 2, 5, 43,		1	>
<105 , 5 , 2, 7, 43,		0	>
<106 , 5 , 4, 2, 15,		0	>
<107 , 5 , 4, 5, 15,		0	>
<108 , 5 , 4, 7, 15,		0	>
<109 , 5 , 5, 2, 42,		0	>
<110 , 5 , 5, 5, 42,		1	>
<111 , 5 , 5, 7, 42,		0	>
<112 , 5 , 6, 2, 31,		0	>
<113 , 5 , 6, 5, 31,		1	>
<114 , 5 , 6, 7, 31,		0	>
<115 , 5 , 9, 2, 45,		0	>
<116 , 5 , 9, 5, 45,		1	>
<117 , 5 , 9, 7, 45,		0	>
<118 , 5 , 10, 2, 36,		0	>
<119 , 5 , 10, 5, 36,		1	>
<120 , 5 , 10, 7, 36,		0	>
<121 , 6 , 1, 1, 99,		0	>
<122 , 6 , 1, 2, 99,		1	>
<123 , 6 , 1, 3, 99,		0	>
<124 , 6 , 1, 4, 99,		1	>
<125 , 6 , 1, 5, 99,		0	>
<126 , 6 , 2, 1, 61,		0	>
<127 , 6 , 2, 2, 61,		0	>
<128 , 6 , 2, 3, 61,		0	>
<129 , 6 , 2, 4, 61,		0	>
<130 , 6 , 2, 5, 61,		0	>
<131 , 6 , 3, 1, 71,		0	>
<132 , 6 , 3, 2, 71,		1	>
<133 , 6 , 3, 3, 71,		0	>
<134 , 6 , 3, 4, 71,		1	>
<135 , 6 , 3, 5, 71,		0	>
<136 , 6 , 4, 1, 71,		0	>
<137 , 6 , 4, 2, 71,		1	>
<138 , 6 , 4, 3, 71,		0	>
<139 , 6 , 4, 4, 71,		1	>
<140 , 6 , 4, 5, 71,		0	>
<141 , 6 , 6, 1, 58,		0	>
<142 , 6 , 6, 2, 58,		0	>
<143 , 6 , 6, 3, 58,		0	>
<144 , 6 , 6, 4, 58,		0	>
<145 , 6 , 6, 5, 58,		0	>
<146 , 6 , 8, 1, 62,		0	>
<147 , 6 , 8, 2, 62,		0	>
<148 , 6 , 8, 3, 62,		0	>
<149 , 6 , 8, 4, 62,		0	>
<150 , 6 , 8, 5, 62,		0	>
<151 , 6 , 10, 1, 75,		0	>
<152 , 6 , 10, 2, 75,		1	>
<153 , 6 , 10, 3, 75,		0	>
<154 , 6 , 10, 4, 75,		1	>
<155 , 6 , 10, 5, 75,		0	>
<156 , 7 , 1, 1, 13,		0	>
<157 , 7 , 1, 2, 13,		0	>
<158 , 7 , 1, 3, 13,		0	>
<159 , 7 , 1, 6, 13,		0	>
<160 , 7 , 1, 7, 13,		0	>
<161 , 7 , 2, 1, 30,		0	>
<162 , 7 , 2, 2, 30,		0	>
<163 , 7 , 2, 3, 30,		0	>
<164 , 7 , 2, 6, 30,		0	>
<165 , 7 , 2, 7, 30,		0	>
<166 , 7 , 5, 1, 39,		0	>
<167 , 7 , 5, 2, 39,		0	>
<168 , 7 , 5, 3, 39,		0	>
<169 , 7 , 5, 6, 39,		0	>
<170 , 7 , 5, 7, 39,		0	>
<171 , 7 , 7, 1, 22,		0	>
<172 , 7 , 7, 2, 22,		0	>
<173 , 7 , 7, 3, 22,		0	>
<174 , 7 , 7, 6, 22,		0	>
<175 , 7 , 7, 7, 22,		0	>
<176 , 7 , 9, 1, 15,		0	>
<177 , 7 , 9, 2, 15,		0	>
<178 , 7 , 9, 3, 15,		0	>
<179 , 7 , 9, 6, 15,		0	>
<180 , 7 , 9, 7, 15,		0	>
<181 , 7 , 10, 1, 27,		0	>
<182 , 7 , 10, 2, 27,		0	>
<183 , 7 , 10, 3, 27,		0	>
<184 , 7 , 10, 6, 27,		0	>
<185 , 7 , 10, 7, 27,		0	>
<186 , 8 , 1, 3, 53,		0	>
<187 , 8 , 1, 6, 53,		1	>
<188 , 8 , 1, 7, 53,		0	>
<189 , 8 , 4, 3, 66,		0	>
<190 , 8 , 4, 6, 66,		2	>
<191 , 8 , 4, 7, 66,		0	>
<192 , 8 , 8, 3, 30,		0	>
<193 , 8 , 8, 6, 30,		1	>
<194 , 8 , 8, 7, 30,		0	>
<195 , 9 , 1, 1, 57,		0	>
<196 , 9 , 1, 3, 57,		1	>
<197 , 9 , 1, 4, 57,		0	>
<198 , 9 , 1, 5, 57,		1	>
<199 , 9 , 4, 1, 80,		0	>
<200 , 9 , 4, 3, 80,		1	>
<201 , 9 , 4, 4, 80,		0	>
<202 , 9 , 4, 5, 80,		1	>
<203 , 9 , 10, 1, 55,		0	>
<204 , 9 , 10, 3, 55,		1	>
<205 , 9 , 10, 4, 55,		0	>
<206 , 9 , 10, 5, 55,		1	>
<207 , 10 , 3, 3, 82,		0	>
<208 , 10 , 3, 4, 82,		2	>
<209 , 10 , 3, 5, 82,		0	>
<210 , 10 , 4, 3, 73,		0	>
<211 , 10 , 4, 4, 73,		2	>
<212 , 10 , 4, 5, 73,		0	>
<213 , 10 , 7, 3, 55,		0	>
<214 , 10 , 7, 4, 55,		1	>
<215 , 10 , 7, 5, 55,		0	>
<216 , 11 , 2, 2, 57,		0	>
<217 , 11 , 2, 3, 57,		0	>
<218 , 11 , 2, 5, 57,		0	>
<219 , 11 , 2, 6, 57,		0	>
<220 , 11 , 2, 7, 57,		0	>
<221 , 11 , 4, 2, 55,		0	>
<222 , 11 , 4, 3, 55,		0	>
<223 , 11 , 4, 5, 55,		0	>
<224 , 11 , 4, 6, 55,		0	>
<225 , 11 , 4, 7, 55,		0	>
<226 , 11 , 5, 2, 53,		0	>
<227 , 11 , 5, 3, 53,		0	>
<228 , 11 , 5, 5, 53,		0	>
<229 , 11 , 5, 6, 53,		0	>
<230 , 11 , 5, 7, 53,		0	>
<231 , 11 , 6, 2, 84,		0	>
<232 , 11 , 6, 3, 84,		1	>
<233 , 11 , 6, 5, 84,		0	>
<234 , 11 , 6, 6, 84,		1	>
<235 , 11 , 6, 7, 84,		0	>
<236 , 11 , 7, 2, 46,		0	>
<237 , 11 , 7, 3, 46,		0	>
<238 , 11 , 7, 5, 46,		0	>
<239 , 11 , 7, 6, 46,		0	>
<240 , 11 , 7, 7, 46,		0	>
<241 , 11 , 8, 2, 78,		0	>
<242 , 11 , 8, 3, 78,		1	>
<243 , 11 , 8, 5, 78,		0	>
<244 , 11 , 8, 6, 78,		1	>
<245 , 11 , 8, 7, 78,		0	>
<246 , 11 , 9, 2, 70,		0	>
<247 , 11 , 9, 3, 70,		1	>
<248 , 11 , 9, 5, 70,		0	>
<249 , 11 , 9, 6, 70,		1	>
<250 , 11 , 9, 7, 70,		0	>
<251 , 12 , 2, 1, 97,		0	>
<252 , 12 , 2, 2, 97,		1	>
<253 , 12 , 2, 3, 97,		0	>
<254 , 12 , 2, 6, 97,		1	>
<255 , 12 , 2, 7, 97,		0	>
<256 , 12 , 4, 1, 73,		0	>
<257 , 12 , 4, 2, 73,		1	>
<258 , 12 , 4, 3, 73,		0	>
<259 , 12 , 4, 6, 73,		1	>
<260 , 12 , 4, 7, 73,		0	>
<261 , 12 , 5, 1, 81,		0	>
<262 , 12 , 5, 2, 81,		1	>
<263 , 12 , 5, 3, 81,		0	>
<264 , 12 , 5, 6, 81,		1	>
<265 , 12 , 5, 7, 81,		0	>
<266 , 12 , 7, 1, 80,		0	>
<267 , 12 , 7, 2, 80,		1	>
<268 , 12 , 7, 3, 80,		0	>
<269 , 12 , 7, 6, 80,		1	>
<270 , 12 , 7, 7, 80,		0	>
<271 , 12 , 8, 1, 75,		0	>
<272 , 12 , 8, 2, 75,		1	>
<273 , 12 , 8, 3, 75,		0	>
<274 , 12 , 8, 6, 75,		1	>
<275 , 12 , 8, 7, 75,		0	>
<276 , 12 , 9, 1, 92,		0	>
<277 , 12 , 9, 2, 92,		1	>
<278 , 12 , 9, 3, 92,		0	>
<279 , 12 , 9, 6, 92,		1	>
<280 , 12 , 9, 7, 92,		0	>
<281 , 12 , 10, 1, 74,		0	>
<282 , 12 , 10, 2, 74,		1	>
<283 , 12 , 10, 3, 74,		0	>
<284 , 12 , 10, 6, 74,		1	>
<285 , 12 , 10, 7, 74,		0	>
<286 , 13 , 1, 1, 80,		0	>
<287 , 13 , 1, 2, 80,		1	>
<288 , 13 , 1, 5, 80,		0	>
<289 , 13 , 1, 6, 80,		1	>
<290 , 13 , 1, 7, 80,		0	>
<291 , 13 , 2, 1, 70,		0	>
<292 , 13 , 2, 2, 70,		1	>
<293 , 13 , 2, 5, 70,		0	>
<294 , 13 , 2, 6, 70,		1	>
<295 , 13 , 2, 7, 70,		0	>
<296 , 13 , 3, 1, 78,		0	>
<297 , 13 , 3, 2, 78,		1	>
<298 , 13 , 3, 5, 78,		0	>
<299 , 13 , 3, 6, 78,		1	>
<300 , 13 , 3, 7, 78,		0	>
<301 , 13 , 4, 1, 87,		0	>
<302 , 13 , 4, 2, 87,		1	>
<303 , 13 , 4, 5, 87,		0	>
<304 , 13 , 4, 6, 87,		1	>
<305 , 13 , 4, 7, 87,		0	>
<306 , 13 , 6, 1, 92,		0	>
<307 , 13 , 6, 2, 92,		1	>
<308 , 13 , 6, 5, 92,		0	>
<309 , 13 , 6, 6, 92,		1	>
<310 , 13 , 6, 7, 92,		0	>
<311 , 13 , 8, 1, 93,		0	>
<312 , 13 , 8, 2, 93,		1	>
<313 , 13 , 8, 5, 93,		0	>
<314 , 13 , 8, 6, 93,		1	>
<315 , 13 , 8, 7, 93,		0	>
<316 , 13 , 10, 1, 83,		0	>
<317 , 13 , 10, 2, 83,		1	>
<318 , 13 , 10, 5, 83,		0	>
<319 , 13 , 10, 6, 83,		1	>
<320 , 13 , 10, 7, 83,		0	>
<321 , 14 , 1, 1, 84,		0	>
<322 , 14 , 1, 3, 84,		1	>
<323 , 14 , 1, 5, 84,		0	>
<324 , 14 , 1, 6, 84,		1	>
<325 , 14 , 4, 1, 88,		0	>
<326 , 14 , 4, 3, 88,		1	>
<327 , 14 , 4, 5, 88,		0	>
<328 , 14 , 4, 6, 88,		1	>
<329 , 14 , 5, 1, 96,		0	>
<330 , 14 , 5, 3, 96,		1	>
<331 , 14 , 5, 5, 96,		0	>
<332 , 14 , 5, 6, 96,		1	>
<333 , 14 , 8, 1, 97,		0	>
<334 , 14 , 8, 3, 97,		1	>
<335 , 14 , 8, 5, 97,		0	>
<336 , 14 , 8, 6, 97,		1	>
<337 , 14 , 9, 1, 71,		0	>
<338 , 14 , 9, 3, 71,		1	>
<339 , 14 , 9, 5, 71,		0	>
<340 , 14 , 9, 6, 71,		1	>
<341 , 15 , 1, 1, 98,		0	>
<342 , 15 , 1, 2, 98,		1	>
<343 , 15 , 1, 5, 98,		0	>
<344 , 15 , 1, 6, 98,		1	>
<345 , 15 , 1, 7, 98,		0	>
<346 , 15 , 7, 1, 91,		0	>
<347 , 15 , 7, 2, 91,		1	>
<348 , 15 , 7, 5, 91,		0	>
<349 , 15 , 7, 6, 91,		1	>
<350 , 15 , 7, 7, 91,		0	>
<351 , 15 , 8, 1, 76,		0	>
<352 , 15 , 8, 2, 76,		1	>
<353 , 15 , 8, 5, 76,		0	>
<354 , 15 , 8, 6, 76,		1	>
<355 , 15 , 8, 7, 76,		0	>
<356 , 15 , 9, 1, 88,		0	>
<357 , 15 , 9, 2, 88,		1	>
<358 , 15 , 9, 5, 88,		0	>
<359 , 15 , 9, 6, 88,		1	>
<360 , 15 , 9, 7, 88,		0	>
<361 , 15 , 10, 1, 87,		0	>
<362 , 15 , 10, 2, 87,		1	>
<363 , 15 , 10, 5, 87,		0	>
<364 , 15 , 10, 6, 87,		1	>
<365 , 15 , 10, 7, 87,		0	>
<366 , 16 , 1, 2, 88,		0	>
<367 , 16 , 1, 3, 88,		1	>
<368 , 16 , 1, 4, 88,		0	>
<369 , 16 , 1, 5, 88,		1	>
<370 , 16 , 1, 6, 88,		0	>
<371 , 16 , 4, 2, 88,		0	>
<372 , 16 , 4, 3, 88,		1	>
<373 , 16 , 4, 4, 88,		0	>
<374 , 16 , 4, 5, 88,		1	>
<375 , 16 , 4, 6, 88,		0	>
<376 , 16 , 5, 2, 76,		0	>
<377 , 16 , 5, 3, 76,		1	>
<378 , 16 , 5, 4, 76,		0	>
<379 , 16 , 5, 5, 76,		1	>
<380 , 16 , 5, 6, 76,		0	>
<381 , 16 , 6, 2, 72,		0	>
<382 , 16 , 6, 3, 72,		1	>
<383 , 16 , 6, 4, 72,		0	>
<384 , 16 , 6, 5, 72,		1	>
<385 , 16 , 6, 6, 72,		0	>
<386 , 16 , 8, 2, 90,		0	>
<387 , 16 , 8, 3, 90,		1	>
<388 , 16 , 8, 4, 90,		0	>
<389 , 16 , 8, 5, 90,		1	>
<390 , 16 , 8, 6, 90,		0	>
<391 , 17 , 1, 3, 35,		0	>
<392 , 17 , 1, 5, 35,		1	>
<393 , 17 , 1, 6, 35,		0	>
<394 , 17 , 1, 7, 35,		1	>
<395 , 17 , 2, 3, 29,		0	>
<396 , 17 , 2, 5, 29,		0	>
<397 , 17 , 2, 6, 29,		0	>
<398 , 17 , 2, 7, 29,		0	>
<399 , 17 , 4, 3, 57,		0	>
<400 , 17 , 4, 5, 57,		1	>
<401 , 17 , 4, 6, 57,		0	>
<402 , 17 , 4, 7, 57,		1	>
<403 , 17 , 6, 3, 33,		0	>
<404 , 17 , 6, 5, 33,		0	>
<405 , 17 , 6, 6, 33,		0	>
<406 , 17 , 6, 7, 33,		0	>
<407 , 17 , 9, 3, 19,		0	>
<408 , 17 , 9, 5, 19,		0	>
<409 , 17 , 9, 6, 19,		0	>
<410 , 17 , 9, 7, 19,		0	>
<411 , 17 , 10, 3, 36,		0	>
<412 , 17 , 10, 5, 36,		1	>
<413 , 17 , 10, 6, 36,		0	>
<414 , 17 , 10, 7, 36,		1	>
<415 , 18 , 2, 2, 29,		0	>
<416 , 18 , 2, 3, 29,		0	>
<417 , 18 , 2, 4, 29,		0	>
<418 , 18 , 2, 5, 29,		0	>
<419 , 18 , 2, 6, 29,		0	>
<420 , 18 , 3, 2, 20,		0	>
<421 , 18 , 3, 3, 20,		0	>
<422 , 18 , 3, 4, 20,		0	>
<423 , 18 , 3, 5, 20,		0	>
<424 , 18 , 3, 6, 20,		0	>
<425 , 18 , 5, 2, 15,		0	>
<426 , 18 , 5, 3, 15,		0	>
<427 , 18 , 5, 4, 15,		0	>
<428 , 18 , 5, 5, 15,		0	>
<429 , 18 , 5, 6, 15,		0	>
<430 , 18 , 7, 2, 36,		0	>
<431 , 18 , 7, 3, 36,		0	>
<432 , 18 , 7, 4, 36,		0	>
<433 , 18 , 7, 5, 36,		0	>
<434 , 18 , 7, 6, 36,		0	>
<435 , 18 , 8, 2, 26,		0	>
<436 , 18 , 8, 3, 26,		0	>
<437 , 18 , 8, 4, 26,		0	>
<438 , 18 , 8, 5, 26,		0	>
<439 , 18 , 8, 6, 26,		0	>
<440 , 18 , 9, 2, 27,		0	>
<441 , 18 , 9, 3, 27,		0	>
<442 , 18 , 9, 4, 27,		0	>
<443 , 18 , 9, 5, 27,		0	>
<444 , 18 , 9, 6, 27,		0	>
<445 , 19 , 4, 1, 96,		0	>
<446 , 19 , 4, 5, 96,		3	>
<447 , 19 , 4, 7, 96,		0	>
<448 , 19 , 5, 1, 96,		0	>
<449 , 19 , 5, 5, 96,		3	>
<450 , 19 , 5, 7, 96,		0	>
<451 , 19 , 7, 1, 99,		0	>
<452 , 19 , 7, 5, 99,		3	>
<453 , 19 , 7, 7, 99,		0	>
<454 , 19 , 8, 1, 98,		0	>
<455 , 19 , 8, 5, 98,		3	>
<456 , 19 , 8, 7, 98,		0	>
<457 , 19 , 9, 1, 98,		0	>
<458 , 19 , 9, 5, 98,		3	>
<459 , 19 , 9, 7, 98,		0	>
<460 , 19 , 10, 1, 96,		0	>
<461 , 19 , 10, 5, 96,		3	>
<462 , 19 , 10, 7, 96,		0	>
<463 , 20 , 4, 1, 99,		0	>
<464 , 20 , 4, 5, 99,		3	>
<465 , 20 , 4, 7, 99,		0	>
<466 , 20 , 6, 1, 70,		0	>
<467 , 20 , 6, 5, 70,		2	>
<468 , 20 , 6, 7, 70,		0	>
<469 , 20 , 7, 1, 67,		0	>
<470 , 20 , 7, 5, 67,		2	>
<471 , 20 , 7, 7, 67,		0	>
<472 , 20 , 8, 1, 62,		0	>
<473 , 20 , 8, 5, 62,		2	>
<474 , 20 , 8, 7, 62,		0	>
<475 , 20 , 9, 1, 90,		0	>
<476 , 20 , 9, 5, 90,		2	>
<477 , 20 , 9, 7, 90,		0	>
<478 , 20 , 10, 1, 75,		0	>
<479 , 20 , 10, 5, 75,		2	>
<480 , 20 , 10, 7, 75,		0	>
<481 , 21 , 1, 1, 94,		0	>
<482 , 21 , 1, 6, 94,		3	>
<483 , 21 , 1, 7, 94,		0	>
<484 , 21 , 3, 1, 53,		0	>
<485 , 21 , 3, 6, 53,		1	>
<486 , 21 , 3, 7, 53,		0	>
<487 , 21 , 4, 1, 40,		0	>
<488 , 21 , 4, 6, 40,		1	>
<489 , 21 , 4, 7, 40,		0	>
<490 , 21 , 5, 1, 93,		0	>
<491 , 21 , 5, 6, 93,		2	>
<492 , 21 , 5, 7, 93,		0	>
<493 , 21 , 6, 1, 88,		0	>
<494 , 21 , 6, 6, 88,		2	>
<495 , 21 , 6, 7, 88,		0	>
<496 , 22 , 1, 2, 39,		0	>
<497 , 22 , 1, 4, 39,		1	>
<498 , 22 , 1, 5, 39,		0	>
<499 , 22 , 1, 7, 39,		1	>
<500 , 22 , 3, 2, 32,		0	>
<501 , 22 , 3, 4, 32,		0	>
<502 , 22 , 3, 5, 32,		0	>
<503 , 22 , 3, 7, 32,		0	>
<504 , 22 , 7, 2, 22,		0	>
<505 , 22 , 7, 4, 22,		0	>
<506 , 22 , 7, 5, 22,		0	>
<507 , 22 , 7, 7, 22,		0	>
<508 , 22 , 9, 2, 15,		0	>
<509 , 22 , 9, 4, 15,		0	>
<510 , 22 , 9, 5, 15,		0	>
<511 , 22 , 9, 7, 15,		0	>
<512 , 22 , 10, 2, 45,		0	>
<513 , 22 , 10, 4, 45,		1	>
<514 , 22 , 10, 5, 45,		0	>
<515 , 22 , 10, 7, 45,		1	>
<516 , 23 , 3, 1, 6,		0	>
<517 , 23 , 3, 3, 6,		0	>
<518 , 23 , 3, 4, 6,		0	>
<519 , 23 , 3, 5, 6,		0	>
<520 , 23 , 3, 7, 6,		0	>
<521 , 23 , 4, 1, 9,		0	>
<522 , 23 , 4, 3, 9,		0	>
<523 , 23 , 4, 4, 9,		0	>
<524 , 23 , 4, 5, 9,		0	>
<525 , 23 , 4, 7, 9,		0	>
<526 , 23 , 5, 1, 4,		0	>
<527 , 23 , 5, 3, 4,		0	>
<528 , 23 , 5, 4, 4,		0	>
<529 , 23 , 5, 5, 4,		0	>
<530 , 23 , 5, 7, 4,		0	>
<531 , 23 , 7, 1, 3,		0	>
<532 , 23 , 7, 3, 3,		0	>
<533 , 23 , 7, 4, 3,		0	>
<534 , 23 , 7, 5, 3,		0	>
<535 , 23 , 7, 7, 3,		0	>
<536 , 23 , 9, 1, 7,		0	>
<537 , 23 , 9, 3, 7,		0	>
<538 , 23 , 9, 4, 7,		0	>
<539 , 23 , 9, 5, 7,		0	>
<540 , 23 , 9, 7, 7,		0	>
<541 , 24 , 6, 2, 88,		0	>
<542 , 24 , 6, 4, 88,		1	>
<543 , 24 , 6, 5, 88,		0	>
<544 , 24 , 6, 6, 88,		1	>
<545 , 24 , 7, 2, 65,		0	>
<546 , 24 , 7, 4, 65,		1	>
<547 , 24 , 7, 5, 65,		0	>
<548 , 24 , 7, 6, 65,		1	>
<549 , 24 , 9, 2, 34,		0	>
<550 , 24 , 9, 4, 34,		1	>
<551 , 24 , 9, 5, 34,		0	>
<552 , 24 , 9, 6, 34,		1	>
<553 , 25 , 2, 2, 64,		0	>
<554 , 25 , 2, 3, 64,		1	>
<555 , 25 , 2, 4, 64,		0	>
<556 , 25 , 2, 6, 64,		1	>
<557 , 25 , 3, 2, 26,		0	>
<558 , 25 , 3, 3, 26,		0	>
<559 , 25 , 3, 4, 26,		0	>
<560 , 25 , 3, 6, 26,		0	>
<561 , 25 , 4, 2, 41,		0	>
<562 , 25 , 4, 3, 41,		1	>
<563 , 25 , 4, 4, 41,		0	>
<564 , 25 , 4, 6, 41,		1	>
<565 , 25 , 6, 2, 34,		0	>
<566 , 25 , 6, 3, 34,		1	>
<567 , 25 , 6, 4, 34,		0	>
<568 , 25 , 6, 6, 34,		1	>
<569 , 25 , 7, 2, 49,		0	>
<570 , 25 , 7, 3, 49,		1	>
<571 , 25 , 7, 4, 49,		0	>
<572 , 25 , 7, 6, 49,		1	>
<573 , 25 , 8, 2, 28,		0	>
<574 , 25 , 8, 3, 28,		0	>
<575 , 25 , 8, 4, 28,		0	>
<576 , 25 , 8, 6, 28,		0	>
<577 , 25 , 10, 2, 77,		0	>
<578 , 25 , 10, 3, 77,		1	>
<579 , 25 , 10, 4, 77,		0	>
<580 , 25 , 10, 6, 77,		1	>
<581 , 26 , 1, 1, 97,		0	>
<582 , 26 , 1, 3, 97,		1	>
<583 , 26 , 1, 5, 97,		0	>
<584 , 26 , 1, 6, 97,		1	>
<585 , 26 , 2, 1, 96,		0	>
<586 , 26 , 2, 3, 96,		1	>
<587 , 26 , 2, 5, 96,		0	>
<588 , 26 , 2, 6, 96,		1	>
<589 , 26 , 5, 1, 97,		0	>
<590 , 26 , 5, 3, 97,		1	>
<591 , 26 , 5, 5, 97,		0	>
<592 , 26 , 5, 6, 97,		1	>
<593 , 26 , 6, 1, 94,		0	>
<594 , 26 , 6, 3, 94,		1	>
<595 , 26 , 6, 5, 94,		0	>
<596 , 26 , 6, 6, 94,		1	>
<597 , 26 , 8, 1, 94,		0	>
<598 , 26 , 8, 3, 94,		1	>
<599 , 26 , 8, 5, 94,		0	>
<600 , 26 , 8, 6, 94,		1	>
<601 , 26 , 9, 1, 96,		0	>
<602 , 26 , 9, 3, 96,		1	>
<603 , 26 , 9, 5, 96,		0	>
<604 , 26 , 9, 6, 96,		1	>
<605 , 26 , 10, 1, 99,		0	>
<606 , 26 , 10, 3, 99,		1	>
<607 , 26 , 10, 5, 99,		0	>
<608 , 26 , 10, 6, 99,		1	>
<609 , 27 , 1, 3, 89,		0	>
<610 , 27 , 1, 4, 89,		2	>
<611 , 27 , 1, 6, 89,		0	>
<612 , 27 , 3, 3, 79,		0	>
<613 , 27 , 3, 4, 79,		2	>
<614 , 27 , 3, 6, 79,		0	>
<615 , 27 , 4, 3, 81,		0	>
<616 , 27 , 4, 4, 81,		2	>
<617 , 27 , 4, 6, 81,		0	>
<618 , 27 , 7, 3, 89,		0	>
<619 , 27 , 7, 4, 89,		2	>
<620 , 27 , 7, 6, 89,		0	>
<621 , 28 , 5, 1, 55,		0	>
<622 , 28 , 5, 2, 55,		1	>
<623 , 28 , 5, 4, 55,		0	>
<624 , 28 , 5, 7, 55,		1	>
<625 , 28 , 6, 1, 54,		0	>
<626 , 28 , 6, 2, 54,		1	>
<627 , 28 , 6, 4, 54,		0	>
<628 , 28 , 6, 7, 54,		1	>
<629 , 28 , 8, 1, 83,		0	>
<630 , 28 , 8, 2, 83,		1	>
<631 , 28 , 8, 4, 83,		0	>
<632 , 28 , 8, 7, 83,		1	>
<633 , 28 , 9, 1, 61,		0	>
<634 , 28 , 9, 2, 61,		1	>
<635 , 28 , 9, 4, 61,		0	>
<636 , 28 , 9, 7, 61,		1	>
<637 , 28 , 10, 1, 71,		0	>
<638 , 28 , 10, 2, 71,		1	>
<639 , 28 , 10, 4, 71,		0	>
<640 , 28 , 10, 7, 71,		1	>
<641 , 29 , 2, 1, 61,		0	>
<642 , 29 , 2, 5, 61,		2	>
<643 , 29 , 2, 7, 61,		0	>
<644 , 29 , 3, 1, 95,		0	>
<645 , 29 , 3, 5, 95,		3	>
<646 , 29 , 3, 7, 95,		0	>
<647 , 29 , 4, 1, 56,		0	>
<648 , 29 , 4, 5, 56,		1	>
<649 , 29 , 4, 7, 56,		0	>
<650 , 29 , 5, 1, 74,		0	>
<651 , 29 , 5, 5, 74,		2	>
<652 , 29 , 5, 7, 74,		0	>
<653 , 29 , 9, 1, 58,		0	>
<654 , 29 , 9, 5, 58,		2	>
<655 , 29 , 9, 7, 58,		0	>
<656 , 30 , 1, 1, 32,		0	>
<657 , 30 , 1, 2, 32,		1	>
<658 , 30 , 1, 5, 32,		0	>
<659 , 30 , 2, 1, 38,		0	>
<660 , 30 , 2, 2, 38,		1	>
<661 , 30 , 2, 5, 38,		0	>
<662 , 30 , 6, 1, 78,		0	>
<663 , 30 , 6, 2, 78,		2	>
<664 , 30 , 6, 5, 78,		0	>
<665 , 30 , 7, 1, 92,		0	>
<666 , 30 , 7, 2, 92,		2	>
<667 , 30 , 7, 5, 92,		0	>
<668 , 30 , 8, 1, 33,		0	>
<669 , 30 , 8, 2, 33,		1	>
<670 , 30 , 8, 5, 33,		0	>
<671 , 30 , 9, 1, 85,		0	>
<672 , 30 , 9, 2, 85,		2	>
<673 , 30 , 9, 5, 85,		0	>
<674 , 31 , 5, 1, 42,		0	>
<675 , 31 , 5, 2, 42,		0	>
<676 , 31 , 5, 3, 42,		0	>
<677 , 31 , 5, 4, 42,		0	>
<678 , 31 , 5, 5, 42,		0	>
<679 , 31 , 7, 1, 62,		0	>
<680 , 31 , 7, 2, 62,		0	>
<681 , 31 , 7, 3, 62,		0	>
<682 , 31 , 7, 4, 62,		0	>
<683 , 31 , 7, 5, 62,		0	>
<684 , 31 , 8, 1, 39,		0	>
<685 , 31 , 8, 2, 39,		0	>
<686 , 31 , 8, 3, 39,		0	>
<687 , 31 , 8, 4, 39,		0	>
<688 , 31 , 8, 5, 39,		0	>
<689 , 32 , 1, 3, 23,		0	>
<690 , 32 , 1, 4, 23,		1	>
<691 , 32 , 1, 7, 23,		0	>
<692 , 32 , 5, 3, 67,		0	>
<693 , 32 , 5, 4, 67,		2	>
<694 , 32 , 5, 7, 67,		0	>
<695 , 32 , 6, 3, 53,		0	>
<696 , 32 , 6, 4, 53,		1	>
<697 , 32 , 6, 7, 53,		0	>
<698 , 32 , 7, 3, 46,		0	>
<699 , 32 , 7, 4, 46,		1	>
<700 , 32 , 7, 7, 46,		0	>
<701 , 32 , 10, 3, 69,		0	>
<702 , 32 , 10, 4, 69,		2	>
<703 , 32 , 10, 7, 69,		0	>
<704 , 33 , 1, 2, 92,		0	>
<705 , 33 , 1, 3, 92,		1	>
<706 , 33 , 1, 5, 92,		0	>
<707 , 33 , 1, 7, 92,		1	>
<708 , 33 , 4, 2, 83,		0	>
<709 , 33 , 4, 3, 83,		1	>
<710 , 33 , 4, 5, 83,		0	>
<711 , 33 , 4, 7, 83,		1	>
<712 , 33 , 6, 2, 78,		0	>
<713 , 33 , 6, 3, 78,		1	>
<714 , 33 , 6, 5, 78,		0	>
<715 , 33 , 6, 7, 78,		1	>
<716 , 33 , 7, 2, 77,		0	>
<717 , 33 , 7, 3, 77,		1	>
<718 , 33 , 7, 5, 77,		0	>
<719 , 33 , 7, 7, 77,		1	>
<720 , 33 , 9, 2, 73,		0	>
<721 , 33 , 9, 3, 73,		1	>
<722 , 33 , 9, 5, 73,		0	>
<723 , 33 , 9, 7, 73,		1	>
<724 , 34 , 2, 4, 86,		0	>
<725 , 34 , 2, 5, 86,		2	>
<726 , 34 , 2, 6, 86,		0	>
<727 , 34 , 3, 4, 32,		0	>
<728 , 34 , 3, 5, 32,		1	>
<729 , 34 , 3, 6, 32,		0	>
<730 , 34 , 8, 4, 80,		0	>
<731 , 34 , 8, 5, 80,		2	>
<732 , 34 , 8, 6, 80,		0	>
<733 , 34 , 9, 4, 64,		0	>
<734 , 34 , 9, 5, 64,		2	>
<735 , 34 , 9, 6, 64,		0	>
<736 , 34 , 10, 4, 57,		0	>
<737 , 34 , 10, 5, 57,		2	>
<738 , 34 , 10, 6, 57,		0	>
<739 , 35 , 1, 1, 80,		0	>
<740 , 35 , 1, 6, 80,		2	>
<741 , 35 , 1, 7, 80,		0	>
<742 , 35 , 2, 1, 88,		0	>
<743 , 35 , 2, 6, 88,		2	>
<744 , 35 , 2, 7, 88,		0	>
<745 , 35 , 3, 1, 90,		0	>
<746 , 35 , 3, 6, 90,		2	>
<747 , 35 , 3, 7, 90,		0	>
<748 , 35 , 4, 1, 97,		0	>
<749 , 35 , 4, 6, 97,		3	>
<750 , 35 , 4, 7, 97,		0	>
<751 , 35 , 5, 1, 49,		0	>
<752 , 35 , 5, 6, 49,		1	>
<753 , 35 , 5, 7, 49,		0	>
<754 , 35 , 9, 1, 64,		0	>
<755 , 35 , 9, 6, 64,		2	>
<756 , 35 , 9, 7, 64,		0	>
<757 , 35 , 10, 1, 78,		0	>
<758 , 35 , 10, 6, 78,		2	>
<759 , 35 , 10, 7, 78,		0	>
<760 , 36 , 3, 1, 53,		0	>
<761 , 36 , 3, 2, 53,		0	>
<762 , 36 , 3, 4, 53,		0	>
<763 , 36 , 3, 5, 53,		0	>
<764 , 36 , 3, 7, 53,		0	>
<765 , 36 , 4, 1, 42,		0	>
<766 , 36 , 4, 2, 42,		0	>
<767 , 36 , 4, 4, 42,		0	>
<768 , 36 , 4, 5, 42,		0	>
<769 , 36 , 4, 7, 42,		0	>
<770 , 36 , 7, 1, 95,		0	>
<771 , 36 , 7, 2, 95,		1	>
<772 , 36 , 7, 4, 95,		0	>
<773 , 36 , 7, 5, 95,		1	>
<774 , 36 , 7, 7, 95,		0	>
<775 , 36 , 10, 1, 85,		0	>
<776 , 36 , 10, 2, 85,		1	>
<777 , 36 , 10, 4, 85,		0	>
<778 , 36 , 10, 5, 85,		1	>
<779 , 36 , 10, 7, 85,		0	>
<780 , 37 , 1, 2, 55,		0	>
<781 , 37 , 1, 3, 55,		0	>
<782 , 37 , 1, 4, 55,		0	>
<783 , 37 , 1, 6, 55,		0	>
<784 , 37 , 1, 7, 55,		0	>
<785 , 37 , 2, 2, 52,		0	>
<786 , 37 , 2, 3, 52,		0	>
<787 , 37 , 2, 4, 52,		0	>
<788 , 37 , 2, 6, 52,		0	>
<789 , 37 , 2, 7, 52,		0	>
<790 , 37 , 6, 2, 51,		0	>
<791 , 37 , 6, 3, 51,		0	>
<792 , 37 , 6, 4, 51,		0	>
<793 , 37 , 6, 6, 51,		0	>
<794 , 37 , 6, 7, 51,		0	>
<795 , 37 , 7, 2, 87,		0	>
<796 , 37 , 7, 3, 87,		1	>
<797 , 37 , 7, 4, 87,		0	>
<798 , 37 , 7, 6, 87,		1	>
<799 , 37 , 7, 7, 87,		0	>
<800 , 37 , 9, 2, 55,		0	>
<801 , 37 , 9, 3, 55,		0	>
<802 , 37 , 9, 4, 55,		0	>
<803 , 37 , 9, 6, 55,		0	>
<804 , 37 , 9, 7, 55,		0	>
<805 , 37 , 10, 2, 70,		0	>
<806 , 37 , 10, 3, 70,		1	>
<807 , 37 , 10, 4, 70,		0	>
<808 , 37 , 10, 6, 70,		1	>
<809 , 37 , 10, 7, 70,		0	>
<810 , 38 , 1, 1, 99,		0	>
<811 , 38 , 1, 2, 99,		1	>
<812 , 38 , 1, 4, 99,		0	>
<813 , 38 , 1, 5, 99,		1	>
<814 , 38 , 1, 7, 99,		0	>
<815 , 38 , 2, 1, 98,		0	>
<816 , 38 , 2, 2, 98,		1	>
<817 , 38 , 2, 4, 98,		0	>
<818 , 38 , 2, 5, 98,		1	>
<819 , 38 , 2, 7, 98,		0	>
<820 , 38 , 3, 1, 95,		0	>
<821 , 38 , 3, 2, 95,		1	>
<822 , 38 , 3, 4, 95,		0	>
<823 , 38 , 3, 5, 95,		1	>
<824 , 38 , 3, 7, 95,		0	>
<825 , 38 , 5, 1, 98,		0	>
<826 , 38 , 5, 2, 98,		1	>
<827 , 38 , 5, 4, 98,		0	>
<828 , 38 , 5, 5, 98,		1	>
<829 , 38 , 5, 7, 98,		0	>
<830 , 38 , 6, 1, 96,		0	>
<831 , 38 , 6, 2, 96,		1	>
<832 , 38 , 6, 4, 96,		0	>
<833 , 38 , 6, 5, 96,		1	>
<834 , 38 , 6, 7, 96,		0	>
<835 , 38 , 9, 1, 95,		0	>
<836 , 38 , 9, 2, 95,		1	>
<837 , 38 , 9, 4, 95,		0	>
<838 , 38 , 9, 5, 95,		1	>
<839 , 38 , 9, 7, 95,		0	>
<840 , 38 , 10, 1, 98,		0	>
<841 , 38 , 10, 2, 98,		1	>
<842 , 38 , 10, 4, 98,		0	>
<843 , 38 , 10, 5, 98,		1	>
<844 , 38 , 10, 7, 98,		0	>
<845 , 39 , 1, 1, 46,		0	>
<846 , 39 , 1, 2, 46,		0	>
<847 , 39 , 1, 4, 46,		0	>
<848 , 39 , 1, 5, 46,		0	>
<849 , 39 , 1, 6, 46,		0	>
<850 , 39 , 2, 1, 47,		0	>
<851 , 39 , 2, 2, 47,		0	>
<852 , 39 , 2, 4, 47,		0	>
<853 , 39 , 2, 5, 47,		0	>
<854 , 39 , 2, 6, 47,		0	>
<855 , 39 , 4, 1, 65,		0	>
<856 , 39 , 4, 2, 65,		1	>
<857 , 39 , 4, 4, 65,		0	>
<858 , 39 , 4, 5, 65,		1	>
<859 , 39 , 4, 6, 65,		0	>
<860 , 39 , 7, 1, 78,		0	>
<861 , 39 , 7, 2, 78,		1	>
<862 , 39 , 7, 4, 78,		0	>
<863 , 39 , 7, 5, 78,		1	>
<864 , 39 , 7, 6, 78,		0	>
<865 , 39 , 8, 1, 89,		0	>
<866 , 39 , 8, 2, 89,		1	>
<867 , 39 , 8, 4, 89,		0	>
<868 , 39 , 8, 5, 89,		1	>
<869 , 39 , 8, 6, 89,		0	>
<870 , 39 , 9, 1, 54,		0	>
<871 , 39 , 9, 2, 54,		0	>
<872 , 39 , 9, 4, 54,		0	>
<873 , 39 , 9, 5, 54,		0	>
<874 , 39 , 9, 6, 54,		0	>
<875 , 39 , 10, 1, 64,		0	>
<876 , 39 , 10, 2, 64,		1	>
<877 , 39 , 10, 4, 64,		0	>
<878 , 39 , 10, 5, 64,		1	>
<879 , 39 , 10, 6, 64,		0	>
<880 , 40 , 1, 1, 69,		0	>
<881 , 40 , 1, 3, 69,		1	>
<882 , 40 , 1, 4, 69,		0	>
<883 , 40 , 1, 7, 69,		1	>
<884 , 40 , 2, 1, 60,		0	>
<885 , 40 , 2, 3, 60,		1	>
<886 , 40 , 2, 4, 60,		0	>
<887 , 40 , 2, 7, 60,		1	>
<888 , 40 , 4, 1, 62,		0	>
<889 , 40 , 4, 3, 62,		1	>
<890 , 40 , 4, 4, 62,		0	>
<891 , 40 , 4, 7, 62,		1	>
<892 , 40 , 5, 1, 76,		0	>
<893 , 40 , 5, 3, 76,		1	>
<894 , 40 , 5, 4, 76,		0	>
<895 , 40 , 5, 7, 76,		1	>
<896 , 40 , 8, 1, 88,		0	>
<897 , 40 , 8, 3, 88,		1	>
<898 , 40 , 8, 4, 88,		0	>
<899 , 40 , 8, 7, 88,		1	>
<900 , 40 , 9, 1, 61,		0	>
<901 , 40 , 9, 3, 61,		1	>
<902 , 40 , 9, 4, 61,		0	>
<903 , 40 , 9, 7, 61,		1	>
<904 , 41 , 1, 2, 57,		0	>
<905 , 41 , 1, 3, 57,		2	>
<906 , 41 , 1, 7, 57,		0	>
<907 , 41 , 5, 2, 78,		0	>
<908 , 41 , 5, 3, 78,		2	>
<909 , 41 , 5, 7, 78,		0	>
<910 , 41 , 9, 2, 79,		0	>
<911 , 41 , 9, 3, 79,		2	>
<912 , 41 , 9, 7, 79,		0	>
<913 , 42 , 1, 3, 99,		0	>
<914 , 42 , 1, 4, 99,		3	>
<915 , 42 , 1, 5, 99,		0	>
<916 , 42 , 2, 3, 97,		0	>
<917 , 42 , 2, 4, 97,		3	>
<918 , 42 , 2, 5, 97,		0	>
<919 , 42 , 3, 3, 96,		0	>
<920 , 42 , 3, 4, 96,		3	>
<921 , 42 , 3, 5, 96,		0	>
<922 , 42 , 6, 3, 97,		0	>
<923 , 42 , 6, 4, 97,		3	>
<924 , 42 , 6, 5, 97,		0	>
<925 , 42 , 7, 3, 96,		0	>
<926 , 42 , 7, 4, 96,		3	>
<927 , 42 , 7, 5, 96,		0	>
<928 , 42 , 8, 3, 98,		0	>
<929 , 42 , 8, 4, 98,		3	>
<930 , 42 , 8, 5, 98,		0	>
<931 , 43 , 1, 1, 58,		0	>
<932 , 43 , 1, 2, 58,		0	>
<933 , 43 , 1, 3, 58,		0	>
<934 , 43 , 1, 5, 58,		0	>
<935 , 43 , 1, 6, 58,		0	>
<936 , 43 , 7, 1, 54,		0	>
<937 , 43 , 7, 2, 54,		0	>
<938 , 43 , 7, 3, 54,		0	>
<939 , 43 , 7, 5, 54,		0	>
<940 , 43 , 7, 6, 54,		0	>
<941 , 43 , 10, 1, 45,		0	>
<942 , 43 , 10, 2, 45,		0	>
<943 , 43 , 10, 3, 45,		0	>
<944 , 43 , 10, 5, 45,		0	>
<945 , 43 , 10, 6, 45,		0	>
<946 , 44 , 3, 1, 77,		0	>
<947 , 44 , 3, 3, 77,		2	>
<948 , 44 , 3, 4, 77,		0	>
<949 , 44 , 4, 1, 80,		0	>
<950 , 44 , 4, 3, 80,		2	>
<951 , 44 , 4, 4, 80,		0	>
<952 , 44 , 6, 1, 46,		0	>
<953 , 44 , 6, 3, 46,		1	>
<954 , 44 , 6, 4, 46,		0	>
<955 , 44 , 7, 1, 64,		0	>
<956 , 44 , 7, 3, 64,		2	>
<957 , 44 , 7, 4, 64,		0	>
<958 , 44 , 10, 1, 49,		0	>
<959 , 44 , 10, 3, 49,		1	>
<960 , 44 , 10, 4, 49,		0	>
<961 , 45 , 1, 2, 92,		0	>
<962 , 45 , 1, 3, 92,		2	>
<963 , 45 , 1, 7, 92,		0	>
<964 , 45 , 3, 2, 87,		0	>
<965 , 45 , 3, 3, 87,		2	>
<966 , 45 , 3, 7, 87,		0	>
<967 , 45 , 7, 2, 77,		0	>
<968 , 45 , 7, 3, 77,		2	>
<969 , 45 , 7, 7, 77,		0	>
<970 , 45 , 9, 2, 31,		0	>
<971 , 45 , 9, 3, 31,		1	>
<972 , 45 , 9, 7, 31,		0	>
<973 , 46 , 3, 2, 56,		0	>
<974 , 46 , 3, 3, 56,		0	>
<975 , 46 , 3, 4, 56,		0	>
<976 , 46 , 3, 6, 56,		0	>
<977 , 46 , 3, 7, 56,		0	>
<978 , 46 , 4, 2, 49,		0	>
<979 , 46 , 4, 3, 49,		0	>
<980 , 46 , 4, 4, 49,		0	>
<981 , 46 , 4, 6, 49,		0	>
<982 , 46 , 4, 7, 49,		0	>
<983 , 46 , 5, 2, 69,		0	>
<984 , 46 , 5, 3, 69,		1	>
<985 , 46 , 5, 4, 69,		0	>
<986 , 46 , 5, 6, 69,		1	>
<987 , 46 , 5, 7, 69,		0	>
<988 , 46 , 8, 2, 41,		0	>
<989 , 46 , 8, 3, 41,		0	>
<990 , 46 , 8, 4, 41,		0	>
<991 , 46 , 8, 6, 41,		0	>
<992 , 46 , 8, 7, 41,		0	>
<993 , 47 , 1, 3, 1,		0	>
<994 , 47 , 1, 4, 1,		0	>
<995 , 47 , 1, 5, 1,		0	>
<996 , 47 , 1, 6, 1,		0	>
<997 , 47 , 3, 3, 1,		0	>
<998 , 47 , 3, 4, 1,		0	>
<999 , 47 , 3, 5, 1,		0	>
<1000 , 47 , 3, 6, 1,		0	>
<1001 , 47 , 5, 3, 1,		0	>
<1002 , 47 , 5, 4, 1,		0	>
<1003 , 47 , 5, 5, 1,		0	>
<1004 , 47 , 5, 6, 1,		0	>
<1005 , 47 , 9, 3, 1,		0	>
<1006 , 47 , 9, 4, 1,		0	>
<1007 , 47 , 9, 5, 1,		0	>
<1008 , 47 , 9, 6, 1,		0	>
<1009 , 48 , 1, 3, 10,		0	>
<1010 , 48 , 1, 5, 10,		0	>
<1011 , 48 , 1, 6, 10,		0	>
<1012 , 48 , 1, 7, 10,		0	>
<1013 , 48 , 4, 3, 22,		0	>
<1014 , 48 , 4, 5, 22,		0	>
<1015 , 48 , 4, 6, 22,		0	>
<1016 , 48 , 4, 7, 22,		0	>
<1017 , 48 , 9, 3, 12,		0	>
<1018 , 48 , 9, 5, 12,		0	>
<1019 , 48 , 9, 6, 12,		0	>
<1020 , 48 , 9, 7, 12,		0	>
<1021 , 49 , 1, 4, 93,		0	>
<1022 , 49 , 1, 5, 93,		1	>
<1023 , 49 , 1, 6, 93,		0	>
<1024 , 49 , 1, 7, 93,		1	>
<1025 , 49 , 4, 4, 94,		0	>
<1026 , 49 , 4, 5, 94,		1	>
<1027 , 49 , 4, 6, 94,		0	>
<1028 , 49 , 4, 7, 94,		1	>
<1029 , 49 , 8, 4, 94,		0	>
<1030 , 49 , 8, 5, 94,		1	>
<1031 , 49 , 8, 6, 94,		0	>
<1032 , 49 , 8, 7, 94,		1	>
<1033 , 49 , 9, 4, 98,		0	>
<1034 , 49 , 9, 5, 98,		1	>
<1035 , 49 , 9, 6, 98,		0	>
<1036 , 49 , 9, 7, 98,		1	>
<1037 , 49 , 10, 4, 97,		0	>
<1038 , 49 , 10, 5, 97,		1	>
<1039 , 49 , 10, 6, 97,		0	>
<1040 , 49 , 10, 7, 97,		1	>
<1041 , 50 , 1, 1, 73,		0	>
<1042 , 50 , 1, 2, 73,		1	>
<1043 , 50 , 1, 4, 73,		0	>
<1044 , 50 , 1, 5, 73,		1	>
<1045 , 50 , 1, 6, 73,		0	>
<1046 , 50 , 4, 1, 95,		0	>
<1047 , 50 , 4, 2, 95,		1	>
<1048 , 50 , 4, 4, 95,		0	>
<1049 , 50 , 4, 5, 95,		1	>
<1050 , 50 , 4, 6, 95,		0	>
<1051 , 50 , 6, 1, 58,		0	>
<1052 , 50 , 6, 2, 58,		0	>
<1053 , 50 , 6, 4, 58,		0	>
<1054 , 50 , 6, 5, 58,		0	>
<1055 , 50 , 6, 6, 58,		0	>
<1056 , 50 , 7, 1, 89,		0	>
<1057 , 50 , 7, 2, 89,		1	>
<1058 , 50 , 7, 4, 89,		0	>
<1059 , 50 , 7, 5, 89,		1	>
<1060 , 50 , 7, 6, 89,		0	>
<1061 , 50 , 10, 1, 89,		0	>
<1062 , 50 , 10, 2, 89,		1	>
<1063 , 50 , 10, 4, 89,		0	>
<1064 , 50 , 10, 5, 89,		1	>
<1065 , 50 , 10, 6, 89,		0	>
<1066 , 51 , 5, 1, 53,		0	>
<1067 , 51 , 5, 4, 53,		1	>
<1068 , 51 , 5, 5, 53,		0	>
<1069 , 51 , 5, 6, 53,		1	>
<1070 , 51 , 6, 1, 64,		0	>
<1071 , 51 , 6, 4, 64,		1	>
<1072 , 51 , 6, 5, 64,		0	>
<1073 , 51 , 6, 6, 64,		1	>
<1074 , 51 , 10, 1, 52,		0	>
<1075 , 51 , 10, 4, 52,		1	>
<1076 , 51 , 10, 5, 52,		0	>
<1077 , 51 , 10, 6, 52,		1	>
<1078 , 52 , 1, 1, 17,		0	>
<1079 , 52 , 1, 2, 17,		0	>
<1080 , 52 , 1, 6, 17,		0	>
<1081 , 52 , 3, 1, 38,		0	>
<1082 , 52 , 3, 2, 38,		1	>
<1083 , 52 , 3, 6, 38,		0	>
<1084 , 52 , 4, 1, 22,		0	>
<1085 , 52 , 4, 2, 22,		1	>
<1086 , 52 , 4, 6, 22,		0	>
<1087 , 52 , 5, 1, 39,		0	>
<1088 , 52 , 5, 2, 39,		1	>
<1089 , 52 , 5, 6, 39,		0	>
<1090 , 52 , 6, 1, 29,		0	>
<1091 , 52 , 6, 2, 29,		1	>
<1092 , 52 , 6, 6, 29,		0	>
<1093 , 52 , 8, 1, 41,		0	>
<1094 , 52 , 8, 2, 41,		1	>
<1095 , 52 , 8, 6, 41,		0	>
<1096 , 52 , 9, 1, 45,		0	>
<1097 , 52 , 9, 2, 45,		1	>
<1098 , 52 , 9, 6, 45,		0	>
<1099 , 53 , 5, 1, 53,		0	>
<1100 , 53 , 5, 2, 53,		0	>
<1101 , 53 , 5, 4, 53,		0	>
<1102 , 53 , 5, 5, 53,		0	>
<1103 , 53 , 5, 6, 53,		0	>
<1104 , 53 , 6, 1, 83,		0	>
<1105 , 53 , 6, 2, 83,		1	>
<1106 , 53 , 6, 4, 83,		0	>
<1107 , 53 , 6, 5, 83,		1	>
<1108 , 53 , 6, 6, 83,		0	>
<1109 , 53 , 9, 1, 85,		0	>
<1110 , 53 , 9, 2, 85,		1	>
<1111 , 53 , 9, 4, 85,		0	>
<1112 , 53 , 9, 5, 85,		1	>
<1113 , 53 , 9, 6, 85,		0	>
<1114 , 54 , 1, 2, 55,		0	>
<1115 , 54 , 1, 3, 55,		1	>
<1116 , 54 , 1, 5, 55,		0	>
<1117 , 54 , 3, 2, 37,		0	>
<1118 , 54 , 3, 3, 37,		1	>
<1119 , 54 , 3, 5, 37,		0	>
<1120 , 54 , 6, 2, 58,		0	>
<1121 , 54 , 6, 3, 58,		2	>
<1122 , 54 , 6, 5, 58,		0	>
<1123 , 54 , 7, 2, 51,		0	>
<1124 , 54 , 7, 3, 51,		1	>
<1125 , 54 , 7, 5, 51,		0	>
<1126 , 54 , 8, 2, 95,		0	>
<1127 , 54 , 8, 3, 95,		3	>
<1128 , 54 , 8, 5, 95,		0	>
<1129 , 54 , 9, 2, 96,		0	>
<1130 , 54 , 9, 3, 96,		3	>
<1131 , 54 , 9, 5, 96,		0	>
<1132 , 54 , 10, 2, 50,		0	>
<1133 , 54 , 10, 3, 50,		1	>
<1134 , 54 , 10, 5, 50,		0	>
<1135 , 55 , 1, 1, 79,		0	>
<1136 , 55 , 1, 2, 79,		1	>
<1137 , 55 , 1, 5, 79,		0	>
<1138 , 55 , 1, 7, 79,		1	>
<1139 , 55 , 5, 1, 64,		0	>
<1140 , 55 , 5, 2, 64,		1	>
<1141 , 55 , 5, 5, 64,		0	>
<1142 , 55 , 5, 7, 64,		1	>
<1143 , 55 , 8, 1, 81,		0	>
<1144 , 55 , 8, 2, 81,		1	>
<1145 , 55 , 8, 5, 81,		0	>
<1146 , 55 , 8, 7, 81,		1	>
<1147 , 56 , 4, 1, 28,		0	>
<1148 , 56 , 4, 3, 28,		0	>
<1149 , 56 , 4, 4, 28,		0	>
<1150 , 56 , 4, 5, 28,		0	>
<1151 , 56 , 6, 1, 20,		0	>
<1152 , 56 , 6, 3, 20,		0	>
<1153 , 56 , 6, 4, 20,		0	>
<1154 , 56 , 6, 5, 20,		0	>
<1155 , 56 , 7, 1, 47,		0	>
<1156 , 56 , 7, 3, 47,		1	>
<1157 , 56 , 7, 4, 47,		0	>
<1158 , 56 , 7, 5, 47,		1	>
<1159 , 56 , 10, 1, 19,		0	>
<1160 , 56 , 10, 3, 19,		0	>
<1161 , 56 , 10, 4, 19,		0	>
<1162 , 56 , 10, 5, 19,		0	>
<1163 , 57 , 1, 2, 15,		0	>
<1164 , 57 , 1, 6, 15,		0	>
<1165 , 57 , 1, 7, 15,		0	>
<1166 , 57 , 2, 2, 20,		0	>
<1167 , 57 , 2, 6, 20,		1	>
<1168 , 57 , 2, 7, 20,		0	>
<1169 , 57 , 3, 2, 33,		0	>
<1170 , 57 , 3, 6, 33,		1	>
<1171 , 57 , 3, 7, 33,		0	>
<1172 , 57 , 4, 2, 25,		0	>
<1173 , 57 , 4, 6, 25,		1	>
<1174 , 57 , 4, 7, 25,		0	>
<1175 , 57 , 8, 2, 35,		0	>
<1176 , 57 , 8, 6, 35,		1	>
<1177 , 57 , 8, 7, 35,		0	>
<1178 , 57 , 9, 2, 44,		0	>
<1179 , 57 , 9, 6, 44,		1	>
<1180 , 57 , 9, 7, 44,		0	>
<1181 , 57 , 10, 2, 29,		0	>
<1182 , 57 , 10, 6, 29,		1	>
<1183 , 57 , 10, 7, 29,		0	>
<1184 , 58 , 4, 1, 56,		0	>
<1185 , 58 , 4, 5, 56,		1	>
<1186 , 58 , 4, 6, 56,		0	>
<1187 , 58 , 4, 7, 56,		1	>
<1188 , 58 , 6, 1, 64,		0	>
<1189 , 58 , 6, 5, 64,		1	>
<1190 , 58 , 6, 6, 64,		0	>
<1191 , 58 , 6, 7, 64,		1	>
<1192 , 58 , 7, 1, 46,		0	>
<1193 , 58 , 7, 5, 46,		1	>
<1194 , 58 , 7, 6, 46,		0	>
<1195 , 58 , 7, 7, 46,		1	>
<1196 , 59 , 1, 1, 14,		0	>
<1197 , 59 , 1, 2, 14,		0	>
<1198 , 59 , 1, 4, 14,		0	>
<1199 , 59 , 3, 1, 12,		0	>
<1200 , 59 , 3, 2, 12,		0	>
<1201 , 59 , 3, 4, 12,		0	>
<1202 , 59 , 4, 1, 23,		0	>
<1203 , 59 , 4, 2, 23,		1	>
<1204 , 59 , 4, 4, 23,		0	>
<1205 , 59 , 7, 1, 13,		0	>
<1206 , 59 , 7, 2, 13,		0	>
<1207 , 59 , 7, 4, 13,		0	>
<1208 , 59 , 8, 1, 22,		0	>
<1209 , 59 , 8, 2, 22,		1	>
<1210 , 59 , 8, 4, 22,		0	>
<1211 , 60 , 1, 1, 79,		0	>
<1212 , 60 , 1, 2, 79,		1	>
<1213 , 60 , 1, 3, 79,		0	>
<1214 , 60 , 1, 5, 79,		1	>
<1215 , 60 , 1, 6, 79,		0	>
<1216 , 60 , 4, 1, 90,		0	>
<1217 , 60 , 4, 2, 90,		1	>
<1218 , 60 , 4, 3, 90,		0	>
<1219 , 60 , 4, 5, 90,		1	>
<1220 , 60 , 4, 6, 90,		0	>
<1221 , 60 , 7, 1, 83,		0	>
<1222 , 60 , 7, 2, 83,		1	>
<1223 , 60 , 7, 3, 83,		0	>
<1224 , 60 , 7, 5, 83,		1	>
<1225 , 60 , 7, 6, 83,		0	>
<1226 , 60 , 8, 1, 84,		0	>
<1227 , 60 , 8, 2, 84,		1	>
<1228 , 60 , 8, 3, 84,		0	>
<1229 , 60 , 8, 5, 84,		1	>
<1230 , 60 , 8, 6, 84,		0	>
<1231 , 60 , 9, 1, 84,		0	>
<1232 , 60 , 9, 2, 84,		1	>
<1233 , 60 , 9, 3, 84,		0	>
<1234 , 60 , 9, 5, 84,		1	>
<1235 , 60 , 9, 6, 84,		0	>
<1236 , 61 , 1, 1, 12,		0	>
<1237 , 61 , 1, 3, 12,		0	>
<1238 , 61 , 1, 4, 12,		0	>
<1239 , 61 , 1, 5, 12,		0	>
<1240 , 61 , 1, 7, 12,		0	>
<1241 , 61 , 8, 1, 9,		0	>
<1242 , 61 , 8, 3, 9,		0	>
<1243 , 61 , 8, 4, 9,		0	>
<1244 , 61 , 8, 5, 9,		0	>
<1245 , 61 , 8, 7, 9,		0	>
<1246 , 61 , 10, 1, 19,		0	>
<1247 , 61 , 10, 3, 19,		0	>
<1248 , 61 , 10, 4, 19,		0	>
<1249 , 61 , 10, 5, 19,		0	>
<1250 , 61 , 10, 7, 19,		0	>
<1251 , 62 , 5, 2, 46,		0	>
<1252 , 62 , 5, 3, 46,		0	>
<1253 , 62 , 5, 4, 46,		0	>
<1254 , 62 , 5, 5, 46,		0	>
<1255 , 62 , 5, 6, 46,		0	>
<1256 , 62 , 7, 2, 90,		0	>
<1257 , 62 , 7, 3, 90,		1	>
<1258 , 62 , 7, 4, 90,		0	>
<1259 , 62 , 7, 5, 90,		1	>
<1260 , 62 , 7, 6, 90,		0	>
<1261 , 62 , 10, 2, 45,		0	>
<1262 , 62 , 10, 3, 45,		0	>
<1263 , 62 , 10, 4, 45,		0	>
<1264 , 62 , 10, 5, 45,		0	>
<1265 , 62 , 10, 6, 45,		0	>
<1266 , 63 , 1, 2, 77,		0	>
<1267 , 63 , 1, 3, 77,		1	>
<1268 , 63 , 1, 4, 77,		0	>
<1269 , 63 , 1, 6, 77,		1	>
<1270 , 63 , 1, 7, 77,		0	>
<1271 , 63 , 2, 2, 92,		0	>
<1272 , 63 , 2, 3, 92,		1	>
<1273 , 63 , 2, 4, 92,		0	>
<1274 , 63 , 2, 6, 92,		1	>
<1275 , 63 , 2, 7, 92,		0	>
<1276 , 63 , 3, 2, 84,		0	>
<1277 , 63 , 3, 3, 84,		1	>
<1278 , 63 , 3, 4, 84,		0	>
<1279 , 63 , 3, 6, 84,		1	>
<1280 , 63 , 3, 7, 84,		0	>
<1281 , 63 , 6, 2, 96,		0	>
<1282 , 63 , 6, 3, 96,		1	>
<1283 , 63 , 6, 4, 96,		0	>
<1284 , 63 , 6, 6, 96,		1	>
<1285 , 63 , 6, 7, 96,		0	>
<1286 , 64 , 2, 1, 65,		0	>
<1287 , 64 , 2, 3, 65,		1	>
<1288 , 64 , 2, 5, 65,		0	>
<1289 , 64 , 2, 7, 65,		1	>
<1290 , 64 , 5, 1, 68,		0	>
<1291 , 64 , 5, 3, 68,		1	>
<1292 , 64 , 5, 5, 68,		0	>
<1293 , 64 , 5, 7, 68,		1	>
<1294 , 64 , 10, 1, 88,		0	>
<1295 , 64 , 10, 3, 88,		1	>
<1296 , 64 , 10, 5, 88,		0	>
<1297 , 64 , 10, 7, 88,		1	>
<1298 , 65 , 1, 1, 12,		0	>
<1299 , 65 , 1, 4, 12,		0	>
<1300 , 65 , 1, 5, 12,		0	>
<1301 , 65 , 1, 6, 12,		0	>
<1302 , 65 , 1, 7, 12,		0	>
<1303 , 65 , 2, 1, 33,		0	>
<1304 , 65 , 2, 4, 33,		0	>
<1305 , 65 , 2, 5, 33,		0	>
<1306 , 65 , 2, 6, 33,		0	>
<1307 , 65 , 2, 7, 33,		0	>
<1308 , 65 , 3, 1, 14,		0	>
<1309 , 65 , 3, 4, 14,		0	>
<1310 , 65 , 3, 5, 14,		0	>
<1311 , 65 , 3, 6, 14,		0	>
<1312 , 65 , 3, 7, 14,		0	>
<1313 , 65 , 5, 1, 33,		0	>
<1314 , 65 , 5, 4, 33,		0	>
<1315 , 65 , 5, 5, 33,		0	>
<1316 , 65 , 5, 6, 33,		0	>
<1317 , 65 , 5, 7, 33,		0	>
<1318 , 65 , 8, 1, 33,		0	>
<1319 , 65 , 8, 4, 33,		0	>
<1320 , 65 , 8, 5, 33,		0	>
<1321 , 65 , 8, 6, 33,		0	>
<1322 , 65 , 8, 7, 33,		0	>
<1323 , 66 , 1, 1, 13,		0	>
<1324 , 66 , 1, 4, 13,		0	>
<1325 , 66 , 1, 5, 13,		0	>
<1326 , 66 , 2, 1, 10,		0	>
<1327 , 66 , 2, 4, 10,		0	>
<1328 , 66 , 2, 5, 10,		0	>
<1329 , 66 , 4, 1, 9,		0	>
<1330 , 66 , 4, 4, 9,		0	>
<1331 , 66 , 4, 5, 9,		0	>
<1332 , 66 , 6, 1, 17,		0	>
<1333 , 66 , 6, 4, 17,		0	>
<1334 , 66 , 6, 5, 17,		0	>
<1335 , 66 , 8, 1, 9,		0	>
<1336 , 66 , 8, 4, 9,		0	>
<1337 , 66 , 8, 5, 9,		0	>
<1338 , 67 , 2, 1, 99,		0	>
<1339 , 67 , 2, 2, 99,		1	>
<1340 , 67 , 2, 3, 99,		0	>
<1341 , 67 , 2, 5, 99,		1	>
<1342 , 67 , 8, 1, 99,		0	>
<1343 , 67 , 8, 2, 99,		1	>
<1344 , 67 , 8, 3, 99,		0	>
<1345 , 67 , 8, 5, 99,		1	>
<1346 , 67 , 9, 1, 99,		0	>
<1347 , 67 , 9, 2, 99,		1	>
<1348 , 67 , 9, 3, 99,		0	>
<1349 , 67 , 9, 5, 99,		1	>
<1350 , 67 , 10, 1, 99,		0	>
<1351 , 67 , 10, 2, 99,		1	>
<1352 , 67 , 10, 3, 99,		0	>
<1353 , 67 , 10, 5, 99,		1	>
<1354 , 68 , 2, 1, 91,		0	>
<1355 , 68 , 2, 4, 91,		2	>
<1356 , 68 , 2, 5, 91,		0	>
<1357 , 68 , 4, 1, 93,		0	>
<1358 , 68 , 4, 4, 93,		2	>
<1359 , 68 , 4, 5, 93,		0	>
<1360 , 68 , 5, 1, 86,		0	>
<1361 , 68 , 5, 4, 86,		2	>
<1362 , 68 , 5, 5, 86,		0	>
<1363 , 68 , 6, 1, 76,		0	>
<1364 , 68 , 6, 4, 76,		2	>
<1365 , 68 , 6, 5, 76,		0	>
<1366 , 68 , 7, 1, 72,		0	>
<1367 , 68 , 7, 4, 72,		2	>
<1368 , 68 , 7, 5, 72,		0	>
<1369 , 68 , 8, 1, 91,		0	>
<1370 , 68 , 8, 4, 91,		2	>
<1371 , 68 , 8, 5, 91,		0	>
<1372 , 68 , 10, 1, 85,		0	>
<1373 , 68 , 10, 4, 85,		2	>
<1374 , 68 , 10, 5, 85,		0	>
<1375 , 69 , 2, 1, 98,		0	>
<1376 , 69 , 2, 3, 98,		1	>
<1377 , 69 , 2, 4, 98,		0	>
<1378 , 69 , 2, 5, 98,		1	>
<1379 , 69 , 2, 6, 98,		0	>
<1380 , 69 , 3, 1, 92,		0	>
<1381 , 69 , 3, 3, 92,		1	>
<1382 , 69 , 3, 4, 92,		0	>
<1383 , 69 , 3, 5, 92,		1	>
<1384 , 69 , 3, 6, 92,		0	>
<1385 , 69 , 4, 1, 97,		0	>
<1386 , 69 , 4, 3, 97,		1	>
<1387 , 69 , 4, 4, 97,		0	>
<1388 , 69 , 4, 5, 97,		1	>
<1389 , 69 , 4, 6, 97,		0	>
<1390 , 69 , 6, 1, 97,		0	>
<1391 , 69 , 6, 3, 97,		1	>
<1392 , 69 , 6, 4, 97,		0	>
<1393 , 69 , 6, 5, 97,		1	>
<1394 , 69 , 6, 6, 97,		0	>
<1395 , 69 , 8, 1, 91,		0	>
<1396 , 69 , 8, 3, 91,		1	>
<1397 , 69 , 8, 4, 91,		0	>
<1398 , 69 , 8, 5, 91,		1	>
<1399 , 69 , 8, 6, 91,		0	>
<1400 , 69 , 10, 1, 94,		0	>
<1401 , 69 , 10, 3, 94,		1	>
<1402 , 69 , 10, 4, 94,		0	>
<1403 , 69 , 10, 5, 94,		1	>
<1404 , 69 , 10, 6, 94,		0	>
<1405 , 70 , 1, 1, 95,		0	>
<1406 , 70 , 1, 2, 95,		1	>
<1407 , 70 , 1, 3, 95,		0	>
<1408 , 70 , 1, 6, 95,		1	>
<1409 , 70 , 4, 1, 98,		0	>
<1410 , 70 , 4, 2, 98,		1	>
<1411 , 70 , 4, 3, 98,		0	>
<1412 , 70 , 4, 6, 98,		1	>
<1413 , 70 , 6, 1, 68,		0	>
<1414 , 70 , 6, 2, 68,		1	>
<1415 , 70 , 6, 3, 68,		0	>
<1416 , 70 , 6, 6, 68,		1	>
<1417 , 70 , 7, 1, 78,		0	>
<1418 , 70 , 7, 2, 78,		1	>
<1419 , 70 , 7, 3, 78,		0	>
<1420 , 70 , 7, 6, 78,		1	>
<1421 , 70 , 8, 1, 92,		0	>
<1422 , 70 , 8, 2, 92,		1	>
<1423 , 70 , 8, 3, 92,		0	>
<1424 , 70 , 8, 6, 92,		1	>
<1425 , 71 , 1, 2, 95,		0	>
<1426 , 71 , 1, 4, 95,		1	>
<1427 , 71 , 1, 5, 95,		0	>
<1428 , 71 , 1, 6, 95,		1	>
<1429 , 71 , 1, 7, 95,		0	>
<1430 , 71 , 2, 2, 91,		0	>
<1431 , 71 , 2, 4, 91,		1	>
<1432 , 71 , 2, 5, 91,		0	>
<1433 , 71 , 2, 6, 91,		1	>
<1434 , 71 , 2, 7, 91,		0	>
<1435 , 71 , 3, 2, 84,		0	>
<1436 , 71 , 3, 4, 84,		1	>
<1437 , 71 , 3, 5, 84,		0	>
<1438 , 71 , 3, 6, 84,		1	>
<1439 , 71 , 3, 7, 84,		0	>
<1440 , 71 , 5, 2, 75,		0	>
<1441 , 71 , 5, 4, 75,		1	>
<1442 , 71 , 5, 5, 75,		0	>
<1443 , 71 , 5, 6, 75,		1	>
<1444 , 71 , 5, 7, 75,		0	>
<1445 , 71 , 7, 2, 81,		0	>
<1446 , 71 , 7, 4, 81,		1	>
<1447 , 71 , 7, 5, 81,		0	>
<1448 , 71 , 7, 6, 81,		1	>
<1449 , 71 , 7, 7, 81,		0	>
<1450 , 71 , 8, 2, 77,		0	>
<1451 , 71 , 8, 4, 77,		1	>
<1452 , 71 , 8, 5, 77,		0	>
<1453 , 71 , 8, 6, 77,		1	>
<1454 , 71 , 8, 7, 77,		0	>
<1455 , 71 , 10, 2, 88,		0	>
<1456 , 71 , 10, 4, 88,		1	>
<1457 , 71 , 10, 5, 88,		0	>
<1458 , 71 , 10, 6, 88,		1	>
<1459 , 71 , 10, 7, 88,		0	>
<1460 , 72 , 1, 1, 63,		0	>
<1461 , 72 , 1, 2, 63,		1	>
<1462 , 72 , 1, 4, 63,		0	>
<1463 , 72 , 1, 6, 63,		1	>
<1464 , 72 , 1, 7, 63,		0	>
<1465 , 72 , 2, 1, 54,		0	>
<1466 , 72 , 2, 2, 54,		0	>
<1467 , 72 , 2, 4, 54,		0	>
<1468 , 72 , 2, 6, 54,		0	>
<1469 , 72 , 2, 7, 54,		0	>
<1470 , 72 , 3, 1, 52,		0	>
<1471 , 72 , 3, 2, 52,		0	>
<1472 , 72 , 3, 4, 52,		0	>
<1473 , 72 , 3, 6, 52,		0	>
<1474 , 72 , 3, 7, 52,		0	>
<1475 , 72 , 4, 1, 45,		0	>
<1476 , 72 , 4, 2, 45,		0	>
<1477 , 72 , 4, 4, 45,		0	>
<1478 , 72 , 4, 6, 45,		0	>
<1479 , 72 , 4, 7, 45,		0	>
<1480 , 72 , 8, 1, 69,		0	>
<1481 , 72 , 8, 2, 69,		1	>
<1482 , 72 , 8, 4, 69,		0	>
<1483 , 72 , 8, 6, 69,		1	>
<1484 , 72 , 8, 7, 69,		0	>
<1485 , 72 , 10, 1, 41,		0	>
<1486 , 72 , 10, 2, 41,		0	>
<1487 , 72 , 10, 4, 41,		0	>
<1488 , 72 , 10, 6, 41,		0	>
<1489 , 72 , 10, 7, 41,		0	>
<1490 , 73 , 1, 1, 76,		0	>
<1491 , 73 , 1, 2, 76,		1	>
<1492 , 73 , 1, 4, 76,		0	>
<1493 , 73 , 1, 5, 76,		1	>
<1494 , 73 , 1, 6, 76,		0	>
<1495 , 73 , 2, 1, 95,		0	>
<1496 , 73 , 2, 2, 95,		1	>
<1497 , 73 , 2, 4, 95,		0	>
<1498 , 73 , 2, 5, 95,		1	>
<1499 , 73 , 2, 6, 95,		0	>
<1500 , 73 , 6, 1, 89,		0	>
<1501 , 73 , 6, 2, 89,		1	>
<1502 , 73 , 6, 4, 89,		0	>
<1503 , 73 , 6, 5, 89,		1	>
<1504 , 73 , 6, 6, 89,		0	>
<1505 , 73 , 7, 1, 98,		0	>
<1506 , 73 , 7, 2, 98,		1	>
<1507 , 73 , 7, 4, 98,		0	>
<1508 , 73 , 7, 5, 98,		1	>
<1509 , 73 , 7, 6, 98,		0	>
<1510 , 73 , 8, 1, 96,		0	>
<1511 , 73 , 8, 2, 96,		1	>
<1512 , 73 , 8, 4, 96,		0	>
<1513 , 73 , 8, 5, 96,		1	>
<1514 , 73 , 8, 6, 96,		0	>
<1515 , 74 , 3, 1, 91,		0	>
<1516 , 74 , 3, 3, 91,		1	>
<1517 , 74 , 3, 4, 91,		0	>
<1518 , 74 , 3, 6, 91,		1	>
<1519 , 74 , 3, 7, 91,		0	>
<1520 , 74 , 9, 1, 82,		0	>
<1521 , 74 , 9, 3, 82,		1	>
<1522 , 74 , 9, 4, 82,		0	>
<1523 , 74 , 9, 6, 82,		1	>
<1524 , 74 , 9, 7, 82,		0	>
<1525 , 74 , 10, 1, 74,		0	>
<1526 , 74 , 10, 3, 74,		1	>
<1527 , 74 , 10, 4, 74,		0	>
<1528 , 74 , 10, 6, 74,		1	>
<1529 , 74 , 10, 7, 74,		0	>
<1530 , 75 , 3, 1, 97,		0	>
<1531 , 75 , 3, 3, 97,		1	>
<1532 , 75 , 3, 5, 97,		0	>
<1533 , 75 , 3, 6, 97,		1	>
<1534 , 75 , 3, 7, 97,		0	>
<1535 , 75 , 4, 1, 64,		0	>
<1536 , 75 , 4, 3, 64,		1	>
<1537 , 75 , 4, 5, 64,		0	>
<1538 , 75 , 4, 6, 64,		1	>
<1539 , 75 , 4, 7, 64,		0	>
<1540 , 75 , 5, 1, 66,		0	>
<1541 , 75 , 5, 3, 66,		1	>
<1542 , 75 , 5, 5, 66,		0	>
<1543 , 75 , 5, 6, 66,		1	>
<1544 , 75 , 5, 7, 66,		0	>
<1545 , 75 , 6, 1, 94,		0	>
<1546 , 75 , 6, 3, 94,		1	>
<1547 , 75 , 6, 5, 94,		0	>
<1548 , 75 , 6, 6, 94,		1	>
<1549 , 75 , 6, 7, 94,		0	>
<1550 , 75 , 8, 1, 82,		0	>
<1551 , 75 , 8, 3, 82,		1	>
<1552 , 75 , 8, 5, 82,		0	>
<1553 , 75 , 8, 6, 82,		1	>
<1554 , 75 , 8, 7, 82,		0	>
<1555 , 75 , 9, 1, 77,		0	>
<1556 , 75 , 9, 3, 77,		1	>
<1557 , 75 , 9, 5, 77,		0	>
<1558 , 75 , 9, 6, 77,		1	>
<1559 , 75 , 9, 7, 77,		0	>
<1560 , 76 , 2, 4, 67,		0	>
<1561 , 76 , 2, 5, 67,		2	>
<1562 , 76 , 2, 6, 67,		0	>
<1563 , 76 , 6, 4, 74,		0	>
<1564 , 76 , 6, 5, 74,		2	>
<1565 , 76 , 6, 6, 74,		0	>
<1566 , 76 , 7, 4, 62,		0	>
<1567 , 76 , 7, 5, 62,		2	>
<1568 , 76 , 7, 6, 62,		0	>
<1569 , 76 , 8, 4, 42,		0	>
<1570 , 76 , 8, 5, 42,		1	>
<1571 , 76 , 8, 6, 42,		0	>
<1572 , 76 , 9, 4, 98,		0	>
<1573 , 76 , 9, 5, 98,		3	>
<1574 , 76 , 9, 6, 98,		0	>
<1575 , 76 , 10, 4, 63,		0	>
<1576 , 76 , 10, 5, 63,		2	>
<1577 , 76 , 10, 6, 63,		0	>
<1578 , 77 , 2, 1, 4,		0	>
<1579 , 77 , 2, 4, 4,		0	>
<1580 , 77 , 2, 6, 4,		0	>
<1581 , 77 , 3, 1, 2,		0	>
<1582 , 77 , 3, 4, 2,		0	>
<1583 , 77 , 3, 6, 2,		0	>
<1584 , 77 , 4, 1, 5,		0	>
<1585 , 77 , 4, 4, 5,		0	>
<1586 , 77 , 4, 6, 5,		0	>
<1587 , 77 , 6, 1, 6,		0	>
<1588 , 77 , 6, 4, 6,		0	>
<1589 , 77 , 6, 6, 6,		0	>
<1590 , 77 , 8, 1, 6,		0	>
<1591 , 77 , 8, 4, 6,		0	>
<1592 , 77 , 8, 6, 6,		0	>
<1593 , 78 , 1, 1, 90,		0	>
<1594 , 78 , 1, 6, 90,		2	>
<1595 , 78 , 1, 7, 90,		0	>
<1596 , 78 , 3, 1, 90,		0	>
<1597 , 78 , 3, 6, 90,		2	>
<1598 , 78 , 3, 7, 90,		0	>
<1599 , 78 , 4, 1, 96,		0	>
<1600 , 78 , 4, 6, 96,		3	>
<1601 , 78 , 4, 7, 96,		0	>
<1602 , 78 , 5, 1, 90,		0	>
<1603 , 78 , 5, 6, 90,		2	>
<1604 , 78 , 5, 7, 90,		0	>
<1605 , 78 , 6, 1, 92,		0	>
<1606 , 78 , 6, 6, 92,		2	>
<1607 , 78 , 6, 7, 92,		0	>
<1608 , 78 , 7, 1, 88,		0	>
<1609 , 78 , 7, 6, 88,		2	>
<1610 , 78 , 7, 7, 88,		0	>
<1611 , 78 , 10, 1, 92,		0	>
<1612 , 78 , 10, 6, 92,		2	>
<1613 , 78 , 10, 7, 92,		0	>
<1614 , 79 , 1, 3, 81,		0	>
<1615 , 79 , 1, 4, 81,		2	>
<1616 , 79 , 1, 5, 81,		0	>
<1617 , 79 , 2, 3, 30,		0	>
<1618 , 79 , 2, 4, 30,		1	>
<1619 , 79 , 2, 5, 30,		0	>
<1620 , 79 , 3, 3, 60,		0	>
<1621 , 79 , 3, 4, 60,		2	>
<1622 , 79 , 3, 5, 60,		0	>
<1623 , 79 , 4, 3, 73,		0	>
<1624 , 79 , 4, 4, 73,		2	>
<1625 , 79 , 4, 5, 73,		0	>
<1626 , 79 , 6, 3, 73,		0	>
<1627 , 79 , 6, 4, 73,		2	>
<1628 , 79 , 6, 5, 73,		0	>
<1629 , 79 , 7, 3, 53,		0	>
<1630 , 79 , 7, 4, 53,		1	>
<1631 , 79 , 7, 5, 53,		0	>
<1632 , 79 , 8, 3, 72,		0	>
<1633 , 79 , 8, 4, 72,		2	>
<1634 , 79 , 8, 5, 72,		0	>
<1635 , 80 , 2, 1, 14,		0	>
<1636 , 80 , 2, 3, 14,		0	>
<1637 , 80 , 2, 7, 14,		0	>
<1638 , 80 , 3, 1, 13,		0	>
<1639 , 80 , 3, 3, 13,		0	>
<1640 , 80 , 3, 7, 13,		0	>
<1641 , 80 , 6, 1, 10,		0	>
<1642 , 80 , 6, 3, 10,		0	>
<1643 , 80 , 6, 7, 10,		0	>
<1644 , 80 , 7, 1, 14,		0	>
<1645 , 80 , 7, 3, 14,		0	>
<1646 , 80 , 7, 7, 14,		0	>
<1647 , 80 , 8, 1, 6,		0	>
<1648 , 80 , 8, 3, 6,		0	>
<1649 , 80 , 8, 7, 6,		0	>
<1650 , 80 , 9, 1, 16,		0	>
<1651 , 80 , 9, 3, 16,		0	>
<1652 , 80 , 9, 7, 16,		0	>
<1653 , 81 , 1, 2, 39,		0	>
<1654 , 81 , 1, 4, 39,		1	>
<1655 , 81 , 1, 7, 39,		0	>
<1656 , 81 , 5, 2, 80,		0	>
<1657 , 81 , 5, 4, 80,		2	>
<1658 , 81 , 5, 7, 80,		0	>
<1659 , 81 , 6, 2, 75,		0	>
<1660 , 81 , 6, 4, 75,		2	>
<1661 , 81 , 6, 7, 75,		0	>
<1662 , 81 , 8, 2, 53,		0	>
<1663 , 81 , 8, 4, 53,		1	>
<1664 , 81 , 8, 7, 53,		0	>
<1665 , 81 , 9, 2, 71,		0	>
<1666 , 81 , 9, 4, 71,		2	>
<1667 , 81 , 9, 7, 71,		0	>
<1668 , 81 , 10, 2, 50,		0	>
<1669 , 81 , 10, 4, 50,		1	>
<1670 , 81 , 10, 7, 50,		0	>
<1671 , 82 , 3, 2, 25,		0	>
<1672 , 82 , 3, 3, 25,		0	>
<1673 , 82 , 3, 5, 25,		0	>
<1674 , 82 , 3, 6, 25,		0	>
<1675 , 82 , 3, 7, 25,		0	>
<1676 , 82 , 4, 2, 15,		0	>
<1677 , 82 , 4, 3, 15,		0	>
<1678 , 82 , 4, 5, 15,		0	>
<1679 , 82 , 4, 6, 15,		0	>
<1680 , 82 , 4, 7, 15,		0	>
<1681 , 82 , 7, 2, 37,		0	>
<1682 , 82 , 7, 3, 37,		0	>
<1683 , 82 , 7, 5, 37,		0	>
<1684 , 82 , 7, 6, 37,		0	>
<1685 , 82 , 7, 7, 37,		0	>
<1686 , 82 , 8, 2, 37,		0	>
<1687 , 82 , 8, 3, 37,		0	>
<1688 , 82 , 8, 5, 37,		0	>
<1689 , 82 , 8, 6, 37,		0	>
<1690 , 82 , 8, 7, 37,		0	>
<1691 , 83 , 2, 1, 89,		0	>
<1692 , 83 , 2, 4, 89,		2	>
<1693 , 83 , 2, 5, 89,		0	>
<1694 , 83 , 3, 1, 91,		0	>
<1695 , 83 , 3, 4, 91,		2	>
<1696 , 83 , 3, 5, 91,		0	>
<1697 , 83 , 5, 1, 95,		0	>
<1698 , 83 , 5, 4, 95,		3	>
<1699 , 83 , 5, 5, 95,		0	>
<1700 , 83 , 6, 1, 85,		0	>
<1701 , 83 , 6, 4, 85,		2	>
<1702 , 83 , 6, 5, 85,		0	>
<1703 , 83 , 8, 1, 90,		0	>
<1704 , 83 , 8, 4, 90,		2	>
<1705 , 83 , 8, 5, 90,		0	>
<1706 , 84 , 1, 2, 26,		0	>
<1707 , 84 , 1, 3, 26,		0	>
<1708 , 84 , 1, 4, 26,		0	>
<1709 , 84 , 1, 6, 26,		0	>
<1710 , 84 , 3, 2, 15,		0	>
<1711 , 84 , 3, 3, 15,		0	>
<1712 , 84 , 3, 4, 15,		0	>
<1713 , 84 , 3, 6, 15,		0	>
<1714 , 84 , 4, 2, 24,		0	>
<1715 , 84 , 4, 3, 24,		0	>
<1716 , 84 , 4, 4, 24,		0	>
<1717 , 84 , 4, 6, 24,		0	>
<1718 , 85 , 2, 1, 30,		0	>
<1719 , 85 , 2, 6, 30,		1	>
<1720 , 85 , 2, 7, 30,		0	>
<1721 , 85 , 4, 1, 27,		0	>
<1722 , 85 , 4, 6, 27,		1	>
<1723 , 85 , 4, 7, 27,		0	>
<1724 , 85 , 5, 1, 71,		0	>
<1725 , 85 , 5, 6, 71,		2	>
<1726 , 85 , 5, 7, 71,		0	>
<1727 , 85 , 6, 1, 48,		0	>
<1728 , 85 , 6, 6, 48,		1	>
<1729 , 85 , 6, 7, 48,		0	>
<1730 , 85 , 7, 1, 28,		0	>
<1731 , 85 , 7, 6, 28,		1	>
<1732 , 85 , 7, 7, 28,		0	>
<1733 , 85 , 8, 1, 42,		0	>
<1734 , 85 , 8, 6, 42,		1	>
<1735 , 85 , 8, 7, 42,		0	>
<1736 , 85 , 10, 1, 55,		0	>
<1737 , 85 , 10, 6, 55,		1	>
<1738 , 85 , 10, 7, 55,		0	>
<1739 , 86 , 2, 2, 22,		0	>
<1740 , 86 , 2, 4, 22,		0	>
<1741 , 86 , 2, 5, 22,		0	>
<1742 , 86 , 2, 7, 22,		0	>
<1743 , 86 , 3, 2, 66,		0	>
<1744 , 86 , 3, 4, 66,		1	>
<1745 , 86 , 3, 5, 66,		0	>
<1746 , 86 , 3, 7, 66,		1	>
<1747 , 86 , 4, 2, 42,		0	>
<1748 , 86 , 4, 4, 42,		1	>
<1749 , 86 , 4, 5, 42,		0	>
<1750 , 86 , 4, 7, 42,		1	>
<1751 , 86 , 6, 2, 27,		0	>
<1752 , 86 , 6, 4, 27,		0	>
<1753 , 86 , 6, 5, 27,		0	>
<1754 , 86 , 6, 7, 27,		0	>
<1755 , 86 , 8, 2, 65,		0	>
<1756 , 86 , 8, 4, 65,		1	>
<1757 , 86 , 8, 5, 65,		0	>
<1758 , 86 , 8, 7, 65,		1	>
<1759 , 87 , 1, 2, 74,		0	>
<1760 , 87 , 1, 3, 74,		1	>
<1761 , 87 , 1, 5, 74,		0	>
<1762 , 87 , 1, 7, 74,		1	>
<1763 , 87 , 2, 2, 58,		0	>
<1764 , 87 , 2, 3, 58,		1	>
<1765 , 87 , 2, 5, 58,		0	>
<1766 , 87 , 2, 7, 58,		1	>
<1767 , 87 , 3, 2, 72,		0	>
<1768 , 87 , 3, 3, 72,		1	>
<1769 , 87 , 3, 5, 72,		0	>
<1770 , 87 , 3, 7, 72,		1	>
<1771 , 87 , 4, 2, 48,		0	>
<1772 , 87 , 4, 3, 48,		1	>
<1773 , 87 , 4, 5, 48,		0	>
<1774 , 87 , 4, 7, 48,		1	>
<1775 , 87 , 6, 2, 98,		0	>
<1776 , 87 , 6, 3, 98,		1	>
<1777 , 87 , 6, 5, 98,		0	>
<1778 , 87 , 6, 7, 98,		1	>
<1779 , 87 , 8, 2, 49,		0	>
<1780 , 87 , 8, 3, 49,		1	>
<1781 , 87 , 8, 5, 49,		0	>
<1782 , 87 , 8, 7, 49,		1	>
<1783 , 88 , 1, 1, 98,		0	>
<1784 , 88 , 1, 5, 98,		3	>
<1785 , 88 , 1, 7, 98,		0	>
<1786 , 88 , 2, 1, 93,		0	>
<1787 , 88 , 2, 5, 93,		2	>
<1788 , 88 , 2, 7, 93,		0	>
<1789 , 88 , 3, 1, 91,		0	>
<1790 , 88 , 3, 5, 91,		2	>
<1791 , 88 , 3, 7, 91,		0	>
<1792 , 88 , 5, 1, 98,		0	>
<1793 , 88 , 5, 5, 98,		3	>
<1794 , 88 , 5, 7, 98,		0	>
<1795 , 88 , 6, 1, 94,		0	>
<1796 , 88 , 6, 5, 94,		3	>
<1797 , 88 , 6, 7, 94,		0	>
<1798 , 88 , 7, 1, 96,		0	>
<1799 , 88 , 7, 5, 96,		3	>
<1800 , 88 , 7, 7, 96,		0	>
<1801 , 88 , 10, 1, 91,		0	>
<1802 , 88 , 10, 5, 91,		2	>
<1803 , 88 , 10, 7, 91,		0	>
<1804 , 89 , 1, 1, 78,		0	>
<1805 , 89 , 1, 3, 78,		1	>
<1806 , 89 , 1, 4, 78,		0	>
<1807 , 89 , 1, 5, 78,		1	>
<1808 , 89 , 1, 7, 78,		0	>
<1809 , 89 , 2, 1, 77,		0	>
<1810 , 89 , 2, 3, 77,		1	>
<1811 , 89 , 2, 4, 77,		0	>
<1812 , 89 , 2, 5, 77,		1	>
<1813 , 89 , 2, 7, 77,		0	>
<1814 , 89 , 5, 1, 88,		0	>
<1815 , 89 , 5, 3, 88,		1	>
<1816 , 89 , 5, 4, 88,		0	>
<1817 , 89 , 5, 5, 88,		1	>
<1818 , 89 , 5, 7, 88,		0	>
<1819 , 89 , 6, 1, 77,		0	>
<1820 , 89 , 6, 3, 77,		1	>
<1821 , 89 , 6, 4, 77,		0	>
<1822 , 89 , 6, 5, 77,		1	>
<1823 , 89 , 6, 7, 77,		0	>
<1824 , 89 , 7, 1, 78,		0	>
<1825 , 89 , 7, 3, 78,		1	>
<1826 , 89 , 7, 4, 78,		0	>
<1827 , 89 , 7, 5, 78,		1	>
<1828 , 89 , 7, 7, 78,		0	>
<1829 , 89 , 8, 1, 94,		0	>
<1830 , 89 , 8, 3, 94,		1	>
<1831 , 89 , 8, 4, 94,		0	>
<1832 , 89 , 8, 5, 94,		1	>
<1833 , 89 , 8, 7, 94,		0	>
<1834 , 89 , 9, 1, 82,		0	>
<1835 , 89 , 9, 3, 82,		1	>
<1836 , 89 , 9, 4, 82,		0	>
<1837 , 89 , 9, 5, 82,		1	>
<1838 , 89 , 9, 7, 82,		0	>
<1839 , 90 , 1, 2, 99,		0	>
<1840 , 90 , 1, 3, 99,		1	>
<1841 , 90 , 1, 4, 99,		0	>
<1842 , 90 , 1, 5, 99,		1	>
<1843 , 90 , 2, 2, 93,		0	>
<1844 , 90 , 2, 3, 93,		1	>
<1845 , 90 , 2, 4, 93,		0	>
<1846 , 90 , 2, 5, 93,		1	>
<1847 , 90 , 4, 2, 93,		0	>
<1848 , 90 , 4, 3, 93,		1	>
<1849 , 90 , 4, 4, 93,		0	>
<1850 , 90 , 4, 5, 93,		1	>
<1851 , 90 , 5, 2, 96,		0	>
<1852 , 90 , 5, 3, 96,		1	>
<1853 , 90 , 5, 4, 96,		0	>
<1854 , 90 , 5, 5, 96,		1	>
<1855 , 90 , 9, 2, 98,		0	>
<1856 , 90 , 9, 3, 98,		1	>
<1857 , 90 , 9, 4, 98,		0	>
<1858 , 90 , 9, 5, 98,		1	>
<1859 , 91 , 2, 1, 39,		0	>
<1860 , 91 , 2, 2, 39,		1	>
<1861 , 91 , 2, 3, 39,		0	>
<1862 , 91 , 2, 5, 39,		1	>
<1863 , 91 , 6, 1, 43,		0	>
<1864 , 91 , 6, 2, 43,		1	>
<1865 , 91 , 6, 3, 43,		0	>
<1866 , 91 , 6, 5, 43,		1	>
<1867 , 91 , 7, 1, 39,		0	>
<1868 , 91 , 7, 2, 39,		1	>
<1869 , 91 , 7, 3, 39,		0	>
<1870 , 91 , 7, 5, 39,		1	>
<1871 , 91 , 8, 1, 65,		0	>
<1872 , 91 , 8, 2, 65,		1	>
<1873 , 91 , 8, 3, 65,		0	>
<1874 , 91 , 8, 5, 65,		1	>
<1875 , 91 , 9, 1, 54,		0	>
<1876 , 91 , 9, 2, 54,		1	>
<1877 , 91 , 9, 3, 54,		0	>
<1878 , 91 , 9, 5, 54,		1	>
<1879 , 92 , 1, 1, 90,		0	>
<1880 , 92 , 1, 4, 90,		2	>
<1881 , 92 , 1, 7, 90,		0	>
<1882 , 92 , 4, 1, 91,		0	>
<1883 , 92 , 4, 4, 91,		2	>
<1884 , 92 , 4, 7, 91,		0	>
<1885 , 92 , 10, 1, 81,		0	>
<1886 , 92 , 10, 4, 81,		2	>
<1887 , 92 , 10, 7, 81,		0	>
<1888 , 93 , 4, 2, 42,		0	>
<1889 , 93 , 4, 4, 42,		0	>
<1890 , 93 , 4, 5, 42,		0	>
<1891 , 93 , 4, 6, 42,		0	>
<1892 , 93 , 4, 7, 42,		0	>
<1893 , 93 , 5, 2, 17,		0	>
<1894 , 93 , 5, 4, 17,		0	>
<1895 , 93 , 5, 5, 17,		0	>
<1896 , 93 , 5, 6, 17,		0	>
<1897 , 93 , 5, 7, 17,		0	>
<1898 , 93 , 6, 2, 39,		0	>
<1899 , 93 , 6, 4, 39,		0	>
<1900 , 93 , 6, 5, 39,		0	>
<1901 , 93 , 6, 6, 39,		0	>
<1902 , 93 , 6, 7, 39,		0	>
<1903 , 94 , 2, 1, 84,		0	>
<1904 , 94 , 2, 3, 84,		1	>
<1905 , 94 , 2, 5, 84,		0	>
<1906 , 94 , 2, 6, 84,		1	>
<1907 , 94 , 2, 7, 84,		0	>
<1908 , 94 , 5, 1, 96,		0	>
<1909 , 94 , 5, 3, 96,		1	>
<1910 , 94 , 5, 5, 96,		0	>
<1911 , 94 , 5, 6, 96,		1	>
<1912 , 94 , 5, 7, 96,		0	>
<1913 , 94 , 6, 1, 92,		0	>
<1914 , 94 , 6, 3, 92,		1	>
<1915 , 94 , 6, 5, 92,		0	>
<1916 , 94 , 6, 6, 92,		1	>
<1917 , 94 , 6, 7, 92,		0	>
<1918 , 94 , 7, 1, 78,		0	>
<1919 , 94 , 7, 3, 78,		1	>
<1920 , 94 , 7, 5, 78,		0	>
<1921 , 94 , 7, 6, 78,		1	>
<1922 , 94 , 7, 7, 78,		0	>
<1923 , 94 , 9, 1, 74,		0	>
<1924 , 94 , 9, 3, 74,		1	>
<1925 , 94 , 9, 5, 74,		0	>
<1926 , 94 , 9, 6, 74,		1	>
<1927 , 94 , 9, 7, 74,		0	>
<1928 , 94 , 10, 1, 67,		0	>
<1929 , 94 , 10, 3, 67,		1	>
<1930 , 94 , 10, 5, 67,		0	>
<1931 , 94 , 10, 6, 67,		1	>
<1932 , 94 , 10, 7, 67,		0	>
<1933 , 95 , 2, 2, 91,		0	>
<1934 , 95 , 2, 4, 91,		1	>
<1935 , 95 , 2, 6, 91,		0	>
<1936 , 95 , 2, 7, 91,		1	>
<1937 , 95 , 3, 2, 62,		0	>
<1938 , 95 , 3, 4, 62,		1	>
<1939 , 95 , 3, 6, 62,		0	>
<1940 , 95 , 3, 7, 62,		1	>
<1941 , 95 , 4, 2, 70,		0	>
<1942 , 95 , 4, 4, 70,		1	>
<1943 , 95 , 4, 6, 70,		0	>
<1944 , 95 , 4, 7, 70,		1	>
<1945 , 95 , 5, 2, 70,		0	>
<1946 , 95 , 5, 4, 70,		1	>
<1947 , 95 , 5, 6, 70,		0	>
<1948 , 95 , 5, 7, 70,		1	>
<1949 , 95 , 6, 2, 55,		0	>
<1950 , 95 , 6, 4, 55,		1	>
<1951 , 95 , 6, 6, 55,		0	>
<1952 , 95 , 6, 7, 55,		1	>
<1953 , 95 , 7, 2, 82,		0	>
<1954 , 95 , 7, 4, 82,		1	>
<1955 , 95 , 7, 6, 82,		0	>
<1956 , 95 , 7, 7, 82,		1	>
<1957 , 95 , 9, 2, 69,		0	>
<1958 , 95 , 9, 4, 69,		1	>
<1959 , 95 , 9, 6, 69,		0	>
<1960 , 95 , 9, 7, 69,		1	>
<1961 , 96 , 1, 2, 38,		0	>
<1962 , 96 , 1, 3, 38,		1	>
<1963 , 96 , 1, 5, 38,		0	>
<1964 , 96 , 2, 2, 74,		0	>
<1965 , 96 , 2, 3, 74,		2	>
<1966 , 96 , 2, 5, 74,		0	>
<1967 , 96 , 3, 2, 38,		0	>
<1968 , 96 , 3, 3, 38,		1	>
<1969 , 96 , 3, 5, 38,		0	>
<1970 , 96 , 4, 2, 69,		0	>
<1971 , 96 , 4, 3, 69,		2	>
<1972 , 96 , 4, 5, 69,		0	>
<1973 , 96 , 5, 2, 76,		0	>
<1974 , 96 , 5, 3, 76,		2	>
<1975 , 96 , 5, 5, 76,		0	>
<1976 , 96 , 7, 2, 96,		0	>
<1977 , 96 , 7, 3, 96,		3	>
<1978 , 96 , 7, 5, 96,		0	>
<1979 , 96 , 10, 2, 80,		0	>
<1980 , 96 , 10, 3, 80,		2	>
<1981 , 96 , 10, 5, 80,		0	>
<1982 , 97 , 2, 2, 6,		0	>
<1983 , 97 , 2, 3, 6,		0	>
<1984 , 97 , 2, 5, 6,		0	>
<1985 , 97 , 2, 6, 6,		0	>
<1986 , 97 , 2, 7, 6,		0	>
<1987 , 97 , 4, 2, 4,		0	>
<1988 , 97 , 4, 3, 4,		0	>
<1989 , 97 , 4, 5, 4,		0	>
<1990 , 97 , 4, 6, 4,		0	>
<1991 , 97 , 4, 7, 4,		0	>
<1992 , 97 , 6, 2, 4,		0	>
<1993 , 97 , 6, 3, 4,		0	>
<1994 , 97 , 6, 5, 4,		0	>
<1995 , 97 , 6, 6, 4,		0	>
<1996 , 97 , 6, 7, 4,		0	>
<1997 , 97 , 8, 2, 2,		0	>
<1998 , 97 , 8, 3, 2,		0	>
<1999 , 97 , 8, 5, 2,		0	>
<2000 , 97 , 8, 6, 2,		0	>
<2001 , 97 , 8, 7, 2,		0	>
<2002 , 98 , 2, 1, 88,		0	>
<2003 , 98 , 2, 3, 88,		2	>
<2004 , 98 , 2, 4, 88,		0	>
<2005 , 98 , 3, 1, 96,		0	>
<2006 , 98 , 3, 3, 96,		3	>
<2007 , 98 , 3, 4, 96,		0	>
<2008 , 98 , 6, 1, 55,		0	>
<2009 , 98 , 6, 3, 55,		1	>
<2010 , 98 , 6, 4, 55,		0	>
<2011 , 98 , 7, 1, 44,		0	>
<2012 , 98 , 7, 3, 44,		1	>
<2013 , 98 , 7, 4, 44,		0	>
<2014 , 98 , 8, 1, 40,		0	>
<2015 , 98 , 8, 3, 40,		1	>
<2016 , 98 , 8, 4, 40,		0	>
<2017 , 98 , 9, 1, 42,		0	>
<2018 , 98 , 9, 3, 42,		1	>
<2019 , 98 , 9, 4, 42,		0	>
<2020 , 98 , 10, 1, 96,		0	>
<2021 , 98 , 10, 3, 96,		3	>
<2022 , 98 , 10, 4, 96,		0	>
};