// XtraLGS y resolución directa de hecho_DRC_DAFJS07_W8tricky2_12_8_3_12_6_2inst3_85ops10m8w6jobs:mks664 en 1h9min2s Alobruto en MAQUINON

//  9mar26 09:05 &&&&&&&&&&&&&&&&&&&&&&&&&& RESUELVO CON LAGS POR WORKER TORPER EN ALOBRUTO SOBRE XDAFJS07   &&&&&&&&&&&&&&&&&&&&&&&&&&&&&&&&&
// hecho_DRC_DAFJS07_W8tricky2_12_8_3_12_6_2inst3_85ops10m8w6jobs.... Y SUS 1713 MODOS A LO BRUTO.
IS_ALOBRUTO=1;

// 29may25 16:22 1e7 ahora con fichero maestro ataco el DRC: mks=559 en 4h 59min
/ DAFJSP07... pero DRC con uno mío ahora con más workers: hecho_DRC_DAFJS07_W8tricky2_12_8_3_12_6_2inst3_85ops10m8w6jobs.txt
//        Ntaks, nMachs, nWORKERs
Params = <85,10,8>;

precedences ={
<	1	,	2	,	0	>,
<	2	,	3	,	0	>,
<	3	,	4	,	0	>,
<	4	,	5	,	0	>,
<	5	,	16	,	0	>,
<	6	,	7	,	0	>,
<	7	,	8	,	0	>,
<	8	,	9	,	0	>,
<	9	,	10	,	0	>,
<	10	,	16	,	0	>,
<	11	,	12	,	0	>,
<	12	,	13	,	0	>,
<	13	,	14	,	0	>,
<	14	,	15	,	0	>,
<	15	,	16	,	0	>,
<	16	,	17	,	0	>,
<	17	,	18	,	0	>,
<	19	,	20	,	0	>,
<	20	,	21	,	0	>,
<	21	,	22	,	0	>,
<	22	,	23	,	0	>,
<	23	,	24	,	0	>,
<	24	,	25	,	0	>,
<	25	,	26	,	0	>,
<	26	,	27	,	0	>,
<	20	,	28	,	0	>,
<	28	,	29	,	0	>,
<	29	,	30	,	0	>,
<	30	,	31	,	0	>,
<	31	,	32	,	0	>,
<	32	,	33	,	0	>,
<	33	,	34	,	0	>,
<	20	,	35	,	0	>,
<	35	,	36	,	0	>,
<	36	,	37	,	0	>,
<	37	,	38	,	0	>,
<	38	,	39	,	0	>,
<	39	,	40	,	0	>,
<	40	,	41	,	0	>,
<	42	,	43	,	0	>,
<	43	,	44	,	0	>,
<	44	,	45	,	0	>,
<	45	,	46	,	0	>,
<	46	,	48	,	0	>,
<	45	,	47	,	0	>,
<	47	,	48	,	0	>,
<	48	,	49	,	0	>,
<	49	,	50	,	0	>,
<	51	,	52	,	0	>,
<	52	,	53	,	0	>,
<	53	,	54	,	0	>,
<	54	,	56	,	0	>,
<	53	,	55	,	0	>,
<	55	,	56	,	0	>,
<	56	,	57	,	0	>,
<	58	,	59	,	0	>,
<	59	,	60	,	0	>,
<	60	,	61	,	0	>,
<	61	,	62	,	0	>,
<	62	,	63	,	0	>,
<	63	,	64	,	0	>,
<	64	,	65	,	0	>,
<	65	,	66	,	0	>,
<	59	,	67	,	0	>,
<	67	,	68	,	0	>,
<	68	,	69	,	0	>,
<	69	,	70	,	0	>,
<	70	,	71	,	0	>,
<	71	,	72	,	0	>,
<	72	,	73	,	0	>,
<	74	,	75	,	0	>,
<	75	,	76	,	0	>,
<	76	,	77	,	0	>,
<	77	,	78	,	0	>,
<	78	,	79	,	0	>,
<	79	,	82	,	0	>,
<	77	,	80	,	0	>,
<	80	,	81	,	0	>,
<	81	,	82	,	0	>,
<	82	,	83	,	0	>,
<	83	,	84	,	0	>,
<	84	,	85	,	0	>
};


Modes = {
<0	,	1	,	1	,	2	,	68	,	0	>
<1	,	1	,	1	,	4	,	68	,	3	>
<2	,	1	,	1	,	7	,	68	,	0	>
<3	,	1	,	1	,	8	,	68	,	3	>
<4	,	1	,	2	,	2	,	37	,	0	>
<5	,	1	,	2	,	4	,	37	,	1	>
<6	,	1	,	2	,	7	,	37	,	0	>
<7	,	1	,	2	,	8	,	37	,	1	>
<8	,	1	,	5	,	2	,	42	,	0	>
<9	,	1	,	5	,	4	,	42	,	2	>
<10	,	1	,	5	,	7	,	42	,	0	>
<11	,	1	,	5	,	8	,	42	,	2	>
<12	,	1	,	6	,	2	,	54	,	0	>
<13	,	1	,	6	,	4	,	54	,	2	>
<14	,	1	,	6	,	7	,	54	,	0	>
<15	,	1	,	6	,	8	,	54	,	2	>
<16	,	1	,	8	,	2	,	71	,	0	>
<17	,	1	,	8	,	4	,	71	,	3	>
<18	,	1	,	8	,	7	,	71	,	0	>
<19	,	1	,	8	,	8	,	71	,	3	>
<20	,	1	,	10	,	2	,	54	,	0	>
<21	,	1	,	10	,	4	,	54	,	2	>
<22	,	1	,	10	,	7	,	54	,	0	>
<23	,	1	,	10	,	8	,	54	,	2	>
<24	,	2	,	1	,	3	,	80	,	0	>
<25	,	2	,	1	,	4	,	80	,	2	>
<26	,	2	,	1	,	5	,	80	,	0	>
<27	,	2	,	1	,	6	,	80	,	2	>
<28	,	2	,	1	,	7	,	80	,	0	>
<29	,	2	,	5	,	3	,	90	,	0	>
<30	,	2	,	5	,	4	,	90	,	2	>
<31	,	2	,	5	,	5	,	90	,	0	>
<32	,	2	,	5	,	6	,	90	,	2	>
<33	,	2	,	5	,	7	,	90	,	0	>
<34	,	2	,	7	,	3	,	59	,	0	>
<35	,	2	,	7	,	4	,	59	,	1	>
<36	,	2	,	7	,	5	,	59	,	0	>
<37	,	2	,	7	,	6	,	59	,	1	>
<38	,	2	,	7	,	7	,	59	,	0	>
<39	,	2	,	9	,	3	,	75	,	0	>
<40	,	2	,	9	,	4	,	75	,	2	>
<41	,	2	,	9	,	5	,	75	,	0	>
<42	,	2	,	9	,	6	,	75	,	2	>
<43	,	2	,	9	,	7	,	75	,	0	>
<44	,	2	,	10	,	3	,	97	,	0	>
<45	,	2	,	10	,	4	,	97	,	2	>
<46	,	2	,	10	,	5	,	97	,	0	>
<47	,	2	,	10	,	6	,	97	,	2	>
<48	,	2	,	10	,	7	,	97	,	0	>
<49	,	3	,	1	,	1	,	83	,	0	>
<50	,	3	,	1	,	3	,	83	,	2	>
<51	,	3	,	1	,	5	,	83	,	0	>
<52	,	3	,	1	,	7	,	83	,	2	>
<53	,	3	,	1	,	8	,	83	,	0	>
<54	,	3	,	2	,	1	,	57	,	0	>
<55	,	3	,	2	,	3	,	57	,	1	>
<56	,	3	,	2	,	5	,	57	,	0	>
<57	,	3	,	2	,	7	,	57	,	1	>
<58	,	3	,	2	,	8	,	57	,	0	>
<59	,	3	,	4	,	1	,	59	,	0	>
<60	,	3	,	4	,	3	,	59	,	1	>
<61	,	3	,	4	,	5	,	59	,	0	>
<62	,	3	,	4	,	7	,	59	,	1	>
<63	,	3	,	4	,	8	,	59	,	0	>
<64	,	3	,	7	,	1	,	55	,	0	>
<65	,	3	,	7	,	3	,	55	,	1	>
<66	,	3	,	7	,	5	,	55	,	0	>
<67	,	3	,	7	,	7	,	55	,	1	>
<68	,	3	,	7	,	8	,	55	,	0	>
<69	,	3	,	8	,	1	,	86	,	0	>
<70	,	3	,	8	,	3	,	86	,	2	>
<71	,	3	,	8	,	5	,	86	,	0	>
<72	,	3	,	8	,	7	,	86	,	2	>
<73	,	3	,	8	,	8	,	86	,	0	>
<74	,	3	,	10	,	1	,	45	,	0	>
<75	,	3	,	10	,	3	,	45	,	1	>
<76	,	3	,	10	,	5	,	45	,	0	>
<77	,	3	,	10	,	7	,	45	,	1	>
<78	,	3	,	10	,	8	,	45	,	0	>
<79	,	4	,	2	,	1	,	82	,	0	>
<80	,	4	,	2	,	2	,	82	,	2	>
<81	,	4	,	2	,	3	,	82	,	0	>
<82	,	4	,	2	,	4	,	82	,	2	>
<83	,	4	,	2	,	8	,	82	,	0	>
<84	,	4	,	4	,	1	,	62	,	0	>
<85	,	4	,	4	,	2	,	62	,	1	>
<86	,	4	,	4	,	3	,	62	,	0	>
<87	,	4	,	4	,	4	,	62	,	1	>
<88	,	4	,	4	,	8	,	62	,	0	>
<89	,	4	,	5	,	1	,	69	,	0	>
<90	,	4	,	5	,	2	,	69	,	2	>
<91	,	4	,	5	,	3	,	69	,	0	>
<92	,	4	,	5	,	4	,	69	,	2	>
<93	,	4	,	5	,	8	,	69	,	0	>
<94	,	4	,	6	,	1	,	65	,	0	>
<95	,	4	,	6	,	2	,	65	,	2	>
<96	,	4	,	6	,	3	,	65	,	0	>
<97	,	4	,	6	,	4	,	65	,	2	>
<98	,	4	,	6	,	8	,	65	,	0	>
<99	,	4	,	8	,	1	,	69	,	0	>
<100	,	4	,	8	,	2	,	69	,	2	>
<101	,	4	,	8	,	3	,	69	,	0	>
<102	,	4	,	8	,	4	,	69	,	2	>
<103	,	4	,	8	,	8	,	69	,	0	>
<104	,	4	,	9	,	1	,	76	,	0	>
<105	,	4	,	9	,	2	,	76	,	2	>
<106	,	4	,	9	,	3	,	76	,	0	>
<107	,	4	,	9	,	4	,	76	,	2	>
<108	,	4	,	9	,	8	,	76	,	0	>
<109	,	4	,	10	,	1	,	65	,	0	>
<110	,	4	,	10	,	2	,	65	,	2	>
<111	,	4	,	10	,	3	,	65	,	0	>
<112	,	4	,	10	,	4	,	65	,	2	>
<113	,	4	,	10	,	8	,	65	,	0	>
<114	,	5	,	2	,	1	,	90	,	0	>
<115	,	5	,	2	,	4	,	90	,	2	>
<116	,	5	,	2	,	5	,	90	,	0	>
<117	,	5	,	2	,	6	,	90	,	2	>
<118	,	5	,	2	,	8	,	90	,	0	>
<119	,	5	,	4	,	1	,	86	,	0	>
<120	,	5	,	4	,	4	,	86	,	2	>
<121	,	5	,	4	,	5	,	86	,	0	>
<122	,	5	,	4	,	6	,	86	,	2	>
<123	,	5	,	4	,	8	,	86	,	0	>
<124	,	5	,	5	,	1	,	92	,	0	>
<125	,	5	,	5	,	4	,	92	,	2	>
<126	,	5	,	5	,	5	,	92	,	0	>
<127	,	5	,	5	,	6	,	92	,	2	>
<128	,	5	,	5	,	8	,	92	,	0	>
<129	,	5	,	6	,	1	,	97	,	0	>
<130	,	5	,	6	,	4	,	97	,	2	>
<131	,	5	,	6	,	5	,	97	,	0	>
<132	,	5	,	6	,	6	,	97	,	2	>
<133	,	5	,	6	,	8	,	97	,	0	>
<134	,	6	,	2	,	2	,	50	,	0	>
<135	,	6	,	2	,	3	,	50	,	2	>
<136	,	6	,	2	,	6	,	50	,	0	>
<137	,	6	,	2	,	8	,	50	,	2	>
<138	,	6	,	4	,	2	,	21	,	0	>
<139	,	6	,	4	,	3	,	21	,	1	>
<140	,	6	,	4	,	6	,	21	,	0	>
<141	,	6	,	4	,	8	,	21	,	1	>
<142	,	6	,	5	,	2	,	19	,	0	>
<143	,	6	,	5	,	3	,	19	,	1	>
<144	,	6	,	5	,	6	,	19	,	0	>
<145	,	6	,	5	,	8	,	19	,	1	>
<146	,	6	,	6	,	2	,	53	,	0	>
<147	,	6	,	6	,	3	,	53	,	2	>
<148	,	6	,	6	,	6	,	53	,	0	>
<149	,	6	,	6	,	8	,	53	,	2	>
<150	,	6	,	7	,	2	,	34	,	0	>
<151	,	6	,	7	,	3	,	34	,	1	>
<152	,	6	,	7	,	6	,	34	,	0	>
<153	,	6	,	7	,	8	,	34	,	1	>
<154	,	6	,	8	,	2	,	33	,	0	>
<155	,	6	,	8	,	3	,	33	,	1	>
<156	,	6	,	8	,	6	,	33	,	0	>
<157	,	6	,	8	,	8	,	33	,	1	>
<158	,	6	,	9	,	2	,	20	,	0	>
<159	,	6	,	9	,	3	,	20	,	1	>
<160	,	6	,	9	,	6	,	20	,	0	>
<161	,	6	,	9	,	8	,	20	,	1	>
<162	,	7	,	1	,	1	,	5	,	0	>
<163	,	7	,	1	,	4	,	5	,	0	>
<164	,	7	,	1	,	5	,	5	,	0	>
<165	,	7	,	1	,	6	,	5	,	0	>
<166	,	7	,	4	,	1	,	5	,	0	>
<167	,	7	,	4	,	4	,	5	,	0	>
<168	,	7	,	4	,	5	,	5	,	0	>
<169	,	7	,	4	,	6	,	5	,	0	>
<170	,	7	,	5	,	1	,	3	,	0	>
<171	,	7	,	5	,	4	,	3	,	0	>
<172	,	7	,	5	,	5	,	3	,	0	>
<173	,	7	,	5	,	6	,	3	,	0	>
<174	,	7	,	6	,	1	,	5	,	0	>
<175	,	7	,	6	,	4	,	5	,	0	>
<176	,	7	,	6	,	5	,	5	,	0	>
<177	,	7	,	6	,	6	,	5	,	0	>
<178	,	7	,	7	,	1	,	2	,	0	>
<179	,	7	,	7	,	4	,	2	,	0	>
<180	,	7	,	7	,	5	,	2	,	0	>
<181	,	7	,	7	,	6	,	2	,	0	>
<182	,	7	,	9	,	1	,	5	,	0	>
<183	,	7	,	9	,	4	,	5	,	0	>
<184	,	7	,	9	,	5	,	5	,	0	>
<185	,	7	,	9	,	6	,	5	,	0	>
<186	,	7	,	10	,	1	,	2	,	0	>
<187	,	7	,	10	,	4	,	2	,	0	>
<188	,	7	,	10	,	5	,	2	,	0	>
<189	,	7	,	10	,	6	,	2	,	0	>
<190	,	8	,	3	,	1	,	94	,	0	>
<191	,	8	,	3	,	2	,	94	,	2	>
<192	,	8	,	3	,	4	,	94	,	0	>
<193	,	8	,	3	,	7	,	94	,	2	>
<194	,	8	,	3	,	8	,	94	,	0	>
<195	,	8	,	5	,	1	,	94	,	0	>
<196	,	8	,	5	,	2	,	94	,	2	>
<197	,	8	,	5	,	4	,	94	,	0	>
<198	,	8	,	5	,	7	,	94	,	2	>
<199	,	8	,	5	,	8	,	94	,	0	>
<200	,	8	,	10	,	1	,	94	,	0	>
<201	,	8	,	10	,	2	,	94	,	2	>
<202	,	8	,	10	,	4	,	94	,	0	>
<203	,	8	,	10	,	7	,	94	,	2	>
<204	,	8	,	10	,	8	,	94	,	0	>
<205	,	9	,	1	,	3	,	96	,	0	>
<206	,	9	,	1	,	5	,	96	,	4	>
<207	,	9	,	1	,	6	,	96	,	0	>
<208	,	9	,	1	,	8	,	96	,	4	>
<209	,	9	,	2	,	3	,	99	,	0	>
<210	,	9	,	2	,	5	,	99	,	4	>
<211	,	9	,	2	,	6	,	99	,	0	>
<212	,	9	,	2	,	8	,	99	,	4	>
<213	,	9	,	4	,	3	,	93	,	0	>
<214	,	9	,	4	,	5	,	93	,	4	>
<215	,	9	,	4	,	6	,	93	,	0	>
<216	,	9	,	4	,	8	,	93	,	4	>
<217	,	9	,	5	,	3	,	96	,	0	>
<218	,	9	,	5	,	5	,	96	,	4	>
<219	,	9	,	5	,	6	,	96	,	0	>
<220	,	9	,	5	,	8	,	96	,	4	>
<221	,	9	,	6	,	3	,	96	,	0	>
<222	,	9	,	6	,	5	,	96	,	4	>
<223	,	9	,	6	,	6	,	96	,	0	>
<224	,	9	,	6	,	8	,	96	,	4	>
<225	,	9	,	8	,	3	,	93	,	0	>
<226	,	9	,	8	,	5	,	93	,	4	>
<227	,	9	,	8	,	6	,	93	,	0	>
<228	,	9	,	8	,	8	,	93	,	4	>
<229	,	10	,	2	,	4	,	7	,	0	>
<230	,	10	,	2	,	5	,	7	,	0	>
<231	,	10	,	2	,	6	,	7	,	0	>
<232	,	10	,	2	,	7	,	7	,	0	>
<233	,	10	,	2	,	8	,	7	,	0	>
<234	,	10	,	3	,	4	,	6	,	0	>
<235	,	10	,	3	,	5	,	6	,	0	>
<236	,	10	,	3	,	6	,	6	,	0	>
<237	,	10	,	3	,	7	,	6	,	0	>
<238	,	10	,	3	,	8	,	6	,	0	>
<239	,	10	,	6	,	4	,	13	,	0	>
<240	,	10	,	6	,	5	,	13	,	0	>
<241	,	10	,	6	,	6	,	13	,	0	>
<242	,	10	,	6	,	7	,	13	,	0	>
<243	,	10	,	6	,	8	,	13	,	0	>
<244	,	10	,	7	,	4	,	7	,	0	>
<245	,	10	,	7	,	5	,	7	,	0	>
<246	,	10	,	7	,	6	,	7	,	0	>
<247	,	10	,	7	,	7	,	7	,	0	>
<248	,	10	,	7	,	8	,	7	,	0	>
<249	,	10	,	9	,	4	,	5	,	0	>
<250	,	10	,	9	,	5	,	5	,	0	>
<251	,	10	,	9	,	6	,	5	,	0	>
<252	,	10	,	9	,	7	,	5	,	0	>
<253	,	10	,	9	,	8	,	5	,	0	>
<254	,	10	,	10	,	4	,	14	,	0	>
<255	,	10	,	10	,	5	,	14	,	0	>
<256	,	10	,	10	,	6	,	14	,	0	>
<257	,	10	,	10	,	7	,	14	,	0	>
<258	,	10	,	10	,	8	,	14	,	0	>
<259	,	11	,	3	,	2	,	66	,	0	>
<260	,	11	,	3	,	3	,	66	,	4	>
<261	,	11	,	3	,	6	,	66	,	0	>
<262	,	11	,	5	,	2	,	49	,	0	>
<263	,	11	,	5	,	3	,	49	,	3	>
<264	,	11	,	5	,	6	,	49	,	0	>
<265	,	11	,	9	,	2	,	99	,	0	>
<266	,	11	,	9	,	3	,	99	,	7	>
<267	,	11	,	9	,	6	,	99	,	0	>
<268	,	11	,	10	,	2	,	90	,	0	>
<269	,	11	,	10	,	3	,	90	,	6	>
<270	,	11	,	10	,	6	,	90	,	0	>
<271	,	12	,	2	,	3	,	74	,	0	>
<272	,	12	,	2	,	6	,	74	,	3	>
<273	,	12	,	2	,	7	,	74	,	0	>
<274	,	12	,	2	,	8	,	74	,	3	>
<275	,	12	,	5	,	3	,	61	,	0	>
<276	,	12	,	5	,	6	,	61	,	2	>
<277	,	12	,	5	,	7	,	61	,	0	>
<278	,	12	,	5	,	8	,	61	,	2	>
<279	,	12	,	6	,	3	,	86	,	0	>
<280	,	12	,	6	,	6	,	86	,	3	>
<281	,	12	,	6	,	7	,	86	,	0	>
<282	,	12	,	6	,	8	,	86	,	3	>
<283	,	12	,	7	,	3	,	58	,	0	>
<284	,	12	,	7	,	6	,	58	,	2	>
<285	,	12	,	7	,	7	,	58	,	0	>
<286	,	12	,	7	,	8	,	58	,	2	>
<287	,	12	,	8	,	3	,	60	,	0	>
<288	,	12	,	8	,	6	,	60	,	2	>
<289	,	12	,	8	,	7	,	60	,	0	>
<290	,	12	,	8	,	8	,	60	,	2	>
<291	,	13	,	3	,	1	,	84	,	0	>
<292	,	13	,	3	,	2	,	84	,	6	>
<293	,	13	,	3	,	3	,	84	,	0	>
<294	,	13	,	5	,	1	,	88	,	0	>
<295	,	13	,	5	,	2	,	88	,	6	>
<296	,	13	,	5	,	3	,	88	,	0	>
<297	,	13	,	6	,	1	,	88	,	0	>
<298	,	13	,	6	,	2	,	88	,	6	>
<299	,	13	,	6	,	3	,	88	,	0	>
<300	,	13	,	7	,	1	,	82	,	0	>
<301	,	13	,	7	,	2	,	82	,	5	>
<302	,	13	,	7	,	3	,	82	,	0	>
<303	,	13	,	8	,	1	,	78	,	0	>
<304	,	13	,	8	,	2	,	78	,	5	>
<305	,	13	,	8	,	3	,	78	,	0	>
<306	,	13	,	9	,	1	,	81	,	0	>
<307	,	13	,	9	,	2	,	81	,	5	>
<308	,	13	,	9	,	3	,	81	,	0	>
<309	,	14	,	2	,	2	,	99	,	0	>
<310	,	14	,	2	,	4	,	99	,	4	>
<311	,	14	,	2	,	5	,	99	,	0	>
<312	,	14	,	2	,	7	,	99	,	4	>
<313	,	14	,	3	,	2	,	97	,	0	>
<314	,	14	,	3	,	4	,	97	,	4	>
<315	,	14	,	3	,	5	,	97	,	0	>
<316	,	14	,	3	,	7	,	97	,	4	>
<317	,	14	,	5	,	2	,	96	,	0	>
<318	,	14	,	5	,	4	,	96	,	4	>
<319	,	14	,	5	,	5	,	96	,	0	>
<320	,	14	,	5	,	7	,	96	,	4	>
<321	,	14	,	7	,	2	,	96	,	0	>
<322	,	14	,	7	,	4	,	96	,	4	>
<323	,	14	,	7	,	5	,	96	,	0	>
<324	,	14	,	7	,	7	,	96	,	4	>
<325	,	14	,	8	,	2	,	96	,	0	>
<326	,	14	,	8	,	4	,	96	,	4	>
<327	,	14	,	8	,	5	,	96	,	0	>
<328	,	14	,	8	,	7	,	96	,	4	>
<329	,	14	,	9	,	2	,	99	,	0	>
<330	,	14	,	9	,	4	,	99	,	4	>
<331	,	14	,	9	,	5	,	99	,	0	>
<332	,	14	,	9	,	7	,	99	,	4	>
<333	,	15	,	2	,	4	,	24	,	0	>
<334	,	15	,	2	,	5	,	24	,	1	>
<335	,	15	,	2	,	6	,	24	,	0	>
<336	,	15	,	2	,	7	,	24	,	1	>
<337	,	15	,	3	,	4	,	32	,	0	>
<338	,	15	,	3	,	5	,	32	,	1	>
<339	,	15	,	3	,	6	,	32	,	0	>
<340	,	15	,	3	,	7	,	32	,	1	>
<341	,	15	,	4	,	4	,	14	,	0	>
<342	,	15	,	4	,	5	,	14	,	1	>
<343	,	15	,	4	,	6	,	14	,	0	>
<344	,	15	,	4	,	7	,	14	,	1	>
<345	,	15	,	6	,	4	,	17	,	0	>
<346	,	15	,	6	,	5	,	17	,	1	>
<347	,	15	,	6	,	6	,	17	,	0	>
<348	,	15	,	6	,	7	,	17	,	1	>
<349	,	15	,	7	,	4	,	34	,	0	>
<350	,	15	,	7	,	5	,	34	,	1	>
<351	,	15	,	7	,	6	,	34	,	0	>
<352	,	15	,	7	,	7	,	34	,	1	>
<353	,	15	,	10	,	4	,	27	,	0	>
<354	,	15	,	10	,	5	,	27	,	1	>
<355	,	15	,	10	,	6	,	27	,	0	>
<356	,	15	,	10	,	7	,	27	,	1	>
<357	,	16	,	4	,	2	,	90	,	0	>
<358	,	16	,	4	,	3	,	90	,	2	>
<359	,	16	,	4	,	5	,	90	,	0	>
<360	,	16	,	4	,	6	,	90	,	2	>
<361	,	16	,	4	,	7	,	90	,	0	>
<362	,	16	,	8	,	2	,	98	,	0	>
<363	,	16	,	8	,	3	,	98	,	2	>
<364	,	16	,	8	,	5	,	98	,	0	>
<365	,	16	,	8	,	6	,	98	,	2	>
<366	,	16	,	8	,	7	,	98	,	0	>
<367	,	16	,	9	,	2	,	96	,	0	>
<368	,	16	,	9	,	3	,	96	,	2	>
<369	,	16	,	9	,	5	,	96	,	0	>
<370	,	16	,	9	,	6	,	96	,	2	>
<371	,	16	,	9	,	7	,	96	,	0	>
<372	,	17	,	6	,	1	,	95	,	0	>
<373	,	17	,	6	,	7	,	95	,	6	>
<374	,	17	,	6	,	8	,	95	,	0	>
<375	,	17	,	8	,	1	,	88	,	0	>
<376	,	17	,	8	,	7	,	88	,	6	>
<377	,	17	,	8	,	8	,	88	,	0	>
<378	,	17	,	9	,	1	,	90	,	0	>
<379	,	17	,	9	,	7	,	90	,	6	>
<380	,	17	,	9	,	8	,	90	,	0	>
<381	,	18	,	1	,	1	,	24	,	0	>
<382	,	18	,	1	,	5	,	24	,	1	>
<383	,	18	,	1	,	6	,	24	,	0	>
<384	,	18	,	1	,	8	,	24	,	1	>
<385	,	18	,	2	,	1	,	25	,	0	>
<386	,	18	,	2	,	5	,	25	,	1	>
<387	,	18	,	2	,	6	,	25	,	0	>
<388	,	18	,	2	,	8	,	25	,	1	>
<389	,	18	,	6	,	1	,	17	,	0	>
<390	,	18	,	6	,	5	,	17	,	1	>
<391	,	18	,	6	,	6	,	17	,	0	>
<392	,	18	,	6	,	8	,	17	,	1	>
<393	,	18	,	10	,	1	,	30	,	0	>
<394	,	18	,	10	,	5	,	30	,	1	>
<395	,	18	,	10	,	6	,	30	,	0	>
<396	,	18	,	10	,	8	,	30	,	1	>
<397	,	19	,	2	,	1	,	90	,	0	>
<398	,	19	,	2	,	3	,	90	,	2	>
<399	,	19	,	2	,	4	,	90	,	0	>
<400	,	19	,	2	,	5	,	90	,	2	>
<401	,	19	,	2	,	6	,	90	,	0	>
<402	,	19	,	4	,	1	,	99	,	0	>
<403	,	19	,	4	,	3	,	99	,	2	>
<404	,	19	,	4	,	4	,	99	,	0	>
<405	,	19	,	4	,	5	,	99	,	2	>
<406	,	19	,	4	,	6	,	99	,	0	>
<407	,	19	,	9	,	1	,	90	,	0	>
<408	,	19	,	9	,	3	,	90	,	2	>
<409	,	19	,	9	,	4	,	90	,	0	>
<410	,	19	,	9	,	5	,	90	,	2	>
<411	,	19	,	9	,	6	,	90	,	0	>
<412	,	19	,	10	,	1	,	99	,	0	>
<413	,	19	,	10	,	3	,	99	,	2	>
<414	,	19	,	10	,	4	,	99	,	0	>
<415	,	19	,	10	,	5	,	99	,	2	>
<416	,	19	,	10	,	6	,	99	,	0	>
<417	,	20	,	4	,	1	,	15	,	0	>
<418	,	20	,	4	,	4	,	15	,	0	>
<419	,	20	,	4	,	5	,	15	,	0	>
<420	,	20	,	4	,	6	,	15	,	0	>
<421	,	20	,	4	,	8	,	15	,	0	>
<422	,	20	,	6	,	1	,	8	,	0	>
<423	,	20	,	6	,	4	,	8	,	0	>
<424	,	20	,	6	,	5	,	8	,	0	>
<425	,	20	,	6	,	6	,	8	,	0	>
<426	,	20	,	6	,	8	,	8	,	0	>
<427	,	20	,	8	,	1	,	24	,	0	>
<428	,	20	,	8	,	4	,	24	,	1	>
<429	,	20	,	8	,	5	,	24	,	0	>
<430	,	20	,	8	,	6	,	24	,	1	>
<431	,	20	,	8	,	8	,	24	,	0	>
<432	,	21	,	1	,	1	,	61	,	0	>
<433	,	21	,	1	,	3	,	61	,	4	>
<434	,	21	,	1	,	8	,	61	,	0	>
<435	,	21	,	4	,	1	,	37	,	0	>
<436	,	21	,	4	,	3	,	37	,	2	>
<437	,	21	,	4	,	8	,	37	,	0	>
<438	,	21	,	10	,	1	,	39	,	0	>
<439	,	21	,	10	,	3	,	39	,	3	>
<440	,	21	,	10	,	8	,	39	,	0	>
<441	,	22	,	1	,	3	,	96	,	0	>
<442	,	22	,	1	,	4	,	96	,	6	>
<443	,	22	,	1	,	8	,	96	,	0	>
<444	,	22	,	2	,	3	,	98	,	0	>
<445	,	22	,	2	,	4	,	98	,	7	>
<446	,	22	,	2	,	8	,	98	,	0	>
<447	,	22	,	4	,	3	,	96	,	0	>
<448	,	22	,	4	,	4	,	96	,	6	>
<449	,	22	,	4	,	8	,	96	,	0	>
<450	,	22	,	5	,	3	,	96	,	0	>
<451	,	22	,	5	,	4	,	96	,	6	>
<452	,	22	,	5	,	8	,	96	,	0	>
<453	,	22	,	7	,	3	,	99	,	0	>
<454	,	22	,	7	,	4	,	99	,	7	>
<455	,	22	,	7	,	8	,	99	,	0	>
<456	,	22	,	9	,	3	,	99	,	0	>
<457	,	22	,	9	,	4	,	99	,	7	>
<458	,	22	,	9	,	8	,	99	,	0	>
<459	,	22	,	10	,	3	,	98	,	0	>
<460	,	22	,	10	,	4	,	98	,	7	>
<461	,	22	,	10	,	8	,	98	,	0	>
<462	,	23	,	2	,	2	,	86	,	0	>
<463	,	23	,	2	,	4	,	86	,	2	>
<464	,	23	,	2	,	5	,	86	,	0	>
<465	,	23	,	2	,	6	,	86	,	2	>
<466	,	23	,	2	,	8	,	86	,	0	>
<467	,	23	,	4	,	2	,	43	,	0	>
<468	,	23	,	4	,	4	,	43	,	1	>
<469	,	23	,	4	,	5	,	43	,	0	>
<470	,	23	,	4	,	6	,	43	,	1	>
<471	,	23	,	4	,	8	,	43	,	0	>
<472	,	23	,	6	,	2	,	31	,	0	>
<473	,	23	,	6	,	4	,	31	,	1	>
<474	,	23	,	6	,	5	,	31	,	0	>
<475	,	23	,	6	,	6	,	31	,	1	>
<476	,	23	,	6	,	8	,	31	,	0	>
<477	,	23	,	8	,	2	,	84	,	0	>
<478	,	23	,	8	,	4	,	84	,	2	>
<479	,	23	,	8	,	5	,	84	,	0	>
<480	,	23	,	8	,	6	,	84	,	2	>
<481	,	23	,	8	,	8	,	84	,	0	>
<482	,	24	,	3	,	4	,	26	,	0	>
<483	,	24	,	3	,	5	,	26	,	1	>
<484	,	24	,	3	,	6	,	26	,	0	>
<485	,	24	,	3	,	7	,	26	,	1	>
<486	,	24	,	4	,	4	,	55	,	0	>
<487	,	24	,	4	,	5	,	55	,	2	>
<488	,	24	,	4	,	6	,	55	,	0	>
<489	,	24	,	4	,	7	,	55	,	2	>
<490	,	24	,	5	,	4	,	75	,	0	>
<491	,	24	,	5	,	5	,	75	,	3	>
<492	,	24	,	5	,	6	,	75	,	0	>
<493	,	24	,	5	,	7	,	75	,	3	>
<494	,	24	,	6	,	4	,	34	,	0	>
<495	,	24	,	6	,	5	,	34	,	1	>
<496	,	24	,	6	,	6	,	34	,	0	>
<497	,	24	,	6	,	7	,	34	,	1	>
<498	,	24	,	7	,	4	,	29	,	0	>
<499	,	24	,	7	,	5	,	29	,	1	>
<500	,	24	,	7	,	6	,	29	,	0	>
<501	,	24	,	7	,	7	,	29	,	1	>
<502	,	24	,	8	,	4	,	78	,	0	>
<503	,	24	,	8	,	5	,	78	,	3	>
<504	,	24	,	8	,	6	,	78	,	0	>
<505	,	24	,	8	,	7	,	78	,	3	>
<506	,	24	,	9	,	4	,	28	,	0	>
<507	,	24	,	9	,	5	,	28	,	1	>
<508	,	24	,	9	,	6	,	28	,	0	>
<509	,	24	,	9	,	7	,	28	,	1	>
<510	,	25	,	1	,	2	,	99	,	0	>
<511	,	25	,	1	,	5	,	99	,	7	>
<512	,	25	,	1	,	6	,	99	,	0	>
<513	,	25	,	3	,	2	,	36	,	0	>
<514	,	25	,	3	,	5	,	36	,	2	>
<515	,	25	,	3	,	6	,	36	,	0	>
<516	,	25	,	4	,	2	,	44	,	0	>
<517	,	25	,	4	,	5	,	44	,	3	>
<518	,	25	,	4	,	6	,	44	,	0	>
<519	,	25	,	5	,	2	,	74	,	0	>
<520	,	25	,	5	,	5	,	74	,	5	>
<521	,	25	,	5	,	6	,	74	,	0	>
<522	,	25	,	6	,	2	,	93	,	0	>
<523	,	25	,	6	,	5	,	93	,	6	>
<524	,	25	,	6	,	6	,	93	,	0	>
<525	,	25	,	8	,	2	,	64	,	0	>
<526	,	25	,	8	,	5	,	64	,	4	>
<527	,	25	,	8	,	6	,	64	,	0	>
<528	,	25	,	9	,	2	,	67	,	0	>
<529	,	25	,	9	,	5	,	67	,	4	>
<530	,	25	,	9	,	6	,	67	,	0	>
<531	,	26	,	3	,	3	,	69	,	0	>
<532	,	26	,	3	,	6	,	69	,	3	>
<533	,	26	,	3	,	7	,	69	,	0	>
<534	,	26	,	3	,	8	,	69	,	3	>
<535	,	26	,	6	,	3	,	79	,	0	>
<536	,	26	,	6	,	6	,	79	,	3	>
<537	,	26	,	6	,	7	,	79	,	0	>
<538	,	26	,	6	,	8	,	79	,	3	>
<539	,	26	,	7	,	3	,	68	,	0	>
<540	,	26	,	7	,	6	,	68	,	3	>
<541	,	26	,	7	,	7	,	68	,	0	>
<542	,	26	,	7	,	8	,	68	,	3	>
<543	,	26	,	9	,	3	,	88	,	0	>
<544	,	26	,	9	,	6	,	88	,	4	>
<545	,	26	,	9	,	7	,	88	,	0	>
<546	,	26	,	9	,	8	,	88	,	4	>
<547	,	26	,	10	,	3	,	96	,	0	>
<548	,	26	,	10	,	6	,	96	,	4	>
<549	,	26	,	10	,	7	,	96	,	0	>
<550	,	26	,	10	,	8	,	96	,	4	>
<551	,	27	,	2	,	2	,	90	,	0	>
<552	,	27	,	2	,	4	,	90	,	6	>
<553	,	27	,	2	,	7	,	90	,	0	>
<554	,	27	,	4	,	2	,	79	,	0	>
<555	,	27	,	4	,	4	,	79	,	5	>
<556	,	27	,	4	,	7	,	79	,	0	>
<557	,	27	,	5	,	2	,	96	,	0	>
<558	,	27	,	5	,	4	,	96	,	6	>
<559	,	27	,	5	,	7	,	96	,	0	>
<560	,	27	,	6	,	2	,	83	,	0	>
<561	,	27	,	6	,	4	,	83	,	6	>
<562	,	27	,	6	,	7	,	83	,	0	>
<563	,	27	,	8	,	2	,	90	,	0	>
<564	,	27	,	8	,	4	,	90	,	6	>
<565	,	27	,	8	,	7	,	90	,	0	>
<566	,	27	,	9	,	2	,	94	,	0	>
<567	,	27	,	9	,	4	,	94	,	6	>
<568	,	27	,	9	,	7	,	94	,	0	>
<569	,	27	,	10	,	2	,	88	,	0	>
<570	,	27	,	10	,	4	,	88	,	6	>
<571	,	27	,	10	,	7	,	88	,	0	>
<572	,	28	,	2	,	2	,	81	,	0	>
<573	,	28	,	2	,	3	,	81	,	3	>
<574	,	28	,	2	,	4	,	81	,	0	>
<575	,	28	,	2	,	6	,	81	,	3	>
<576	,	28	,	5	,	2	,	35	,	0	>
<577	,	28	,	5	,	3	,	35	,	1	>
<578	,	28	,	5	,	4	,	35	,	0	>
<579	,	28	,	5	,	6	,	35	,	1	>
<580	,	28	,	8	,	2	,	73	,	0	>
<581	,	28	,	8	,	3	,	73	,	3	>
<582	,	28	,	8	,	4	,	73	,	0	>
<583	,	28	,	8	,	6	,	73	,	3	>
<584	,	28	,	9	,	2	,	33	,	0	>
<585	,	28	,	9	,	3	,	33	,	1	>
<586	,	28	,	9	,	4	,	33	,	0	>
<587	,	28	,	9	,	6	,	33	,	1	>
<588	,	29	,	1	,	1	,	67	,	0	>
<589	,	29	,	1	,	2	,	67	,	2	>
<590	,	29	,	1	,	5	,	67	,	0	>
<591	,	29	,	1	,	7	,	67	,	2	>
<592	,	29	,	1	,	8	,	67	,	0	>
<593	,	29	,	4	,	1	,	24	,	0	>
<594	,	29	,	4	,	2	,	24	,	1	>
<595	,	29	,	4	,	5	,	24	,	0	>
<596	,	29	,	4	,	7	,	24	,	1	>
<597	,	29	,	4	,	8	,	24	,	0	>
<598	,	29	,	7	,	1	,	63	,	0	>
<599	,	29	,	7	,	2	,	63	,	2	>
<600	,	29	,	7	,	5	,	63	,	0	>
<601	,	29	,	7	,	7	,	63	,	2	>
<602	,	29	,	7	,	8	,	63	,	0	>
<603	,	29	,	9	,	1	,	28	,	0	>
<604	,	29	,	9	,	2	,	28	,	1	>
<605	,	29	,	9	,	5	,	28	,	0	>
<606	,	29	,	9	,	7	,	28	,	1	>
<607	,	29	,	9	,	8	,	28	,	0	>
<608	,	30	,	1	,	2	,	99	,	0	>
<609	,	30	,	1	,	3	,	99	,	7	>
<610	,	30	,	1	,	5	,	99	,	0	>
<611	,	30	,	9	,	2	,	97	,	0	>
<612	,	30	,	9	,	3	,	97	,	6	>
<613	,	30	,	9	,	5	,	97	,	0	>
<614	,	30	,	10	,	2	,	97	,	0	>
<615	,	30	,	10	,	3	,	97	,	6	>
<616	,	30	,	10	,	5	,	97	,	0	>
<617	,	31	,	1	,	2	,	29	,	0	>
<618	,	31	,	1	,	7	,	29	,	2	>
<619	,	31	,	1	,	8	,	29	,	0	>
<620	,	31	,	2	,	2	,	65	,	0	>
<621	,	31	,	2	,	7	,	65	,	4	>
<622	,	31	,	2	,	8	,	65	,	0	>
<623	,	31	,	4	,	2	,	56	,	0	>
<624	,	31	,	4	,	7	,	56	,	4	>
<625	,	31	,	4	,	8	,	56	,	0	>
<626	,	31	,	5	,	2	,	28	,	0	>
<627	,	31	,	5	,	7	,	28	,	2	>
<628	,	31	,	5	,	8	,	28	,	0	>
<629	,	31	,	6	,	2	,	22	,	0	>
<630	,	31	,	6	,	7	,	22	,	1	>
<631	,	31	,	6	,	8	,	22	,	0	>
<632	,	31	,	9	,	2	,	65	,	0	>
<633	,	31	,	9	,	7	,	65	,	4	>
<634	,	31	,	9	,	8	,	65	,	0	>
<635	,	31	,	10	,	2	,	24	,	0	>
<636	,	31	,	10	,	7	,	24	,	2	>
<637	,	31	,	10	,	8	,	24	,	0	>
<638	,	32	,	4	,	1	,	41	,	0	>
<639	,	32	,	4	,	4	,	41	,	1	>
<640	,	32	,	4	,	5	,	41	,	0	>
<641	,	32	,	4	,	7	,	41	,	1	>
<642	,	32	,	4	,	8	,	41	,	0	>
<643	,	32	,	5	,	1	,	34	,	0	>
<644	,	32	,	5	,	4	,	34	,	1	>
<645	,	32	,	5	,	5	,	34	,	0	>
<646	,	32	,	5	,	7	,	34	,	1	>
<647	,	32	,	5	,	8	,	34	,	0	>
<648	,	32	,	8	,	1	,	21	,	0	>
<649	,	32	,	8	,	4	,	21	,	1	>
<650	,	32	,	8	,	5	,	21	,	0	>
<651	,	32	,	8	,	7	,	21	,	1	>
<652	,	32	,	8	,	8	,	21	,	0	>
<653	,	33	,	2	,	1	,	80	,	0	>
<654	,	33	,	2	,	3	,	80	,	2	>
<655	,	33	,	2	,	4	,	80	,	0	>
<656	,	33	,	2	,	7	,	80	,	2	>
<657	,	33	,	2	,	8	,	80	,	0	>
<658	,	33	,	3	,	1	,	81	,	0	>
<659	,	33	,	3	,	3	,	81	,	2	>
<660	,	33	,	3	,	4	,	81	,	0	>
<661	,	33	,	3	,	7	,	81	,	2	>
<662	,	33	,	3	,	8	,	81	,	0	>
<663	,	33	,	4	,	1	,	89	,	0	>
<664	,	33	,	4	,	3	,	89	,	2	>
<665	,	33	,	4	,	4	,	89	,	0	>
<666	,	33	,	4	,	7	,	89	,	2	>
<667	,	33	,	4	,	8	,	89	,	0	>
<668	,	33	,	5	,	1	,	83	,	0	>
<669	,	33	,	5	,	3	,	83	,	2	>
<670	,	33	,	5	,	4	,	83	,	0	>
<671	,	33	,	5	,	7	,	83	,	2	>
<672	,	33	,	5	,	8	,	83	,	0	>
<673	,	33	,	6	,	1	,	84	,	0	>
<674	,	33	,	6	,	3	,	84	,	2	>
<675	,	33	,	6	,	4	,	84	,	0	>
<676	,	33	,	6	,	7	,	84	,	2	>
<677	,	33	,	6	,	8	,	84	,	0	>
<678	,	33	,	7	,	1	,	85	,	0	>
<679	,	33	,	7	,	3	,	85	,	2	>
<680	,	33	,	7	,	4	,	85	,	0	>
<681	,	33	,	7	,	7	,	85	,	2	>
<682	,	33	,	7	,	8	,	85	,	0	>
<683	,	33	,	9	,	1	,	76	,	0	>
<684	,	33	,	9	,	3	,	76	,	2	>
<685	,	33	,	9	,	4	,	76	,	0	>
<686	,	33	,	9	,	7	,	76	,	2	>
<687	,	33	,	9	,	8	,	76	,	0	>
<688	,	34	,	1	,	2	,	74	,	0	>
<689	,	34	,	1	,	6	,	74	,	3	>
<690	,	34	,	1	,	7	,	74	,	0	>
<691	,	34	,	1	,	8	,	74	,	3	>
<692	,	34	,	2	,	2	,	33	,	0	>
<693	,	34	,	2	,	6	,	33	,	1	>
<694	,	34	,	2	,	7	,	33	,	0	>
<695	,	34	,	2	,	8	,	33	,	1	>
<696	,	34	,	3	,	2	,	70	,	0	>
<697	,	34	,	3	,	6	,	70	,	3	>
<698	,	34	,	3	,	7	,	70	,	0	>
<699	,	34	,	3	,	8	,	70	,	3	>
<700	,	34	,	9	,	2	,	53	,	0	>
<701	,	34	,	9	,	6	,	53	,	2	>
<702	,	34	,	9	,	7	,	53	,	0	>
<703	,	34	,	9	,	8	,	53	,	2	>
<704	,	34	,	10	,	2	,	27	,	0	>
<705	,	34	,	10	,	6	,	27	,	1	>
<706	,	34	,	10	,	7	,	27	,	0	>
<707	,	34	,	10	,	8	,	27	,	1	>
<708	,	35	,	2	,	2	,	63	,	0	>
<709	,	35	,	2	,	3	,	63	,	2	>
<710	,	35	,	2	,	6	,	63	,	0	>
<711	,	35	,	2	,	7	,	63	,	2	>
<712	,	35	,	2	,	8	,	63	,	0	>
<713	,	35	,	3	,	2	,	46	,	0	>
<714	,	35	,	3	,	3	,	46	,	1	>
<715	,	35	,	3	,	6	,	46	,	0	>
<716	,	35	,	3	,	7	,	46	,	1	>
<717	,	35	,	3	,	8	,	46	,	0	>
<718	,	35	,	4	,	2	,	70	,	0	>
<719	,	35	,	4	,	3	,	70	,	2	>
<720	,	35	,	4	,	6	,	70	,	0	>
<721	,	35	,	4	,	7	,	70	,	2	>
<722	,	35	,	4	,	8	,	70	,	0	>
<723	,	35	,	6	,	2	,	99	,	0	>
<724	,	35	,	6	,	3	,	99	,	2	>
<725	,	35	,	6	,	6	,	99	,	0	>
<726	,	35	,	6	,	7	,	99	,	2	>
<727	,	35	,	6	,	8	,	99	,	0	>
<728	,	35	,	7	,	2	,	45	,	0	>
<729	,	35	,	7	,	3	,	45	,	1	>
<730	,	35	,	7	,	6	,	45	,	0	>
<731	,	35	,	7	,	7	,	45	,	1	>
<732	,	35	,	7	,	8	,	45	,	0	>
<733	,	36	,	2	,	2	,	20	,	0	>
<734	,	36	,	2	,	3	,	20	,	1	>
<735	,	36	,	2	,	5	,	20	,	0	>
<736	,	36	,	2	,	8	,	20	,	1	>
<737	,	36	,	5	,	2	,	24	,	0	>
<738	,	36	,	5	,	3	,	24	,	1	>
<739	,	36	,	5	,	5	,	24	,	0	>
<740	,	36	,	5	,	8	,	24	,	1	>
<741	,	36	,	8	,	2	,	30	,	0	>
<742	,	36	,	8	,	3	,	30	,	1	>
<743	,	36	,	8	,	5	,	30	,	0	>
<744	,	36	,	8	,	8	,	30	,	1	>
<745	,	36	,	9	,	2	,	22	,	0	>
<746	,	36	,	9	,	3	,	22	,	1	>
<747	,	36	,	9	,	5	,	22	,	0	>
<748	,	36	,	9	,	8	,	22	,	1	>
<749	,	36	,	10	,	2	,	41	,	0	>
<750	,	36	,	10	,	3	,	41	,	2	>
<751	,	36	,	10	,	5	,	41	,	0	>
<752	,	36	,	10	,	8	,	41	,	2	>
<753	,	37	,	2	,	1	,	13	,	0	>
<754	,	37	,	2	,	2	,	13	,	1	>
<755	,	37	,	2	,	3	,	13	,	0	>
<756	,	37	,	7	,	1	,	13	,	0	>
<757	,	37	,	7	,	2	,	13	,	1	>
<758	,	37	,	7	,	3	,	13	,	0	>
<759	,	37	,	10	,	1	,	17	,	0	>
<760	,	37	,	10	,	2	,	17	,	1	>
<761	,	37	,	10	,	3	,	17	,	0	>
<762	,	38	,	3	,	1	,	32	,	0	>
<763	,	38	,	3	,	3	,	32	,	1	>
<764	,	38	,	3	,	5	,	32	,	0	>
<765	,	38	,	3	,	7	,	32	,	1	>
<766	,	38	,	4	,	1	,	33	,	0	>
<767	,	38	,	4	,	3	,	33	,	1	>
<768	,	38	,	4	,	5	,	33	,	0	>
<769	,	38	,	4	,	7	,	33	,	1	>
<770	,	38	,	5	,	1	,	11	,	0	>
<771	,	38	,	5	,	3	,	11	,	0	>
<772	,	38	,	5	,	5	,	11	,	0	>
<773	,	38	,	5	,	7	,	11	,	0	>
<774	,	38	,	6	,	1	,	15	,	0	>
<775	,	38	,	6	,	3	,	15	,	1	>
<776	,	38	,	6	,	5	,	15	,	0	>
<777	,	38	,	6	,	7	,	15	,	1	>
<778	,	38	,	7	,	1	,	32	,	0	>
<779	,	38	,	7	,	3	,	32	,	1	>
<780	,	38	,	7	,	5	,	32	,	0	>
<781	,	38	,	7	,	7	,	32	,	1	>
<782	,	38	,	9	,	1	,	28	,	0	>
<783	,	38	,	9	,	3	,	28	,	1	>
<784	,	38	,	9	,	5	,	28	,	0	>
<785	,	38	,	9	,	7	,	28	,	1	>
<786	,	38	,	10	,	1	,	13	,	0	>
<787	,	38	,	10	,	3	,	13	,	1	>
<788	,	38	,	10	,	5	,	13	,	0	>
<789	,	38	,	10	,	7	,	13	,	1	>
<790	,	39	,	2	,	2	,	6	,	0	>
<791	,	39	,	2	,	4	,	6	,	0	>
<792	,	39	,	2	,	5	,	6	,	0	>
<793	,	39	,	2	,	6	,	6	,	0	>
<794	,	39	,	2	,	8	,	6	,	0	>
<795	,	39	,	3	,	2	,	8	,	0	>
<796	,	39	,	3	,	4	,	8	,	0	>
<797	,	39	,	3	,	5	,	8	,	0	>
<798	,	39	,	3	,	6	,	8	,	0	>
<799	,	39	,	3	,	8	,	8	,	0	>
<800	,	39	,	5	,	2	,	3	,	0	>
<801	,	39	,	5	,	4	,	3	,	0	>
<802	,	39	,	5	,	5	,	3	,	0	>
<803	,	39	,	5	,	6	,	3	,	0	>
<804	,	39	,	5	,	8	,	3	,	0	>
<805	,	39	,	7	,	2	,	9	,	0	>
<806	,	39	,	7	,	4	,	9	,	0	>
<807	,	39	,	7	,	5	,	9	,	0	>
<808	,	39	,	7	,	6	,	9	,	0	>
<809	,	39	,	7	,	8	,	9	,	0	>
<810	,	39	,	8	,	2	,	8	,	0	>
<811	,	39	,	8	,	4	,	8	,	0	>
<812	,	39	,	8	,	5	,	8	,	0	>
<813	,	39	,	8	,	6	,	8	,	0	>
<814	,	39	,	8	,	8	,	8	,	0	>
<815	,	39	,	9	,	2	,	5	,	0	>
<816	,	39	,	9	,	4	,	5	,	0	>
<817	,	39	,	9	,	5	,	5	,	0	>
<818	,	39	,	9	,	6	,	5	,	0	>
<819	,	39	,	9	,	8	,	5	,	0	>
<820	,	40	,	2	,	2	,	11	,	0	>
<821	,	40	,	2	,	4	,	11	,	0	>
<822	,	40	,	2	,	5	,	11	,	0	>
<823	,	40	,	2	,	7	,	11	,	0	>
<824	,	40	,	2	,	8	,	11	,	0	>
<825	,	40	,	3	,	2	,	14	,	0	>
<826	,	40	,	3	,	4	,	14	,	0	>
<827	,	40	,	3	,	5	,	14	,	0	>
<828	,	40	,	3	,	7	,	14	,	0	>
<829	,	40	,	3	,	8	,	14	,	0	>
<830	,	40	,	4	,	2	,	26	,	0	>
<831	,	40	,	4	,	4	,	26	,	1	>
<832	,	40	,	4	,	5	,	26	,	0	>
<833	,	40	,	4	,	7	,	26	,	1	>
<834	,	40	,	4	,	8	,	26	,	0	>
<835	,	41	,	2	,	3	,	37	,	0	>
<836	,	41	,	2	,	4	,	37	,	1	>
<837	,	41	,	2	,	7	,	37	,	0	>
<838	,	41	,	2	,	8	,	37	,	1	>
<839	,	41	,	4	,	3	,	84	,	0	>
<840	,	41	,	4	,	4	,	84	,	3	>
<841	,	41	,	4	,	7	,	84	,	0	>
<842	,	41	,	4	,	8	,	84	,	3	>
<843	,	41	,	6	,	3	,	40	,	0	>
<844	,	41	,	6	,	4	,	40	,	2	>
<845	,	41	,	6	,	7	,	40	,	0	>
<846	,	41	,	6	,	8	,	40	,	2	>
<847	,	41	,	7	,	3	,	62	,	0	>
<848	,	41	,	7	,	4	,	62	,	2	>
<849	,	41	,	7	,	7	,	62	,	0	>
<850	,	41	,	7	,	8	,	62	,	2	>
<851	,	41	,	9	,	3	,	90	,	0	>
<852	,	41	,	9	,	4	,	90	,	4	>
<853	,	41	,	9	,	7	,	90	,	0	>
<854	,	41	,	9	,	8	,	90	,	4	>
<855	,	41	,	10	,	3	,	98	,	0	>
<856	,	41	,	10	,	4	,	98	,	4	>
<857	,	41	,	10	,	7	,	98	,	0	>
<858	,	41	,	10	,	8	,	98	,	4	>
<859	,	42	,	1	,	1	,	85	,	0	>
<860	,	42	,	1	,	5	,	85	,	6	>
<861	,	42	,	1	,	6	,	85	,	0	>
<862	,	42	,	7	,	1	,	74	,	0	>
<863	,	42	,	7	,	5	,	74	,	5	>
<864	,	42	,	7	,	6	,	74	,	0	>
<865	,	42	,	8	,	1	,	48	,	0	>
<866	,	42	,	8	,	5	,	48	,	3	>
<867	,	42	,	8	,	6	,	48	,	0	>
<868	,	42	,	10	,	1	,	48	,	0	>
<869	,	42	,	10	,	5	,	48	,	3	>
<870	,	42	,	10	,	6	,	48	,	0	>
<871	,	43	,	3	,	1	,	41	,	0	>
<872	,	43	,	3	,	7	,	41	,	3	>
<873	,	43	,	3	,	8	,	41	,	0	>
<874	,	43	,	9	,	1	,	75	,	0	>
<875	,	43	,	9	,	7	,	75	,	5	>
<876	,	43	,	9	,	8	,	75	,	0	>
<877	,	43	,	10	,	1	,	27	,	0	>
<878	,	43	,	10	,	7	,	27	,	2	>
<879	,	43	,	10	,	8	,	27	,	0	>
<880	,	44	,	2	,	2	,	65	,	0	>
<881	,	44	,	2	,	3	,	65	,	2	>
<882	,	44	,	2	,	4	,	65	,	0	>
<883	,	44	,	2	,	5	,	65	,	2	>
<884	,	44	,	2	,	7	,	65	,	0	>
<885	,	44	,	3	,	2	,	90	,	0	>
<886	,	44	,	3	,	3	,	90	,	2	>
<887	,	44	,	3	,	4	,	90	,	0	>
<888	,	44	,	3	,	5	,	90	,	2	>
<889	,	44	,	3	,	7	,	90	,	0	>
<890	,	44	,	4	,	2	,	50	,	0	>
<891	,	44	,	4	,	3	,	50	,	1	>
<892	,	44	,	4	,	4	,	50	,	0	>
<893	,	44	,	4	,	5	,	50	,	1	>
<894	,	44	,	4	,	7	,	50	,	0	>
<895	,	44	,	8	,	2	,	74	,	0	>
<896	,	44	,	8	,	3	,	74	,	2	>
<897	,	44	,	8	,	4	,	74	,	0	>
<898	,	44	,	8	,	5	,	74	,	2	>
<899	,	44	,	8	,	7	,	74	,	0	>
<900	,	44	,	9	,	2	,	48	,	0	>
<901	,	44	,	9	,	3	,	48	,	1	>
<902	,	44	,	9	,	4	,	48	,	0	>
<903	,	44	,	9	,	5	,	48	,	1	>
<904	,	44	,	9	,	7	,	48	,	0	>
<905	,	44	,	10	,	2	,	86	,	0	>
<906	,	44	,	10	,	3	,	86	,	2	>
<907	,	44	,	10	,	4	,	86	,	0	>
<908	,	44	,	10	,	5	,	86	,	2	>
<909	,	44	,	10	,	7	,	86	,	0	>
<910	,	45	,	1	,	2	,	65	,	0	>
<911	,	45	,	1	,	7	,	65	,	4	>
<912	,	45	,	1	,	8	,	65	,	0	>
<913	,	45	,	2	,	2	,	89	,	0	>
<914	,	45	,	2	,	7	,	89	,	6	>
<915	,	45	,	2	,	8	,	89	,	0	>
<916	,	45	,	3	,	2	,	81	,	0	>
<917	,	45	,	3	,	7	,	81	,	5	>
<918	,	45	,	3	,	8	,	81	,	0	>
<919	,	45	,	9	,	2	,	80	,	0	>
<920	,	45	,	9	,	7	,	80	,	5	>
<921	,	45	,	9	,	8	,	80	,	0	>
<922	,	46	,	1	,	3	,	35	,	0	>
<923	,	46	,	1	,	4	,	35	,	2	>
<924	,	46	,	1	,	7	,	35	,	0	>
<925	,	46	,	3	,	3	,	32	,	0	>
<926	,	46	,	3	,	4	,	32	,	2	>
<927	,	46	,	3	,	7	,	32	,	0	>
<928	,	46	,	5	,	3	,	91	,	0	>
<929	,	46	,	5	,	4	,	91	,	6	>
<930	,	46	,	5	,	7	,	91	,	0	>
<931	,	46	,	6	,	3	,	57	,	0	>
<932	,	46	,	6	,	4	,	57	,	4	>
<933	,	46	,	6	,	7	,	57	,	0	>
<934	,	46	,	8	,	3	,	71	,	0	>
<935	,	46	,	8	,	4	,	71	,	5	>
<936	,	46	,	8	,	7	,	71	,	0	>
<937	,	46	,	9	,	3	,	93	,	0	>
<938	,	46	,	9	,	4	,	93	,	6	>
<939	,	46	,	9	,	7	,	93	,	0	>
<940	,	46	,	10	,	3	,	33	,	0	>
<941	,	46	,	10	,	4	,	33	,	2	>
<942	,	46	,	10	,	7	,	33	,	0	>
<943	,	47	,	1	,	1	,	29	,	0	>
<944	,	47	,	1	,	4	,	29	,	1	>
<945	,	47	,	1	,	6	,	29	,	0	>
<946	,	47	,	1	,	7	,	29	,	1	>
<947	,	47	,	1	,	8	,	29	,	0	>
<948	,	47	,	4	,	1	,	18	,	0	>
<949	,	47	,	4	,	4	,	18	,	0	>
<950	,	47	,	4	,	6	,	18	,	0	>
<951	,	47	,	4	,	7	,	18	,	0	>
<952	,	47	,	4	,	8	,	18	,	0	>
<953	,	47	,	7	,	1	,	26	,	0	>
<954	,	47	,	7	,	4	,	26	,	1	>
<955	,	47	,	7	,	6	,	26	,	0	>
<956	,	47	,	7	,	7	,	26	,	1	>
<957	,	47	,	7	,	8	,	26	,	0	>
<958	,	48	,	1	,	2	,	72	,	0	>
<959	,	48	,	1	,	4	,	72	,	5	>
<960	,	48	,	1	,	5	,	72	,	0	>
<961	,	48	,	8	,	2	,	63	,	0	>
<962	,	48	,	8	,	4	,	63	,	4	>
<963	,	48	,	8	,	5	,	63	,	0	>
<964	,	48	,	10	,	2	,	82	,	0	>
<965	,	48	,	10	,	4	,	82	,	5	>
<966	,	48	,	10	,	5	,	82	,	0	>
<967	,	49	,	2	,	1	,	78	,	0	>
<968	,	49	,	2	,	2	,	78	,	2	>
<969	,	49	,	2	,	3	,	78	,	0	>
<970	,	49	,	2	,	7	,	78	,	2	>
<971	,	49	,	2	,	8	,	78	,	0	>
<972	,	49	,	3	,	1	,	94	,	0	>
<973	,	49	,	3	,	2	,	94	,	2	>
<974	,	49	,	3	,	3	,	94	,	0	>
<975	,	49	,	3	,	7	,	94	,	2	>
<976	,	49	,	3	,	8	,	94	,	0	>
<977	,	49	,	6	,	1	,	46	,	0	>
<978	,	49	,	6	,	2	,	46	,	1	>
<979	,	49	,	6	,	3	,	46	,	0	>
<980	,	49	,	6	,	7	,	46	,	1	>
<981	,	49	,	6	,	8	,	46	,	0	>
<982	,	49	,	8	,	1	,	87	,	0	>
<983	,	49	,	8	,	2	,	87	,	2	>
<984	,	49	,	8	,	3	,	87	,	0	>
<985	,	49	,	8	,	7	,	87	,	2	>
<986	,	49	,	8	,	8	,	87	,	0	>
<987	,	49	,	9	,	1	,	40	,	0	>
<988	,	49	,	9	,	2	,	40	,	1	>
<989	,	49	,	9	,	3	,	40	,	0	>
<990	,	49	,	9	,	7	,	40	,	1	>
<991	,	49	,	9	,	8	,	40	,	0	>
<992	,	50	,	1	,	2	,	29	,	0	>
<993	,	50	,	1	,	3	,	29	,	1	>
<994	,	50	,	1	,	4	,	29	,	0	>
<995	,	50	,	1	,	5	,	29	,	1	>
<996	,	50	,	1	,	8	,	29	,	0	>
<997	,	50	,	3	,	2	,	79	,	0	>
<998	,	50	,	3	,	3	,	79	,	2	>
<999	,	50	,	3	,	4	,	79	,	0	>
<1000	,	50	,	3	,	5	,	79	,	2	>
<1001	,	50	,	3	,	8	,	79	,	0	>
<1002	,	50	,	5	,	2	,	31	,	0	>
<1003	,	50	,	5	,	3	,	31	,	1	>
<1004	,	50	,	5	,	4	,	31	,	0	>
<1005	,	50	,	5	,	5	,	31	,	1	>
<1006	,	50	,	5	,	8	,	31	,	0	>
<1007	,	50	,	6	,	2	,	86	,	0	>
<1008	,	50	,	6	,	3	,	86	,	2	>
<1009	,	50	,	6	,	4	,	86	,	0	>
<1010	,	50	,	6	,	5	,	86	,	2	>
<1011	,	50	,	6	,	8	,	86	,	0	>
<1012	,	50	,	8	,	2	,	46	,	0	>
<1013	,	50	,	8	,	3	,	46	,	1	>
<1014	,	50	,	8	,	4	,	46	,	0	>
<1015	,	50	,	8	,	5	,	46	,	1	>
<1016	,	50	,	8	,	8	,	46	,	0	>
<1017	,	51	,	1	,	1	,	77	,	0	>
<1018	,	51	,	1	,	3	,	77	,	5	>
<1019	,	51	,	1	,	5	,	77	,	0	>
<1020	,	51	,	2	,	1	,	52	,	0	>
<1021	,	51	,	2	,	3	,	52	,	3	>
<1022	,	51	,	2	,	5	,	52	,	0	>
<1023	,	51	,	3	,	1	,	76	,	0	>
<1024	,	51	,	3	,	3	,	76	,	5	>
<1025	,	51	,	3	,	5	,	76	,	0	>
<1026	,	51	,	6	,	1	,	88	,	0	>
<1027	,	51	,	6	,	3	,	88	,	6	>
<1028	,	51	,	6	,	5	,	88	,	0	>
<1029	,	51	,	7	,	1	,	54	,	0	>
<1030	,	51	,	7	,	3	,	54	,	4	>
<1031	,	51	,	7	,	5	,	54	,	0	>
<1032	,	51	,	8	,	1	,	78	,	0	>
<1033	,	51	,	8	,	3	,	78	,	5	>
<1034	,	51	,	8	,	5	,	78	,	0	>
<1035	,	51	,	10	,	1	,	60	,	0	>
<1036	,	51	,	10	,	3	,	60	,	4	>
<1037	,	51	,	10	,	5	,	60	,	0	>
<1038	,	52	,	2	,	1	,	92	,	0	>
<1039	,	52	,	2	,	2	,	92	,	4	>
<1040	,	52	,	2	,	4	,	92	,	0	>
<1041	,	52	,	2	,	8	,	92	,	4	>
<1042	,	52	,	3	,	1	,	77	,	0	>
<1043	,	52	,	3	,	2	,	77	,	3	>
<1044	,	52	,	3	,	4	,	77	,	0	>
<1045	,	52	,	3	,	8	,	77	,	3	>
<1046	,	52	,	4	,	1	,	85	,	0	>
<1047	,	52	,	4	,	2	,	85	,	3	>
<1048	,	52	,	4	,	4	,	85	,	0	>
<1049	,	52	,	4	,	8	,	85	,	3	>
<1050	,	52	,	5	,	1	,	92	,	0	>
<1051	,	52	,	5	,	2	,	92	,	4	>
<1052	,	52	,	5	,	4	,	92	,	0	>
<1053	,	52	,	5	,	8	,	92	,	4	>
<1054	,	52	,	7	,	1	,	77	,	0	>
<1055	,	52	,	7	,	2	,	77	,	3	>
<1056	,	52	,	7	,	4	,	77	,	0	>
<1057	,	52	,	7	,	8	,	77	,	3	>
<1058	,	52	,	8	,	1	,	91	,	0	>
<1059	,	52	,	8	,	2	,	91	,	4	>
<1060	,	52	,	8	,	4	,	91	,	0	>
<1061	,	52	,	8	,	8	,	91	,	4	>
<1062	,	53	,	2	,	1	,	50	,	0	>
<1063	,	53	,	2	,	2	,	50	,	2	>
<1064	,	53	,	2	,	7	,	50	,	0	>
<1065	,	53	,	2	,	8	,	50	,	2	>
<1066	,	53	,	3	,	1	,	45	,	0	>
<1067	,	53	,	3	,	2	,	45	,	2	>
<1068	,	53	,	3	,	7	,	45	,	0	>
<1069	,	53	,	3	,	8	,	45	,	2	>
<1070	,	53	,	4	,	1	,	30	,	0	>
<1071	,	53	,	4	,	2	,	30	,	1	>
<1072	,	53	,	4	,	7	,	30	,	0	>
<1073	,	53	,	4	,	8	,	30	,	1	>
<1074	,	53	,	5	,	1	,	69	,	0	>
<1075	,	53	,	5	,	2	,	69	,	3	>
<1076	,	53	,	5	,	7	,	69	,	0	>
<1077	,	53	,	5	,	8	,	69	,	3	>
<1078	,	53	,	6	,	1	,	47	,	0	>
<1079	,	53	,	6	,	2	,	47	,	2	>
<1080	,	53	,	6	,	7	,	47	,	0	>
<1081	,	53	,	6	,	8	,	47	,	2	>
<1082	,	53	,	9	,	1	,	54	,	0	>
<1083	,	53	,	9	,	2	,	54	,	2	>
<1084	,	53	,	9	,	7	,	54	,	0	>
<1085	,	53	,	9	,	8	,	54	,	2	>
<1086	,	53	,	10	,	1	,	53	,	0	>
<1087	,	53	,	10	,	2	,	53	,	2	>
<1088	,	53	,	10	,	7	,	53	,	0	>
<1089	,	53	,	10	,	8	,	53	,	2	>
<1090	,	54	,	1	,	4	,	11	,	0	>
<1091	,	54	,	1	,	6	,	11	,	1	>
<1092	,	54	,	1	,	7	,	11	,	0	>
<1093	,	54	,	3	,	4	,	26	,	0	>
<1094	,	54	,	3	,	6	,	26	,	2	>
<1095	,	54	,	3	,	7	,	26	,	0	>
<1096	,	54	,	4	,	4	,	33	,	0	>
<1097	,	54	,	4	,	6	,	33	,	2	>
<1098	,	54	,	4	,	7	,	33	,	0	>
<1099	,	54	,	5	,	4	,	11	,	0	>
<1100	,	54	,	5	,	6	,	11	,	1	>
<1101	,	54	,	5	,	7	,	11	,	0	>
<1102	,	54	,	6	,	4	,	15	,	0	>
<1103	,	54	,	6	,	6	,	15	,	1	>
<1104	,	54	,	6	,	7	,	15	,	0	>
<1105	,	54	,	7	,	4	,	29	,	0	>
<1106	,	54	,	7	,	6	,	29	,	2	>
<1107	,	54	,	7	,	7	,	29	,	0	>
<1108	,	54	,	8	,	4	,	17	,	0	>
<1109	,	54	,	8	,	6	,	17	,	1	>
<1110	,	54	,	8	,	7	,	17	,	0	>
<1111	,	55	,	1	,	1	,	67	,	0	>
<1112	,	55	,	1	,	3	,	67	,	3	>
<1113	,	55	,	1	,	4	,	67	,	0	>
<1114	,	55	,	1	,	7	,	67	,	3	>
<1115	,	55	,	7	,	1	,	45	,	0	>
<1116	,	55	,	7	,	3	,	45	,	2	>
<1117	,	55	,	7	,	4	,	45	,	0	>
<1118	,	55	,	7	,	7	,	45	,	2	>
<1119	,	55	,	8	,	1	,	76	,	0	>
<1120	,	55	,	8	,	3	,	76	,	3	>
<1121	,	55	,	8	,	4	,	76	,	0	>
<1122	,	55	,	8	,	7	,	76	,	3	>
<1123	,	55	,	9	,	1	,	50	,	0	>
<1124	,	55	,	9	,	3	,	50	,	2	>
<1125	,	55	,	9	,	4	,	50	,	0	>
<1126	,	55	,	9	,	7	,	50	,	2	>
<1127	,	55	,	10	,	1	,	53	,	0	>
<1128	,	55	,	10	,	3	,	53	,	2	>
<1129	,	55	,	10	,	4	,	53	,	0	>
<1130	,	55	,	10	,	7	,	53	,	2	>
<1131	,	56	,	1	,	1	,	96	,	0	>
<1132	,	56	,	1	,	2	,	96	,	6	>
<1133	,	56	,	1	,	3	,	96	,	0	>
<1134	,	56	,	2	,	1	,	96	,	0	>
<1135	,	56	,	2	,	2	,	96	,	6	>
<1136	,	56	,	2	,	3	,	96	,	0	>
<1137	,	56	,	4	,	1	,	96	,	0	>
<1138	,	56	,	4	,	2	,	96	,	6	>
<1139	,	56	,	4	,	3	,	96	,	0	>
<1140	,	56	,	6	,	1	,	96	,	0	>
<1141	,	56	,	6	,	2	,	96	,	6	>
<1142	,	56	,	6	,	3	,	96	,	0	>
<1143	,	57	,	1	,	2	,	5	,	0	>
<1144	,	57	,	1	,	6	,	5	,	0	>
<1145	,	57	,	1	,	8	,	5	,	0	>
<1146	,	57	,	2	,	2	,	3	,	0	>
<1147	,	57	,	2	,	6	,	3	,	0	>
<1148	,	57	,	2	,	8	,	3	,	0	>
<1149	,	57	,	3	,	2	,	4	,	0	>
<1150	,	57	,	3	,	6	,	4	,	0	>
<1151	,	57	,	3	,	8	,	4	,	0	>
<1152	,	57	,	4	,	2	,	7	,	0	>
<1153	,	57	,	4	,	6	,	7	,	0	>
<1154	,	57	,	4	,	8	,	7	,	0	>
<1155	,	57	,	5	,	2	,	6	,	0	>
<1156	,	57	,	5	,	6	,	6	,	0	>
<1157	,	57	,	5	,	8	,	6	,	0	>
<1158	,	57	,	7	,	2	,	9	,	0	>
<1159	,	57	,	7	,	6	,	9	,	1	>
<1160	,	57	,	7	,	8	,	9	,	0	>
<1161	,	57	,	9	,	2	,	4	,	0	>
<1162	,	57	,	9	,	6	,	4	,	0	>
<1163	,	57	,	9	,	8	,	4	,	0	>
<1164	,	58	,	2	,	1	,	93	,	0	>
<1165	,	58	,	2	,	2	,	93	,	2	>
<1166	,	58	,	2	,	4	,	93	,	0	>
<1167	,	58	,	2	,	6	,	93	,	2	>
<1168	,	58	,	2	,	7	,	93	,	0	>
<1169	,	58	,	9	,	1	,	66	,	0	>
<1170	,	58	,	9	,	2	,	66	,	2	>
<1171	,	58	,	9	,	4	,	66	,	0	>
<1172	,	58	,	9	,	6	,	66	,	2	>
<1173	,	58	,	9	,	7	,	66	,	0	>
<1174	,	58	,	10	,	1	,	80	,	0	>
<1175	,	58	,	10	,	2	,	80	,	2	>
<1176	,	58	,	10	,	4	,	80	,	0	>
<1177	,	58	,	10	,	6	,	80	,	2	>
<1178	,	58	,	10	,	7	,	80	,	0	>
<1179	,	59	,	2	,	1	,	95	,	0	>
<1180	,	59	,	2	,	3	,	95	,	2	>
<1181	,	59	,	2	,	5	,	95	,	0	>
<1182	,	59	,	2	,	7	,	95	,	2	>
<1183	,	59	,	2	,	8	,	95	,	0	>
<1184	,	59	,	5	,	1	,	75	,	0	>
<1185	,	59	,	5	,	3	,	75	,	2	>
<1186	,	59	,	5	,	5	,	75	,	0	>
<1187	,	59	,	5	,	7	,	75	,	2	>
<1188	,	59	,	5	,	8	,	75	,	0	>
<1189	,	59	,	6	,	1	,	63	,	0	>
<1190	,	59	,	6	,	3	,	63	,	2	>
<1191	,	59	,	6	,	5	,	63	,	0	>
<1192	,	59	,	6	,	7	,	63	,	2	>
<1193	,	59	,	6	,	8	,	63	,	0	>
<1194	,	59	,	7	,	1	,	56	,	0	>
<1195	,	59	,	7	,	3	,	56	,	1	>
<1196	,	59	,	7	,	5	,	56	,	0	>
<1197	,	59	,	7	,	7	,	56	,	1	>
<1198	,	59	,	7	,	8	,	56	,	0	>
<1199	,	59	,	8	,	1	,	82	,	0	>
<1200	,	59	,	8	,	3	,	82	,	2	>
<1201	,	59	,	8	,	5	,	82	,	0	>
<1202	,	59	,	8	,	7	,	82	,	2	>
<1203	,	59	,	8	,	8	,	82	,	0	>
<1204	,	60	,	3	,	3	,	29	,	0	>
<1205	,	60	,	3	,	7	,	29	,	2	>
<1206	,	60	,	3	,	8	,	29	,	0	>
<1207	,	60	,	6	,	3	,	27	,	0	>
<1208	,	60	,	6	,	7	,	27	,	2	>
<1209	,	60	,	6	,	8	,	27	,	0	>
<1210	,	60	,	7	,	3	,	16	,	0	>
<1211	,	60	,	7	,	7	,	16	,	1	>
<1212	,	60	,	7	,	8	,	16	,	0	>
<1213	,	60	,	9	,	3	,	10	,	0	>
<1214	,	60	,	9	,	7	,	10	,	1	>
<1215	,	60	,	9	,	8	,	10	,	0	>
<1216	,	61	,	3	,	1	,	58	,	0	>
<1217	,	61	,	3	,	3	,	58	,	1	>
<1218	,	61	,	3	,	4	,	58	,	0	>
<1219	,	61	,	3	,	6	,	58	,	1	>
<1220	,	61	,	3	,	7	,	58	,	0	>
<1221	,	61	,	4	,	1	,	89	,	0	>
<1222	,	61	,	4	,	3	,	89	,	2	>
<1223	,	61	,	4	,	4	,	89	,	0	>
<1224	,	61	,	4	,	6	,	89	,	2	>
<1225	,	61	,	4	,	7	,	89	,	0	>
<1226	,	61	,	7	,	1	,	77	,	0	>
<1227	,	61	,	7	,	3	,	77	,	2	>
<1228	,	61	,	7	,	4	,	77	,	0	>
<1229	,	61	,	7	,	6	,	77	,	2	>
<1230	,	61	,	7	,	7	,	77	,	0	>
<1231	,	61	,	8	,	1	,	71	,	0	>
<1232	,	61	,	8	,	3	,	71	,	2	>
<1233	,	61	,	8	,	4	,	71	,	0	>
<1234	,	61	,	8	,	6	,	71	,	2	>
<1235	,	61	,	8	,	7	,	71	,	0	>
<1236	,	62	,	1	,	2	,	98	,	0	>
<1237	,	62	,	1	,	4	,	98	,	2	>
<1238	,	62	,	1	,	5	,	98	,	0	>
<1239	,	62	,	1	,	6	,	98	,	2	>
<1240	,	62	,	1	,	8	,	98	,	0	>
<1241	,	62	,	4	,	2	,	98	,	0	>
<1242	,	62	,	4	,	4	,	98	,	2	>
<1243	,	62	,	4	,	5	,	98	,	0	>
<1244	,	62	,	4	,	6	,	98	,	2	>
<1245	,	62	,	4	,	8	,	98	,	0	>
<1246	,	62	,	5	,	2	,	98	,	0	>
<1247	,	62	,	5	,	4	,	98	,	2	>
<1248	,	62	,	5	,	5	,	98	,	0	>
<1249	,	62	,	5	,	6	,	98	,	2	>
<1250	,	62	,	5	,	8	,	98	,	0	>
<1251	,	62	,	6	,	2	,	99	,	0	>
<1252	,	62	,	6	,	4	,	99	,	2	>
<1253	,	62	,	6	,	5	,	99	,	0	>
<1254	,	62	,	6	,	6	,	99	,	2	>
<1255	,	62	,	6	,	8	,	99	,	0	>
<1256	,	62	,	7	,	2	,	99	,	0	>
<1257	,	62	,	7	,	4	,	99	,	2	>
<1258	,	62	,	7	,	5	,	99	,	0	>
<1259	,	62	,	7	,	6	,	99	,	2	>
<1260	,	62	,	7	,	8	,	99	,	0	>
<1261	,	62	,	9	,	2	,	98	,	0	>
<1262	,	62	,	9	,	4	,	98	,	2	>
<1263	,	62	,	9	,	5	,	98	,	0	>
<1264	,	62	,	9	,	6	,	98	,	2	>
<1265	,	62	,	9	,	8	,	98	,	0	>
<1266	,	62	,	10	,	2	,	98	,	0	>
<1267	,	62	,	10	,	4	,	98	,	2	>
<1268	,	62	,	10	,	5	,	98	,	0	>
<1269	,	62	,	10	,	6	,	98	,	2	>
<1270	,	62	,	10	,	8	,	98	,	0	>
<1271	,	63	,	1	,	1	,	99	,	0	>
<1272	,	63	,	1	,	3	,	99	,	4	>
<1273	,	63	,	1	,	4	,	99	,	0	>
<1274	,	63	,	1	,	8	,	99	,	4	>
<1275	,	63	,	3	,	1	,	80	,	0	>
<1276	,	63	,	3	,	3	,	80	,	3	>
<1277	,	63	,	3	,	4	,	80	,	0	>
<1278	,	63	,	3	,	8	,	80	,	3	>
<1279	,	63	,	4	,	1	,	94	,	0	>
<1280	,	63	,	4	,	3	,	94	,	4	>
<1281	,	63	,	4	,	4	,	94	,	0	>
<1282	,	63	,	4	,	8	,	94	,	4	>
<1283	,	63	,	5	,	1	,	80	,	0	>
<1284	,	63	,	5	,	3	,	80	,	3	>
<1285	,	63	,	5	,	4	,	80	,	0	>
<1286	,	63	,	5	,	8	,	80	,	3	>
<1287	,	63	,	6	,	1	,	89	,	0	>
<1288	,	63	,	6	,	3	,	89	,	4	>
<1289	,	63	,	6	,	4	,	89	,	0	>
<1290	,	63	,	6	,	8	,	89	,	4	>
<1291	,	63	,	8	,	1	,	71	,	0	>
<1292	,	63	,	8	,	3	,	71	,	3	>
<1293	,	63	,	8	,	4	,	71	,	0	>
<1294	,	63	,	8	,	8	,	71	,	3	>
<1295	,	64	,	1	,	1	,	23	,	0	>
<1296	,	64	,	1	,	2	,	23	,	2	>
<1297	,	64	,	1	,	3	,	23	,	0	>
<1298	,	64	,	2	,	1	,	38	,	0	>
<1299	,	64	,	2	,	2	,	38	,	3	>
<1300	,	64	,	2	,	3	,	38	,	0	>
<1301	,	64	,	4	,	1	,	35	,	0	>
<1302	,	64	,	4	,	2	,	35	,	2	>
<1303	,	64	,	4	,	3	,	35	,	0	>
<1304	,	64	,	6	,	1	,	50	,	0	>
<1305	,	64	,	6	,	2	,	50	,	3	>
<1306	,	64	,	6	,	3	,	50	,	0	>
<1307	,	64	,	7	,	1	,	62	,	0	>
<1308	,	64	,	7	,	2	,	62	,	4	>
<1309	,	64	,	7	,	3	,	62	,	0	>
<1310	,	64	,	9	,	1	,	50	,	0	>
<1311	,	64	,	9	,	2	,	50	,	3	>
<1312	,	64	,	9	,	3	,	50	,	0	>
<1313	,	65	,	1	,	1	,	18	,	0	>
<1314	,	65	,	1	,	6	,	18	,	1	>
<1315	,	65	,	1	,	8	,	18	,	0	>
<1316	,	65	,	2	,	1	,	7	,	0	>
<1317	,	65	,	2	,	6	,	7	,	0	>
<1318	,	65	,	2	,	8	,	7	,	0	>
<1319	,	65	,	3	,	1	,	7	,	0	>
<1320	,	65	,	3	,	6	,	7	,	0	>
<1321	,	65	,	3	,	8	,	7	,	0	>
<1322	,	65	,	6	,	1	,	7	,	0	>
<1323	,	65	,	6	,	6	,	7	,	0	>
<1324	,	65	,	6	,	8	,	7	,	0	>
<1325	,	65	,	7	,	1	,	17	,	0	>
<1326	,	65	,	7	,	6	,	17	,	1	>
<1327	,	65	,	7	,	8	,	17	,	0	>
<1328	,	65	,	8	,	1	,	9	,	0	>
<1329	,	65	,	8	,	6	,	9	,	1	>
<1330	,	65	,	8	,	8	,	9	,	0	>
<1331	,	66	,	3	,	5	,	98	,	0	>
<1332	,	66	,	3	,	6	,	98	,	7	>
<1333	,	66	,	3	,	8	,	98	,	0	>
<1334	,	66	,	4	,	5	,	99	,	0	>
<1335	,	66	,	4	,	6	,	99	,	7	>
<1336	,	66	,	4	,	8	,	99	,	0	>
<1337	,	66	,	5	,	5	,	98	,	0	>
<1338	,	66	,	5	,	6	,	98	,	7	>
<1339	,	66	,	5	,	8	,	98	,	0	>
<1340	,	66	,	7	,	5	,	98	,	0	>
<1341	,	66	,	7	,	6	,	98	,	7	>
<1342	,	66	,	7	,	8	,	98	,	0	>
<1343	,	66	,	8	,	5	,	99	,	0	>
<1344	,	66	,	8	,	6	,	99	,	7	>
<1345	,	66	,	8	,	8	,	99	,	0	>
<1346	,	66	,	10	,	5	,	98	,	0	>
<1347	,	66	,	10	,	6	,	98	,	7	>
<1348	,	66	,	10	,	8	,	98	,	0	>
<1349	,	67	,	1	,	1	,	96	,	0	>
<1350	,	67	,	1	,	6	,	96	,	4	>
<1351	,	67	,	1	,	7	,	96	,	0	>
<1352	,	67	,	1	,	8	,	96	,	4	>
<1353	,	67	,	2	,	1	,	89	,	0	>
<1354	,	67	,	2	,	6	,	89	,	4	>
<1355	,	67	,	2	,	7	,	89	,	0	>
<1356	,	67	,	2	,	8	,	89	,	4	>
<1357	,	67	,	3	,	1	,	61	,	0	>
<1358	,	67	,	3	,	6	,	61	,	2	>
<1359	,	67	,	3	,	7	,	61	,	0	>
<1360	,	67	,	3	,	8	,	61	,	2	>
<1361	,	67	,	6	,	1	,	95	,	0	>
<1362	,	67	,	6	,	6	,	95	,	4	>
<1363	,	67	,	6	,	7	,	95	,	0	>
<1364	,	67	,	6	,	8	,	95	,	4	>
<1365	,	67	,	7	,	1	,	77	,	0	>
<1366	,	67	,	7	,	6	,	77	,	3	>
<1367	,	67	,	7	,	7	,	77	,	0	>
<1368	,	67	,	7	,	8	,	77	,	3	>
<1369	,	67	,	9	,	1	,	55	,	0	>
<1370	,	67	,	9	,	6	,	55	,	2	>
<1371	,	67	,	9	,	7	,	55	,	0	>
<1372	,	67	,	9	,	8	,	55	,	2	>
<1373	,	68	,	2	,	2	,	81	,	0	>
<1374	,	68	,	2	,	3	,	81	,	3	>
<1375	,	68	,	2	,	4	,	81	,	0	>
<1376	,	68	,	2	,	6	,	81	,	3	>
<1377	,	68	,	5	,	2	,	27	,	0	>
<1378	,	68	,	5	,	3	,	27	,	1	>
<1379	,	68	,	5	,	4	,	27	,	0	>
<1380	,	68	,	5	,	6	,	27	,	1	>
<1381	,	68	,	6	,	2	,	45	,	0	>
<1382	,	68	,	6	,	3	,	45	,	2	>
<1383	,	68	,	6	,	4	,	45	,	0	>
<1384	,	68	,	6	,	6	,	45	,	2	>
<1385	,	69	,	2	,	1	,	23	,	0	>
<1386	,	69	,	2	,	2	,	23	,	1	>
<1387	,	69	,	2	,	4	,	23	,	0	>
<1388	,	69	,	2	,	6	,	23	,	1	>
<1389	,	69	,	2	,	8	,	23	,	0	>
<1390	,	69	,	8	,	1	,	40	,	0	>
<1391	,	69	,	8	,	2	,	40	,	1	>
<1392	,	69	,	8	,	4	,	40	,	0	>
<1393	,	69	,	8	,	6	,	40	,	1	>
<1394	,	69	,	8	,	8	,	40	,	0	>
<1395	,	69	,	10	,	1	,	59	,	0	>
<1396	,	69	,	10	,	2	,	59	,	1	>
<1397	,	69	,	10	,	4	,	59	,	0	>
<1398	,	69	,	10	,	6	,	59	,	1	>
<1399	,	69	,	10	,	8	,	59	,	0	>
<1400	,	70	,	1	,	5	,	43	,	0	>
<1401	,	70	,	1	,	6	,	43	,	3	>
<1402	,	70	,	1	,	7	,	43	,	0	>
<1403	,	70	,	2	,	5	,	53	,	0	>
<1404	,	70	,	2	,	6	,	53	,	4	>
<1405	,	70	,	2	,	7	,	53	,	0	>
<1406	,	70	,	3	,	5	,	76	,	0	>
<1407	,	70	,	3	,	6	,	76	,	5	>
<1408	,	70	,	3	,	7	,	76	,	0	>
<1409	,	70	,	5	,	5	,	43	,	0	>
<1410	,	70	,	5	,	6	,	43	,	3	>
<1411	,	70	,	5	,	7	,	43	,	0	>
<1412	,	70	,	9	,	5	,	78	,	0	>
<1413	,	70	,	9	,	6	,	78	,	5	>
<1414	,	70	,	9	,	7	,	78	,	0	>
<1415	,	70	,	10	,	5	,	94	,	0	>
<1416	,	70	,	10	,	6	,	94	,	6	>
<1417	,	70	,	10	,	7	,	94	,	0	>
<1418	,	71	,	1	,	1	,	96	,	0	>
<1419	,	71	,	1	,	2	,	96	,	6	>
<1420	,	71	,	1	,	5	,	96	,	0	>
<1421	,	71	,	2	,	1	,	97	,	0	>
<1422	,	71	,	2	,	2	,	97	,	6	>
<1423	,	71	,	2	,	5	,	97	,	0	>
<1424	,	71	,	3	,	1	,	95	,	0	>
<1425	,	71	,	3	,	2	,	95	,	6	>
<1426	,	71	,	3	,	5	,	95	,	0	>
<1427	,	71	,	4	,	1	,	95	,	0	>
<1428	,	71	,	4	,	2	,	95	,	6	>
<1429	,	71	,	4	,	5	,	95	,	0	>
<1430	,	71	,	7	,	1	,	95	,	0	>
<1431	,	71	,	7	,	2	,	95	,	6	>
<1432	,	71	,	7	,	5	,	95	,	0	>
<1433	,	71	,	9	,	1	,	96	,	0	>
<1434	,	71	,	9	,	2	,	96	,	6	>
<1435	,	71	,	9	,	5	,	96	,	0	>
<1436	,	71	,	10	,	1	,	96	,	0	>
<1437	,	71	,	10	,	2	,	96	,	6	>
<1438	,	71	,	10	,	5	,	96	,	0	>
<1439	,	72	,	5	,	2	,	37	,	0	>
<1440	,	72	,	5	,	3	,	37	,	1	>
<1441	,	72	,	5	,	4	,	37	,	0	>
<1442	,	72	,	5	,	6	,	37	,	1	>
<1443	,	72	,	5	,	7	,	37	,	0	>
<1444	,	72	,	7	,	2	,	13	,	0	>
<1445	,	72	,	7	,	3	,	13	,	0	>
<1446	,	72	,	7	,	4	,	13	,	0	>
<1447	,	72	,	7	,	6	,	13	,	0	>
<1448	,	72	,	7	,	7	,	13	,	0	>
<1449	,	72	,	8	,	2	,	22	,	0	>
<1450	,	72	,	8	,	3	,	22	,	1	>
<1451	,	72	,	8	,	4	,	22	,	0	>
<1452	,	72	,	8	,	6	,	22	,	1	>
<1453	,	72	,	8	,	7	,	22	,	0	>
<1454	,	72	,	9	,	2	,	36	,	0	>
<1455	,	72	,	9	,	3	,	36	,	1	>
<1456	,	72	,	9	,	4	,	36	,	0	>
<1457	,	72	,	9	,	6	,	36	,	1	>
<1458	,	72	,	9	,	7	,	36	,	0	>
<1459	,	72	,	10	,	2	,	25	,	0	>
<1460	,	72	,	10	,	3	,	25	,	1	>
<1461	,	72	,	10	,	4	,	25	,	0	>
<1462	,	72	,	10	,	6	,	25	,	1	>
<1463	,	72	,	10	,	7	,	25	,	0	>
<1464	,	73	,	1	,	3	,	68	,	0	>
<1465	,	73	,	1	,	4	,	68	,	2	>
<1466	,	73	,	1	,	5	,	68	,	0	>
<1467	,	73	,	1	,	7	,	68	,	2	>
<1468	,	73	,	1	,	8	,	68	,	0	>
<1469	,	73	,	2	,	3	,	99	,	0	>
<1470	,	73	,	2	,	4	,	99	,	2	>
<1471	,	73	,	2	,	5	,	99	,	0	>
<1472	,	73	,	2	,	7	,	99	,	2	>
<1473	,	73	,	2	,	8	,	99	,	0	>
<1474	,	73	,	4	,	3	,	77	,	0	>
<1475	,	73	,	4	,	4	,	77	,	2	>
<1476	,	73	,	4	,	5	,	77	,	0	>
<1477	,	73	,	4	,	7	,	77	,	2	>
<1478	,	73	,	4	,	8	,	77	,	0	>
<1479	,	73	,	7	,	3	,	42	,	0	>
<1480	,	73	,	7	,	4	,	42	,	1	>
<1481	,	73	,	7	,	5	,	42	,	0	>
<1482	,	73	,	7	,	7	,	42	,	1	>
<1483	,	73	,	7	,	8	,	42	,	0	>
<1484	,	73	,	8	,	3	,	45	,	0	>
<1485	,	73	,	8	,	4	,	45	,	1	>
<1486	,	73	,	8	,	5	,	45	,	0	>
<1487	,	73	,	8	,	7	,	45	,	1	>
<1488	,	73	,	8	,	8	,	45	,	0	>
<1489	,	73	,	10	,	3	,	35	,	0	>
<1490	,	73	,	10	,	4	,	35	,	1	>
<1491	,	73	,	10	,	5	,	35	,	0	>
<1492	,	73	,	10	,	7	,	35	,	1	>
<1493	,	73	,	10	,	8	,	35	,	0	>
<1494	,	74	,	1	,	3	,	83	,	0	>
<1495	,	74	,	1	,	4	,	83	,	3	>
<1496	,	74	,	1	,	5	,	83	,	0	>
<1497	,	74	,	1	,	8	,	83	,	3	>
<1498	,	74	,	4	,	3	,	89	,	0	>
<1499	,	74	,	4	,	4	,	89	,	4	>
<1500	,	74	,	4	,	5	,	89	,	0	>
<1501	,	74	,	4	,	8	,	89	,	4	>
<1502	,	74	,	6	,	3	,	93	,	0	>
<1503	,	74	,	6	,	4	,	93	,	4	>
<1504	,	74	,	6	,	5	,	93	,	0	>
<1505	,	74	,	6	,	8	,	93	,	4	>
<1506	,	74	,	7	,	3	,	90	,	0	>
<1507	,	74	,	7	,	4	,	90	,	4	>
<1508	,	74	,	7	,	5	,	90	,	0	>
<1509	,	74	,	7	,	8	,	90	,	4	>
<1510	,	74	,	8	,	3	,	86	,	0	>
<1511	,	74	,	8	,	4	,	86	,	3	>
<1512	,	74	,	8	,	5	,	86	,	0	>
<1513	,	74	,	8	,	8	,	86	,	3	>
<1514	,	74	,	9	,	3	,	78	,	0	>
<1515	,	74	,	9	,	4	,	78	,	3	>
<1516	,	74	,	9	,	5	,	78	,	0	>
<1517	,	74	,	9	,	8	,	78	,	3	>
<1518	,	75	,	3	,	2	,	88	,	0	>
<1519	,	75	,	3	,	4	,	88	,	6	>
<1520	,	75	,	3	,	6	,	88	,	0	>
<1521	,	75	,	4	,	2	,	73	,	0	>
<1522	,	75	,	4	,	4	,	73	,	5	>
<1523	,	75	,	4	,	6	,	73	,	0	>
<1524	,	75	,	5	,	2	,	82	,	0	>
<1525	,	75	,	5	,	4	,	82	,	5	>
<1526	,	75	,	5	,	6	,	82	,	0	>
<1527	,	75	,	10	,	2	,	57	,	0	>
<1528	,	75	,	10	,	4	,	57	,	4	>
<1529	,	75	,	10	,	6	,	57	,	0	>
<1530	,	76	,	1	,	1	,	38	,	0	>
<1531	,	76	,	1	,	2	,	38	,	1	>
<1532	,	76	,	1	,	3	,	38	,	0	>
<1533	,	76	,	1	,	6	,	38	,	1	>
<1534	,	76	,	1	,	8	,	38	,	0	>
<1535	,	76	,	3	,	1	,	31	,	0	>
<1536	,	76	,	3	,	2	,	31	,	1	>
<1537	,	76	,	3	,	3	,	31	,	0	>
<1538	,	76	,	3	,	6	,	31	,	1	>
<1539	,	76	,	3	,	8	,	31	,	0	>
<1540	,	76	,	7	,	1	,	26	,	0	>
<1541	,	76	,	7	,	2	,	26	,	1	>
<1542	,	76	,	7	,	3	,	26	,	0	>
<1543	,	76	,	7	,	6	,	26	,	1	>
<1544	,	76	,	7	,	8	,	26	,	0	>
<1545	,	76	,	8	,	1	,	42	,	0	>
<1546	,	76	,	8	,	2	,	42	,	1	>
<1547	,	76	,	8	,	3	,	42	,	0	>
<1548	,	76	,	8	,	6	,	42	,	1	>
<1549	,	76	,	8	,	8	,	42	,	0	>
<1550	,	76	,	10	,	1	,	21	,	0	>
<1551	,	76	,	10	,	2	,	21	,	1	>
<1552	,	76	,	10	,	3	,	21	,	0	>
<1553	,	76	,	10	,	6	,	21	,	1	>
<1554	,	76	,	10	,	8	,	21	,	0	>
<1555	,	77	,	2	,	1	,	94	,	0	>
<1556	,	77	,	2	,	5	,	94	,	2	>
<1557	,	77	,	2	,	6	,	94	,	0	>
<1558	,	77	,	2	,	7	,	94	,	2	>
<1559	,	77	,	2	,	8	,	94	,	0	>
<1560	,	77	,	3	,	1	,	89	,	0	>
<1561	,	77	,	3	,	5	,	89	,	2	>
<1562	,	77	,	3	,	6	,	89	,	0	>
<1563	,	77	,	3	,	7	,	89	,	2	>
<1564	,	77	,	3	,	8	,	89	,	0	>
<1565	,	77	,	4	,	1	,	85	,	0	>
<1566	,	77	,	4	,	5	,	85	,	2	>
<1567	,	77	,	4	,	6	,	85	,	0	>
<1568	,	77	,	4	,	7	,	85	,	2	>
<1569	,	77	,	4	,	8	,	85	,	0	>
<1570	,	77	,	9	,	1	,	93	,	0	>
<1571	,	77	,	9	,	5	,	93	,	2	>
<1572	,	77	,	9	,	6	,	93	,	0	>
<1573	,	77	,	9	,	7	,	93	,	2	>
<1574	,	77	,	9	,	8	,	93	,	0	>
<1575	,	77	,	10	,	1	,	91	,	0	>
<1576	,	77	,	10	,	5	,	91	,	2	>
<1577	,	77	,	10	,	6	,	91	,	0	>
<1578	,	77	,	10	,	7	,	91	,	2	>
<1579	,	77	,	10	,	8	,	91	,	0	>
<1580	,	78	,	2	,	1	,	43	,	0	>
<1581	,	78	,	2	,	2	,	43	,	3	>
<1582	,	78	,	2	,	5	,	43	,	0	>
<1583	,	78	,	7	,	1	,	79	,	0	>
<1584	,	78	,	7	,	2	,	79	,	5	>
<1585	,	78	,	7	,	5	,	79	,	0	>
<1586	,	78	,	8	,	1	,	44	,	0	>
<1587	,	78	,	8	,	2	,	44	,	3	>
<1588	,	78	,	8	,	5	,	44	,	0	>
<1589	,	79	,	4	,	1	,	72	,	0	>
<1590	,	79	,	4	,	2	,	72	,	5	>
<1591	,	79	,	4	,	7	,	72	,	0	>
<1592	,	79	,	6	,	1	,	59	,	0	>
<1593	,	79	,	6	,	2	,	59	,	4	>
<1594	,	79	,	6	,	7	,	59	,	0	>
<1595	,	79	,	8	,	1	,	56	,	0	>
<1596	,	79	,	8	,	2	,	56	,	4	>
<1597	,	79	,	8	,	7	,	56	,	0	>
<1598	,	79	,	9	,	1	,	40	,	0	>
<1599	,	79	,	9	,	2	,	40	,	3	>
<1600	,	79	,	9	,	7	,	40	,	0	>
<1601	,	80	,	3	,	1	,	44	,	0	>
<1602	,	80	,	3	,	3	,	44	,	3	>
<1603	,	80	,	3	,	6	,	44	,	0	>
<1604	,	80	,	7	,	1	,	88	,	0	>
<1605	,	80	,	7	,	3	,	88	,	6	>
<1606	,	80	,	7	,	6	,	88	,	0	>
<1607	,	80	,	10	,	1	,	35	,	0	>
<1608	,	80	,	10	,	3	,	35	,	2	>
<1609	,	80	,	10	,	6	,	35	,	0	>
<1610	,	81	,	1	,	2	,	63	,	0	>
<1611	,	81	,	1	,	4	,	63	,	2	>
<1612	,	81	,	1	,	5	,	63	,	0	>
<1613	,	81	,	1	,	6	,	63	,	2	>
<1614	,	81	,	1	,	8	,	63	,	0	>
<1615	,	81	,	4	,	2	,	92	,	0	>
<1616	,	81	,	4	,	4	,	92	,	2	>
<1617	,	81	,	4	,	5	,	92	,	0	>
<1618	,	81	,	4	,	6	,	92	,	2	>
<1619	,	81	,	4	,	8	,	92	,	0	>
<1620	,	81	,	6	,	2	,	81	,	0	>
<1621	,	81	,	6	,	4	,	81	,	2	>
<1622	,	81	,	6	,	5	,	81	,	0	>
<1623	,	81	,	6	,	6	,	81	,	2	>
<1624	,	81	,	6	,	8	,	81	,	0	>
<1625	,	81	,	7	,	2	,	49	,	0	>
<1626	,	81	,	7	,	4	,	49	,	1	>
<1627	,	81	,	7	,	5	,	49	,	0	>
<1628	,	81	,	7	,	6	,	49	,	1	>
<1629	,	81	,	7	,	8	,	49	,	0	>
<1630	,	81	,	10	,	2	,	93	,	0	>
<1631	,	81	,	10	,	4	,	93	,	2	>
<1632	,	81	,	10	,	5	,	93	,	0	>
<1633	,	81	,	10	,	6	,	93	,	2	>
<1634	,	81	,	10	,	8	,	93	,	0	>
<1635	,	82	,	5	,	4	,	40	,	0	>
<1636	,	82	,	5	,	5	,	40	,	2	>
<1637	,	82	,	5	,	6	,	40	,	0	>
<1638	,	82	,	5	,	7	,	40	,	2	>
<1639	,	82	,	7	,	4	,	44	,	0	>
<1640	,	82	,	7	,	5	,	44	,	2	>
<1641	,	82	,	7	,	6	,	44	,	0	>
<1642	,	82	,	7	,	7	,	44	,	2	>
<1643	,	82	,	9	,	4	,	92	,	0	>
<1644	,	82	,	9	,	5	,	92	,	4	>
<1645	,	82	,	9	,	6	,	92	,	0	>
<1646	,	82	,	9	,	7	,	92	,	4	>
<1647	,	83	,	2	,	3	,	82	,	0	>
<1648	,	83	,	2	,	5	,	82	,	3	>
<1649	,	83	,	2	,	7	,	82	,	0	>
<1650	,	83	,	2	,	8	,	82	,	3	>
<1651	,	83	,	3	,	3	,	73	,	0	>
<1652	,	83	,	3	,	5	,	73	,	3	>
<1653	,	83	,	3	,	7	,	73	,	0	>
<1654	,	83	,	3	,	8	,	73	,	3	>
<1655	,	83	,	4	,	3	,	97	,	0	>
<1656	,	83	,	4	,	5	,	97	,	4	>
<1657	,	83	,	4	,	7	,	97	,	0	>
<1658	,	83	,	4	,	8	,	97	,	4	>
<1659	,	83	,	6	,	3	,	93	,	0	>
<1660	,	83	,	6	,	5	,	93	,	4	>
<1661	,	83	,	6	,	7	,	93	,	0	>
<1662	,	83	,	6	,	8	,	93	,	4	>
<1663	,	83	,	7	,	3	,	59	,	0	>
<1664	,	83	,	7	,	5	,	59	,	2	>
<1665	,	83	,	7	,	7	,	59	,	0	>
<1666	,	83	,	7	,	8	,	59	,	2	>
<1667	,	83	,	8	,	3	,	94	,	0	>
<1668	,	83	,	8	,	5	,	94	,	4	>
<1669	,	83	,	8	,	7	,	94	,	0	>
<1670	,	83	,	8	,	8	,	94	,	4	>
<1671	,	83	,	10	,	3	,	90	,	0	>
<1672	,	83	,	10	,	5	,	90	,	4	>
<1673	,	83	,	10	,	7	,	90	,	0	>
<1674	,	83	,	10	,	8	,	90	,	4	>
<1675	,	84	,	1	,	3	,	62	,	0	>
<1676	,	84	,	1	,	7	,	62	,	4	>
<1677	,	84	,	1	,	8	,	62	,	0	>
<1678	,	84	,	2	,	3	,	74	,	0	>
<1679	,	84	,	2	,	7	,	74	,	5	>
<1680	,	84	,	2	,	8	,	74	,	0	>
<1681	,	84	,	5	,	3	,	38	,	0	>
<1682	,	84	,	5	,	7	,	38	,	3	>
<1683	,	84	,	5	,	8	,	38	,	0	>
<1684	,	84	,	6	,	3	,	96	,	0	>
<1685	,	84	,	6	,	7	,	96	,	6	>
<1686	,	84	,	6	,	8	,	96	,	0	>
<1687	,	84	,	8	,	3	,	37	,	0	>
<1688	,	84	,	8	,	7	,	37	,	2	>
<1689	,	84	,	8	,	8	,	37	,	0	>
<1690	,	84	,	10	,	3	,	67	,	0	>
<1691	,	84	,	10	,	7	,	67	,	4	>
<1692	,	84	,	10	,	8	,	67	,	0	>
<1693	,	85	,	2	,	3	,	58	,	0	>
<1694	,	85	,	2	,	4	,	58	,	2	>
<1695	,	85	,	2	,	5	,	58	,	0	>
<1696	,	85	,	2	,	6	,	58	,	2	>
<1697	,	85	,	3	,	3	,	84	,	0	>
<1698	,	85	,	3	,	4	,	84	,	3	>
<1699	,	85	,	3	,	5	,	84	,	0	>
<1700	,	85	,	3	,	6	,	84	,	3	>
<1701	,	85	,	4	,	3	,	29	,	0	>
<1702	,	85	,	4	,	4	,	29	,	1	>
<1703	,	85	,	4	,	5	,	29	,	0	>
<1704	,	85	,	4	,	6	,	29	,	1	>
<1705	,	85	,	6	,	3	,	74	,	0	>
<1706	,	85	,	6	,	4	,	74	,	3	>
<1707	,	85	,	6	,	5	,	74	,	0	>
<1708	,	85	,	6	,	6	,	74	,	3	>
<1709	,	85	,	8	,	3	,	77	,	0	>
<1710	,	85	,	8	,	4	,	77	,	3	>
<1711	,	85	,	8	,	5	,	77	,	0	>
<1712	,	85	,	8	,	6	,	77	,	3	>
};
