// XtraLGS y resolución directa de hechoDRC_DAFJS15_w7_letssee_120ops10m7w10jobs.txt:  2351 modos
// 18mar25 8:45 ¿?¿?¿?¿
IS_ALOBRUTO=1;

// DAFJSP12... pero DRC con uno mío hechoDRC_DAFJS12_W8tricky2_12_8_3_12_6_2inst1_117ops10m8w8jobs.txt
//        Ntaks, nMachs, nWORKERs
Params = <117,10,8>;

precedences ={
<	1	,	2	,	0	>,
<	2	,	3	,	0	>,
<	3	,	4	,	0	>,
<	4	,	5	,	0	>,
<	5	,	6	,	0	>,
<	6	,	19	,	0	>,
<	7	,	8	,	0	>,
<	8	,	9	,	0	>,
<	9	,	10	,	0	>,
<	10	,	11	,	0	>,
<	11	,	12	,	0	>,
<	12	,	19	,	0	>,
<	13	,	14	,	0	>,
<	14	,	15	,	0	>,
<	15	,	16	,	0	>,
<	16	,	17	,	0	>,
<	17	,	18	,	0	>,
<	18	,	19	,	0	>,
<	20	,	21	,	0	>,
<	21	,	22	,	0	>,
<	22	,	23	,	0	>,
<	23	,	24	,	0	>,
<	24	,	25	,	0	>,
<	25	,	26	,	0	>,
<	23	,	27	,	0	>,
<	27	,	28	,	0	>,
<	28	,	29	,	0	>,
<	23	,	30	,	0	>,
<	30	,	31	,	0	>,
<	31	,	32	,	0	>,
<	33	,	34	,	0	>,
<	34	,	35	,	0	>,
<	35	,	36	,	0	>,
<	36	,	37	,	0	>,
<	37	,	38	,	0	>,
<	38	,	39	,	0	>,
<	39	,	40	,	0	>,
<	40	,	41	,	0	>,
<	41	,	54	,	0	>,
<	35	,	42	,	0	>,
<	42	,	43	,	0	>
<	43	,	44	,	0	>,
<	44	,	45	,	0	>,
<	45	,	46	,	0	>,
<	46	,	47	,	0	>,
<	47	,	54	,	0	>,
<	35	,	48	,	0	>,
<	48	,	49	,	0	>,
<	49	,	50	,	0	>,
<	50	,	51	,	0	>,
<	51	,	52	,	0	>,
<	52	,	53	,	0	>,
<	53	,	54	,	0	>,
<	55	,	56	,	0	>,
<	56	,	57	,	0	>,
<	57	,	58	,	0	>,
<	58	,	59	,	0	>,
<	59	,	60	,	0	>,
<	60	,	61	,	0	>,
<	56	,	62	,	0	>,
<	62	,	63	,	0	>,
<	63	,	64	,	0	>,
<	64	,	65	,	0	>,
<	65	,	66	,	0	>,
<	56	,	67	,	0	>,
<	67	,	68	,	0	>,
<	68	,	69	,	0	>,
<	69	,	70	,	0	>,
<	70	,	71	,	0	>,
<	72	,	73	,	0	>,
<	73	,	74	,	0	>,
<	74	,	75	,	0	>,
<	75	,	76	,	0	>,
<	74	,	77	,	0	>,
<	77	,	78	,	0	>,
<	74	,	79	,	0	>,
<	79	,	80	,	0	>,
<	81	,	82	,	0	>,
<	82	,	83	,	0	>,
<	83	,	84	,	0	>,
<	84	,	85	,	0	>,
<	81	,	86	,	0	>,
<	86	,	87	,	0	>,
<	87	,	88	,	0	>,
<	88	,	89	,	0	>,
<	81	,	90	,	0	>,
<	90	,	91	,	0	>,
<	91	,	92	,	0	>,
<	92	,	93	,	0	>,
<	94	,	95	,	0	>,
<	95	,	96	,	0	>,
<	96	,	97	,	0	>,
<	97	,	98	,	0	>,
<	98	,	99	,	0	>,
<	99	,	100	,	0	>,
<	100	,	101	,	0	>,
<	101	,	106	,	0	>,
<	99	,	102	,	0	>,
<	102	,	103	,	0	>,
<	103	,	106	,	0	>,
<	99	,	104	,	0	>,
<	104	,	105	,	0	>,
<	105	,	106	,	0	>,
<	107	,	108	,	0	>,
<	108	,	109	,	0	>,
<	109	,	110	,	0	>,
<	110	,	111	,	0	>,
<	111	,	112	,	0	>
<	112	,	117	,	0	>,
<	108	,	113	,	0	>,
<	113	,	114	,	0	>,
<	114	,	115	,	0	>,
<	115	,	116	,	0	>,
<	116	,	117	,	0	>
};


Modes = {
<0	,	1	,	4	,	1	,	12	,	0	>
<1	,	1	,	4	,	4	,	12	,	0	>
<2	,	1	,	4	,	5	,	12	,	0	>
<3	,	1	,	4	,	6	,	12	,	0	>
<4	,	1	,	4	,	7	,	12	,	0	>
<5	,	1	,	8	,	1	,	13	,	0	>
<6	,	1	,	8	,	4	,	13	,	0	>
<7	,	1	,	8	,	5	,	13	,	0	>
<8	,	1	,	8	,	6	,	13	,	0	>
<9	,	1	,	8	,	7	,	13	,	0	>
<10	,	1	,	9	,	1	,	10	,	0	>
<11	,	1	,	9	,	4	,	10	,	0	>
<12	,	1	,	9	,	5	,	10	,	0	>
<13	,	1	,	9	,	6	,	10	,	0	>
<14	,	1	,	9	,	7	,	10	,	0	>
<15	,	2	,	2	,	3	,	31	,	0	>
<16	,	2	,	2	,	4	,	31	,	3	>
<17	,	2	,	2	,	6	,	31	,	0	>
<18	,	2	,	3	,	3	,	55	,	0	>
<19	,	2	,	3	,	4	,	55	,	5	>
<20	,	2	,	3	,	6	,	55	,	0	>
<21	,	2	,	4	,	3	,	47	,	0	>
<22	,	2	,	4	,	4	,	47	,	4	>
<23	,	2	,	4	,	6	,	47	,	0	>
<24	,	2	,	6	,	3	,	38	,	0	>
<25	,	2	,	6	,	4	,	38	,	4	>
<26	,	2	,	6	,	6	,	38	,	0	>
<27	,	2	,	8	,	3	,	45	,	0	>
<28	,	2	,	8	,	4	,	45	,	4	>
<29	,	2	,	8	,	6	,	45	,	0	>
<30	,	2	,	10	,	3	,	26	,	0	>
<31	,	2	,	10	,	4	,	26	,	2	>
<32	,	2	,	10	,	6	,	26	,	0	>
<33	,	3	,	3	,	2	,	3	,	0	>
<34	,	3	,	3	,	4	,	3	,	0	>
<35	,	3	,	3	,	7	,	3	,	0	>
<36	,	3	,	4	,	2	,	2	,	0	>
<37	,	3	,	4	,	4	,	2	,	0	>
<38	,	3	,	4	,	7	,	2	,	0	>
<39	,	3	,	8	,	2	,	3	,	0	>
<40	,	3	,	8	,	4	,	3	,	0	>
<41	,	3	,	8	,	7	,	3	,	0	>
<42	,	4	,	1	,	4	,	88	,	0	>
<43	,	4	,	1	,	5	,	88	,	8	>
<44	,	4	,	1	,	7	,	88	,	0	>
<45	,	4	,	2	,	4	,	63	,	0	>
<46	,	4	,	2	,	5	,	63	,	6	>
<47	,	4	,	2	,	7	,	63	,	0	>
<48	,	4	,	3	,	4	,	91	,	0	>
<49	,	4	,	3	,	5	,	91	,	8	>
<50	,	4	,	3	,	7	,	91	,	0	>
<51	,	4	,	4	,	4	,	64	,	0	>
<52	,	4	,	4	,	5	,	64	,	6	>
<53	,	4	,	4	,	7	,	64	,	0	>
<54	,	4	,	8	,	4	,	97	,	0	>
<55	,	4	,	8	,	5	,	97	,	9	>
<56	,	4	,	8	,	7	,	97	,	0	>
<57	,	5	,	1	,	2	,	86	,	0	>
<58	,	5	,	1	,	5	,	86	,	8	>
<59	,	5	,	1	,	8	,	86	,	0	>
<60	,	5	,	2	,	2	,	91	,	0	>
<61	,	5	,	2	,	5	,	91	,	8	>
<62	,	5	,	2	,	8	,	91	,	0	>
<63	,	5	,	3	,	2	,	86	,	0	>
<64	,	5	,	3	,	5	,	86	,	8	>
<65	,	5	,	3	,	8	,	86	,	0	>
<66	,	5	,	4	,	2	,	98	,	0	>
<67	,	5	,	4	,	5	,	98	,	9	>
<68	,	5	,	4	,	8	,	98	,	0	>
<69	,	5	,	6	,	2	,	95	,	0	>
<70	,	5	,	6	,	5	,	95	,	9	>
<71	,	5	,	6	,	8	,	95	,	0	>
<72	,	5	,	7	,	2	,	91	,	0	>
<73	,	5	,	7	,	5	,	91	,	8	>
<74	,	5	,	7	,	8	,	91	,	0	>
<75	,	5	,	9	,	2	,	98	,	0	>
<76	,	5	,	9	,	5	,	98	,	9	>
<77	,	5	,	9	,	8	,	98	,	0	>
<78	,	6	,	1	,	2	,	78	,	0	>
<79	,	6	,	1	,	6	,	78	,	7	>
<80	,	6	,	1	,	8	,	78	,	0	>
<81	,	6	,	2	,	2	,	66	,	0	>
<82	,	6	,	2	,	6	,	66	,	6	>
<83	,	6	,	2	,	8	,	66	,	0	>
<84	,	6	,	4	,	2	,	47	,	0	>
<85	,	6	,	4	,	6	,	47	,	4	>
<86	,	6	,	4	,	8	,	47	,	0	>
<87	,	6	,	5	,	2	,	58	,	0	>
<88	,	6	,	5	,	6	,	58	,	5	>
<89	,	6	,	5	,	8	,	58	,	0	>
<90	,	6	,	6	,	2	,	61	,	0	>
<91	,	6	,	6	,	6	,	61	,	6	>
<92	,	6	,	6	,	8	,	61	,	0	>
<93	,	6	,	8	,	2	,	41	,	0	>
<94	,	6	,	8	,	6	,	41	,	4	>
<95	,	6	,	8	,	8	,	41	,	0	>
<96	,	7	,	3	,	1	,	37	,	0	>
<97	,	7	,	3	,	2	,	37	,	1	>
<98	,	7	,	3	,	3	,	37	,	0	>
<99	,	7	,	3	,	5	,	37	,	1	>
<100	,	7	,	3	,	6	,	37	,	0	>
<101	,	7	,	8	,	1	,	63	,	0	>
<102	,	7	,	8	,	2	,	63	,	2	>
<103	,	7	,	8	,	3	,	63	,	0	>
<104	,	7	,	8	,	5	,	63	,	2	>
<105	,	7	,	8	,	6	,	63	,	0	>
<106	,	7	,	9	,	1	,	65	,	0	>
<107	,	7	,	9	,	2	,	65	,	2	>
<108	,	7	,	9	,	3	,	65	,	0	>
<109	,	7	,	9	,	5	,	65	,	2	>
<110	,	7	,	9	,	6	,	65	,	0	>
<111	,	7	,	10	,	1	,	62	,	0	>
<112	,	7	,	10	,	2	,	62	,	2	>
<113	,	7	,	10	,	3	,	62	,	0	>
<114	,	7	,	10	,	5	,	62	,	2	>
<115	,	7	,	10	,	6	,	62	,	0	>
<116	,	8	,	2	,	2	,	78	,	0	>
<117	,	8	,	2	,	5	,	78	,	4	>
<118	,	8	,	2	,	7	,	78	,	0	>
<119	,	8	,	2	,	8	,	78	,	4	>
<120	,	8	,	3	,	2	,	90	,	0	>
<121	,	8	,	3	,	5	,	90	,	5	>
<122	,	8	,	3	,	7	,	90	,	0	>
<123	,	8	,	3	,	8	,	90	,	5	>
<124	,	8	,	4	,	2	,	83	,	0	>
<125	,	8	,	4	,	5	,	83	,	4	>
<126	,	8	,	4	,	7	,	83	,	0	>
<127	,	8	,	4	,	8	,	83	,	4	>
<128	,	8	,	6	,	2	,	92	,	0	>
<129	,	8	,	6	,	5	,	92	,	5	>
<130	,	8	,	6	,	7	,	92	,	0	>
<131	,	8	,	6	,	8	,	92	,	5	>
<132	,	8	,	7	,	2	,	80	,	0	>
<133	,	8	,	7	,	5	,	80	,	4	>
<134	,	8	,	7	,	7	,	80	,	0	>
<135	,	8	,	7	,	8	,	80	,	4	>
<136	,	8	,	8	,	2	,	79	,	0	>
<137	,	8	,	8	,	5	,	79	,	4	>
<138	,	8	,	8	,	7	,	79	,	0	>
<139	,	8	,	8	,	8	,	79	,	4	>
<140	,	9	,	1	,	1	,	27	,	0	>
<141	,	9	,	1	,	2	,	27	,	1	>
<142	,	9	,	1	,	4	,	27	,	0	>
<143	,	9	,	1	,	7	,	27	,	1	>
<144	,	9	,	1	,	8	,	27	,	0	>
<145	,	9	,	2	,	1	,	65	,	0	>
<146	,	9	,	2	,	2	,	65	,	2	>
<147	,	9	,	2	,	4	,	65	,	0	>
<148	,	9	,	2	,	7	,	65	,	2	>
<149	,	9	,	2	,	8	,	65	,	0	>
<150	,	9	,	5	,	1	,	27	,	0	>
<151	,	9	,	5	,	2	,	27	,	1	>
<152	,	9	,	5	,	4	,	27	,	0	>
<153	,	9	,	5	,	7	,	27	,	1	>
<154	,	9	,	5	,	8	,	27	,	0	>
<155	,	9	,	8	,	1	,	42	,	0	>
<156	,	9	,	8	,	2	,	42	,	1	>
<157	,	9	,	8	,	4	,	42	,	0	>
<158	,	9	,	8	,	7	,	42	,	1	>
<159	,	9	,	8	,	8	,	42	,	0	>
<160	,	9	,	10	,	1	,	33	,	0	>
<161	,	9	,	10	,	2	,	33	,	1	>
<162	,	9	,	10	,	4	,	33	,	0	>
<163	,	9	,	10	,	7	,	33	,	1	>
<164	,	9	,	10	,	8	,	33	,	0	>
<165	,	10	,	1	,	2	,	92	,	0	>
<166	,	10	,	1	,	3	,	92	,	3	>
<167	,	10	,	1	,	4	,	92	,	0	>
<168	,	10	,	1	,	5	,	92	,	3	>
<169	,	10	,	1	,	8	,	92	,	0	>
<170	,	10	,	5	,	2	,	92	,	0	>
<171	,	10	,	5	,	3	,	92	,	3	>
<172	,	10	,	5	,	4	,	92	,	0	>
<173	,	10	,	5	,	5	,	92	,	3	>
<174	,	10	,	5	,	8	,	92	,	0	>
<175	,	10	,	6	,	2	,	91	,	0	>
<176	,	10	,	6	,	3	,	91	,	3	>
<177	,	10	,	6	,	4	,	91	,	0	>
<178	,	10	,	6	,	5	,	91	,	3	>
<179	,	10	,	6	,	8	,	91	,	0	>
<180	,	11	,	1	,	1	,	44	,	0	>
<181	,	11	,	1	,	2	,	44	,	2	>
<182	,	11	,	1	,	3	,	44	,	0	>
<183	,	11	,	1	,	8	,	44	,	2	>
<184	,	11	,	3	,	1	,	39	,	0	>
<185	,	11	,	3	,	2	,	39	,	2	>
<186	,	11	,	3	,	3	,	39	,	0	>
<187	,	11	,	3	,	8	,	39	,	2	>
<188	,	11	,	7	,	1	,	47	,	0	>
<189	,	11	,	7	,	2	,	47	,	2	>
<190	,	11	,	7	,	3	,	47	,	0	>
<191	,	11	,	7	,	8	,	47	,	2	>
<192	,	11	,	8	,	1	,	22	,	0	>
<193	,	11	,	8	,	2	,	22	,	1	>
<194	,	11	,	8	,	3	,	22	,	0	>
<195	,	11	,	8	,	8	,	22	,	1	>
<196	,	11	,	9	,	1	,	65	,	0	>
<197	,	11	,	9	,	2	,	65	,	3	>
<198	,	11	,	9	,	3	,	65	,	0	>
<199	,	11	,	9	,	8	,	65	,	3	>
<200	,	12	,	1	,	2	,	89	,	0	>
<201	,	12	,	1	,	5	,	89	,	8	>
<202	,	12	,	1	,	6	,	89	,	0	>
<203	,	12	,	3	,	2	,	41	,	0	>
<204	,	12	,	3	,	5	,	41	,	4	>
<205	,	12	,	3	,	6	,	41	,	0	>
<206	,	12	,	5	,	2	,	85	,	0	>
<207	,	12	,	5	,	5	,	85	,	8	>
<208	,	12	,	5	,	6	,	85	,	0	>
<209	,	12	,	6	,	2	,	74	,	0	>
<210	,	12	,	6	,	5	,	74	,	7	>
<211	,	12	,	6	,	6	,	74	,	0	>
<212	,	13	,	6	,	1	,	67	,	0	>
<213	,	13	,	6	,	2	,	67	,	2	>
<214	,	13	,	6	,	3	,	67	,	0	>
<215	,	13	,	6	,	5	,	67	,	2	>
<216	,	13	,	6	,	6	,	67	,	0	>
<217	,	13	,	7	,	1	,	25	,	0	>
<218	,	13	,	7	,	2	,	25	,	1	>
<219	,	13	,	7	,	3	,	25	,	0	>
<220	,	13	,	7	,	5	,	25	,	1	>
<221	,	13	,	7	,	6	,	25	,	0	>
<222	,	13	,	8	,	1	,	54	,	0	>
<223	,	13	,	8	,	2	,	54	,	2	>
<224	,	13	,	8	,	3	,	54	,	0	>
<225	,	13	,	8	,	5	,	54	,	2	>
<226	,	13	,	8	,	6	,	54	,	0	>
<227	,	14	,	1	,	1	,	48	,	0	>
<228	,	14	,	1	,	3	,	48	,	3	>
<229	,	14	,	1	,	4	,	48	,	0	>
<230	,	14	,	1	,	7	,	48	,	3	>
<231	,	14	,	5	,	1	,	40	,	0	>
<232	,	14	,	5	,	3	,	40	,	2	>
<233	,	14	,	5	,	4	,	40	,	0	>
<234	,	14	,	5	,	7	,	40	,	2	>
<235	,	14	,	6	,	1	,	16	,	0	>
<236	,	14	,	6	,	3	,	16	,	1	>
<237	,	14	,	6	,	4	,	16	,	0	>
<238	,	14	,	6	,	7	,	16	,	1	>
<239	,	14	,	10	,	1	,	17	,	0	>
<240	,	14	,	10	,	3	,	17	,	1	>
<241	,	14	,	10	,	4	,	17	,	0	>
<242	,	14	,	10	,	7	,	17	,	1	>
<243	,	15	,	1	,	1	,	66	,	0	>
<244	,	15	,	1	,	3	,	66	,	2	>
<245	,	15	,	1	,	5	,	66	,	0	>
<246	,	15	,	1	,	6	,	66	,	2	>
<247	,	15	,	1	,	7	,	66	,	0	>
<248	,	15	,	2	,	1	,	37	,	0	>
<249	,	15	,	2	,	3	,	37	,	1	>
<250	,	15	,	2	,	5	,	37	,	0	>
<251	,	15	,	2	,	6	,	37	,	1	>
<252	,	15	,	2	,	7	,	37	,	0	>
<253	,	15	,	3	,	1	,	36	,	0	>
<254	,	15	,	3	,	3	,	36	,	1	>
<255	,	15	,	3	,	5	,	36	,	0	>
<256	,	15	,	3	,	6	,	36	,	1	>
<257	,	15	,	3	,	7	,	36	,	0	>
<258	,	15	,	4	,	1	,	25	,	0	>
<259	,	15	,	4	,	3	,	25	,	1	>
<260	,	15	,	4	,	5	,	25	,	0	>
<261	,	15	,	4	,	6	,	25	,	1	>
<262	,	15	,	4	,	7	,	25	,	0	>
<263	,	15	,	6	,	1	,	46	,	0	>
<264	,	15	,	6	,	3	,	46	,	1	>
<265	,	15	,	6	,	5	,	46	,	0	>
<266	,	15	,	6	,	6	,	46	,	1	>
<267	,	15	,	6	,	7	,	46	,	0	>
<268	,	15	,	10	,	1	,	43	,	0	>
<269	,	15	,	10	,	3	,	43	,	1	>
<270	,	15	,	10	,	5	,	43	,	0	>
<271	,	15	,	10	,	6	,	43	,	1	>
<272	,	15	,	10	,	7	,	43	,	0	>
<273	,	16	,	1	,	1	,	97	,	0	>
<274	,	16	,	1	,	3	,	97	,	5	>
<275	,	16	,	1	,	4	,	97	,	0	>
<276	,	16	,	1	,	6	,	97	,	5	>
<277	,	16	,	3	,	1	,	92	,	0	>
<278	,	16	,	3	,	3	,	92	,	5	>
<279	,	16	,	3	,	4	,	92	,	0	>
<280	,	16	,	3	,	6	,	92	,	5	>
<281	,	16	,	6	,	1	,	88	,	0	>
<282	,	16	,	6	,	3	,	88	,	5	>
<283	,	16	,	6	,	4	,	88	,	0	>
<284	,	16	,	6	,	6	,	88	,	5	>
<285	,	16	,	7	,	1	,	80	,	0	>
<286	,	16	,	7	,	3	,	80	,	4	>
<287	,	16	,	7	,	4	,	80	,	0	>
<288	,	16	,	7	,	6	,	80	,	4	>
<289	,	16	,	10	,	1	,	80	,	0	>
<290	,	16	,	10	,	3	,	80	,	4	>
<291	,	16	,	10	,	4	,	80	,	0	>
<292	,	16	,	10	,	6	,	80	,	4	>
<293	,	17	,	1	,	1	,	98	,	0	>
<294	,	17	,	1	,	2	,	98	,	3	>
<295	,	17	,	1	,	3	,	98	,	0	>
<296	,	17	,	1	,	5	,	98	,	3	>
<297	,	17	,	1	,	6	,	98	,	0	>
<298	,	17	,	2	,	1	,	96	,	0	>
<299	,	17	,	2	,	2	,	96	,	3	>
<300	,	17	,	2	,	3	,	96	,	0	>
<301	,	17	,	2	,	5	,	96	,	3	>
<302	,	17	,	2	,	6	,	96	,	0	>
<303	,	17	,	3	,	1	,	96	,	0	>
<304	,	17	,	3	,	2	,	96	,	3	>
<305	,	17	,	3	,	3	,	96	,	0	>
<306	,	17	,	3	,	5	,	96	,	3	>
<307	,	17	,	3	,	6	,	96	,	0	>
<308	,	17	,	5	,	1	,	98	,	0	>
<309	,	17	,	5	,	2	,	98	,	3	>
<310	,	17	,	5	,	3	,	98	,	0	>
<311	,	17	,	5	,	5	,	98	,	3	>
<312	,	17	,	5	,	6	,	98	,	0	>
<313	,	17	,	7	,	1	,	96	,	0	>
<314	,	17	,	7	,	2	,	96	,	3	>
<315	,	17	,	7	,	3	,	96	,	0	>
<316	,	17	,	7	,	5	,	96	,	3	>
<317	,	17	,	7	,	6	,	96	,	0	>
<318	,	17	,	10	,	1	,	97	,	0	>
<319	,	17	,	10	,	2	,	97	,	3	>
<320	,	17	,	10	,	3	,	97	,	0	>
<321	,	17	,	10	,	5	,	97	,	3	>
<322	,	17	,	10	,	6	,	97	,	0	>
<323	,	18	,	2	,	1	,	73	,	0	>
<324	,	18	,	2	,	2	,	73	,	2	>
<325	,	18	,	2	,	3	,	73	,	0	>
<326	,	18	,	2	,	7	,	73	,	2	>
<327	,	18	,	2	,	8	,	73	,	0	>
<328	,	18	,	5	,	1	,	76	,	0	>
<329	,	18	,	5	,	2	,	76	,	2	>
<330	,	18	,	5	,	3	,	76	,	0	>
<331	,	18	,	5	,	7	,	76	,	2	>
<332	,	18	,	5	,	8	,	76	,	0	>
<333	,	18	,	6	,	1	,	83	,	0	>
<334	,	18	,	6	,	2	,	83	,	2	>
<335	,	18	,	6	,	3	,	83	,	0	>
<336	,	18	,	6	,	7	,	83	,	2	>
<337	,	18	,	6	,	8	,	83	,	0	>
<338	,	18	,	7	,	1	,	87	,	0	>
<339	,	18	,	7	,	2	,	87	,	2	>
<340	,	18	,	7	,	3	,	87	,	0	>
<341	,	18	,	7	,	7	,	87	,	2	>
<342	,	18	,	7	,	8	,	87	,	0	>
<343	,	18	,	9	,	1	,	85	,	0	>
<344	,	18	,	9	,	2	,	85	,	2	>
<345	,	18	,	9	,	3	,	85	,	0	>
<346	,	18	,	9	,	7	,	85	,	2	>
<347	,	18	,	9	,	8	,	85	,	0	>
<348	,	19	,	5	,	1	,	11	,	0	>
<349	,	19	,	5	,	2	,	11	,	1	>
<350	,	19	,	5	,	3	,	11	,	0	>
<351	,	19	,	5	,	5	,	11	,	1	>
<352	,	19	,	6	,	1	,	24	,	0	>
<353	,	19	,	6	,	2	,	24	,	1	>
<354	,	19	,	6	,	3	,	24	,	0	>
<355	,	19	,	6	,	5	,	24	,	1	>
<356	,	19	,	7	,	1	,	29	,	0	>
<357	,	19	,	7	,	2	,	29	,	2	>
<358	,	19	,	7	,	3	,	29	,	0	>
<359	,	19	,	7	,	5	,	29	,	2	>
<360	,	19	,	9	,	1	,	10	,	0	>
<361	,	19	,	9	,	2	,	10	,	1	>
<362	,	19	,	9	,	3	,	10	,	0	>
<363	,	19	,	9	,	5	,	10	,	1	>
<364	,	19	,	10	,	1	,	14	,	0	>
<365	,	19	,	10	,	2	,	14	,	1	>
<366	,	19	,	10	,	3	,	14	,	0	>
<367	,	19	,	10	,	5	,	14	,	1	>
<368	,	20	,	2	,	4	,	53	,	0	>
<369	,	20	,	2	,	7	,	53	,	5	>
<370	,	20	,	2	,	8	,	53	,	0	>
<371	,	20	,	4	,	4	,	92	,	0	>
<372	,	20	,	4	,	7	,	92	,	9	>
<373	,	20	,	4	,	8	,	92	,	0	>
<374	,	20	,	7	,	4	,	55	,	0	>
<375	,	20	,	7	,	7	,	55	,	5	>
<376	,	20	,	7	,	8	,	55	,	0	>
<377	,	20	,	8	,	4	,	58	,	0	>
<378	,	20	,	8	,	7	,	58	,	5	>
<379	,	20	,	8	,	8	,	58	,	0	>
<380	,	20	,	10	,	4	,	37	,	0	>
<381	,	20	,	10	,	7	,	37	,	3	>
<382	,	20	,	10	,	8	,	37	,	0	>
<383	,	21	,	1	,	4	,	82	,	0	>
<384	,	21	,	1	,	7	,	82	,	8	>
<385	,	21	,	1	,	8	,	82	,	0	>
<386	,	21	,	2	,	4	,	75	,	0	>
<387	,	21	,	2	,	7	,	75	,	7	>
<388	,	21	,	2	,	8	,	75	,	0	>
<389	,	21	,	3	,	4	,	79	,	0	>
<390	,	21	,	3	,	7	,	79	,	7	>
<391	,	21	,	3	,	8	,	79	,	0	>
<392	,	21	,	5	,	4	,	93	,	0	>
<393	,	21	,	5	,	7	,	93	,	9	>
<394	,	21	,	5	,	8	,	93	,	0	>
<395	,	21	,	6	,	4	,	88	,	0	>
<396	,	21	,	6	,	7	,	88	,	8	>
<397	,	21	,	6	,	8	,	88	,	0	>
<398	,	21	,	7	,	4	,	71	,	0	>
<399	,	21	,	7	,	7	,	71	,	7	>
<400	,	21	,	7	,	8	,	71	,	0	>
<401	,	21	,	10	,	4	,	73	,	0	>
<402	,	21	,	10	,	7	,	73	,	7	>
<403	,	21	,	10	,	8	,	73	,	0	>
<404	,	22	,	1	,	3	,	99	,	0	>
<405	,	22	,	1	,	4	,	99	,	5	>
<406	,	22	,	1	,	7	,	99	,	0	>
<407	,	22	,	1	,	8	,	99	,	5	>
<408	,	22	,	2	,	3	,	89	,	0	>
<409	,	22	,	2	,	4	,	89	,	5	>
<410	,	22	,	2	,	7	,	89	,	0	>
<411	,	22	,	2	,	8	,	89	,	5	>
<412	,	22	,	4	,	3	,	97	,	0	>
<413	,	22	,	4	,	4	,	97	,	5	>
<414	,	22	,	4	,	7	,	97	,	0	>
<415	,	22	,	4	,	8	,	97	,	5	>
<416	,	22	,	7	,	3	,	95	,	0	>
<417	,	22	,	7	,	4	,	95	,	5	>
<418	,	22	,	7	,	7	,	95	,	0	>
<419	,	22	,	7	,	8	,	95	,	5	>
<420	,	22	,	8	,	3	,	94	,	0	>
<421	,	22	,	8	,	4	,	94	,	5	>
<422	,	22	,	8	,	7	,	94	,	0	>
<423	,	22	,	8	,	8	,	94	,	5	>
<424	,	22	,	9	,	3	,	97	,	0	>
<425	,	22	,	9	,	4	,	97	,	5	>
<426	,	22	,	9	,	7	,	97	,	0	>
<427	,	22	,	9	,	8	,	97	,	5	>
<428	,	23	,	6	,	3	,	89	,	0	>
<429	,	23	,	6	,	4	,	89	,	5	>
<430	,	23	,	6	,	6	,	89	,	0	>
<431	,	23	,	6	,	7	,	89	,	5	>
<432	,	23	,	7	,	3	,	38	,	0	>
<433	,	23	,	7	,	4	,	38	,	2	>
<434	,	23	,	7	,	6	,	38	,	0	>
<435	,	23	,	7	,	7	,	38	,	2	>
<436	,	23	,	8	,	3	,	37	,	0	>
<437	,	23	,	8	,	4	,	37	,	2	>
<438	,	23	,	8	,	6	,	37	,	0	>
<439	,	23	,	8	,	7	,	37	,	2	>
<440	,	24	,	3	,	2	,	99	,	0	>
<441	,	24	,	3	,	4	,	99	,	9	>
<442	,	24	,	3	,	7	,	99	,	0	>
<443	,	24	,	7	,	2	,	98	,	0	>
<444	,	24	,	7	,	4	,	98	,	9	>
<445	,	24	,	7	,	7	,	98	,	0	>
<446	,	24	,	9	,	2	,	96	,	0	>
<447	,	24	,	9	,	4	,	96	,	9	>
<448	,	24	,	9	,	7	,	96	,	0	>
<449	,	25	,	3	,	1	,	24	,	0	>
<450	,	25	,	3	,	2	,	24	,	1	>
<451	,	25	,	3	,	5	,	24	,	0	>
<452	,	25	,	3	,	6	,	24	,	1	>
<453	,	25	,	3	,	8	,	24	,	0	>
<454	,	25	,	4	,	1	,	34	,	0	>
<455	,	25	,	4	,	2	,	34	,	1	>
<456	,	25	,	4	,	5	,	34	,	0	>
<457	,	25	,	4	,	6	,	34	,	1	>
<458	,	25	,	4	,	8	,	34	,	0	>
<459	,	25	,	6	,	1	,	13	,	0	>
<460	,	25	,	6	,	2	,	13	,	0	>
<461	,	25	,	6	,	5	,	13	,	0	>
<462	,	25	,	6	,	6	,	13	,	0	>
<463	,	25	,	6	,	8	,	13	,	0	>
<464	,	25	,	8	,	1	,	35	,	0	>
<465	,	25	,	8	,	2	,	35	,	1	>
<466	,	25	,	8	,	5	,	35	,	0	>
<467	,	25	,	8	,	6	,	35	,	1	>
<468	,	25	,	8	,	8	,	35	,	0	>
<469	,	25	,	9	,	1	,	37	,	0	>
<470	,	25	,	9	,	2	,	37	,	1	>
<471	,	25	,	9	,	5	,	37	,	0	>
<472	,	25	,	9	,	6	,	37	,	1	>
<473	,	25	,	9	,	8	,	37	,	0	>
<474	,	26	,	2	,	1	,	59	,	0	>
<475	,	26	,	2	,	3	,	59	,	2	>
<476	,	26	,	2	,	5	,	59	,	0	>
<477	,	26	,	2	,	7	,	59	,	2	>
<478	,	26	,	2	,	8	,	59	,	0	>
<479	,	26	,	4	,	1	,	96	,	0	>
<480	,	26	,	4	,	3	,	96	,	3	>
<481	,	26	,	4	,	5	,	96	,	0	>
<482	,	26	,	4	,	7	,	96	,	3	>
<483	,	26	,	4	,	8	,	96	,	0	>
<484	,	26	,	5	,	1	,	95	,	0	>
<485	,	26	,	5	,	3	,	95	,	3	>
<486	,	26	,	5	,	5	,	95	,	0	>
<487	,	26	,	5	,	7	,	95	,	3	>
<488	,	26	,	5	,	8	,	95	,	0	>
<489	,	26	,	9	,	1	,	51	,	0	>
<490	,	26	,	9	,	3	,	51	,	1	>
<491	,	26	,	9	,	5	,	51	,	0	>
<492	,	26	,	9	,	7	,	51	,	1	>
<493	,	26	,	9	,	8	,	51	,	0	>
<494	,	27	,	2	,	1	,	96	,	0	>
<495	,	27	,	2	,	3	,	96	,	3	>
<496	,	27	,	2	,	5	,	96	,	0	>
<497	,	27	,	2	,	6	,	96	,	3	>
<498	,	27	,	2	,	8	,	96	,	0	>
<499	,	27	,	5	,	1	,	94	,	0	>
<500	,	27	,	5	,	3	,	94	,	3	>
<501	,	27	,	5	,	5	,	94	,	0	>
<502	,	27	,	5	,	6	,	94	,	3	>
<503	,	27	,	5	,	8	,	94	,	0	>
<504	,	27	,	9	,	1	,	94	,	0	>
<505	,	27	,	9	,	3	,	94	,	3	>
<506	,	27	,	9	,	5	,	94	,	0	>
<507	,	27	,	9	,	6	,	94	,	3	>
<508	,	27	,	9	,	8	,	94	,	0	>
<509	,	28	,	2	,	2	,	28	,	0	>
<510	,	28	,	2	,	3	,	28	,	1	>
<511	,	28	,	2	,	4	,	28	,	0	>
<512	,	28	,	2	,	6	,	28	,	1	>
<513	,	28	,	4	,	2	,	78	,	0	>
<514	,	28	,	4	,	3	,	78	,	4	>
<515	,	28	,	4	,	4	,	78	,	0	>
<516	,	28	,	4	,	6	,	78	,	4	>
<517	,	28	,	6	,	2	,	35	,	0	>
<518	,	28	,	6	,	3	,	35	,	2	>
<519	,	28	,	6	,	4	,	35	,	0	>
<520	,	28	,	6	,	6	,	35	,	2	>
<521	,	28	,	7	,	2	,	52	,	0	>
<522	,	28	,	7	,	3	,	52	,	3	>
<523	,	28	,	7	,	4	,	52	,	0	>
<524	,	28	,	7	,	6	,	52	,	3	>
<525	,	28	,	10	,	2	,	84	,	0	>
<526	,	28	,	10	,	3	,	84	,	4	>
<527	,	28	,	10	,	4	,	84	,	0	>
<528	,	28	,	10	,	6	,	84	,	4	>
<529	,	29	,	1	,	1	,	89	,	0	>
<530	,	29	,	1	,	3	,	89	,	5	>
<531	,	29	,	1	,	6	,	89	,	0	>
<532	,	29	,	1	,	7	,	89	,	5	>
<533	,	29	,	3	,	1	,	89	,	0	>
<534	,	29	,	3	,	3	,	89	,	5	>
<535	,	29	,	3	,	6	,	89	,	0	>
<536	,	29	,	3	,	7	,	89	,	5	>
<537	,	29	,	5	,	1	,	86	,	0	>
<538	,	29	,	5	,	3	,	86	,	5	>
<539	,	29	,	5	,	6	,	86	,	0	>
<540	,	29	,	5	,	7	,	86	,	5	>
<541	,	29	,	7	,	1	,	80	,	0	>
<542	,	29	,	7	,	3	,	80	,	4	>
<543	,	29	,	7	,	6	,	80	,	0	>
<544	,	29	,	7	,	7	,	80	,	4	>
<545	,	29	,	8	,	1	,	77	,	0	>
<546	,	29	,	8	,	3	,	77	,	4	>
<547	,	29	,	8	,	6	,	77	,	0	>
<548	,	29	,	8	,	7	,	77	,	4	>
<549	,	29	,	10	,	1	,	89	,	0	>
<550	,	29	,	10	,	3	,	89	,	5	>
<551	,	29	,	10	,	6	,	89	,	0	>
<552	,	29	,	10	,	7	,	89	,	5	>
<553	,	30	,	2	,	1	,	39	,	0	>
<554	,	30	,	2	,	2	,	39	,	2	>
<555	,	30	,	2	,	4	,	39	,	0	>
<556	,	30	,	2	,	5	,	39	,	2	>
<557	,	30	,	3	,	1	,	15	,	0	>
<558	,	30	,	3	,	2	,	15	,	1	>
<559	,	30	,	3	,	4	,	15	,	0	>
<560	,	30	,	3	,	5	,	15	,	1	>
<561	,	30	,	4	,	1	,	20	,	0	>
<562	,	30	,	4	,	2	,	20	,	1	>
<563	,	30	,	4	,	4	,	20	,	0	>
<564	,	30	,	4	,	5	,	20	,	1	>
<565	,	30	,	9	,	1	,	14	,	0	>
<566	,	30	,	9	,	2	,	14	,	1	>
<567	,	30	,	9	,	4	,	14	,	0	>
<568	,	30	,	9	,	5	,	14	,	1	>
<569	,	31	,	1	,	2	,	73	,	0	>
<570	,	31	,	1	,	5	,	73	,	7	>
<571	,	31	,	1	,	8	,	73	,	0	>
<572	,	31	,	2	,	2	,	90	,	0	>
<573	,	31	,	2	,	5	,	90	,	8	>
<574	,	31	,	2	,	8	,	90	,	0	>
<575	,	31	,	3	,	2	,	75	,	0	>
<576	,	31	,	3	,	5	,	75	,	7	>
<577	,	31	,	3	,	8	,	75	,	0	>
<578	,	31	,	4	,	2	,	92	,	0	>
<579	,	31	,	4	,	5	,	92	,	9	>
<580	,	31	,	4	,	8	,	92	,	0	>
<581	,	31	,	5	,	2	,	90	,	0	>
<582	,	31	,	5	,	5	,	90	,	8	>
<583	,	31	,	5	,	8	,	90	,	0	>
<584	,	31	,	9	,	2	,	74	,	0	>
<585	,	31	,	9	,	5	,	74	,	7	>
<586	,	31	,	9	,	8	,	74	,	0	>
<587	,	32	,	1	,	2	,	8	,	0	>
<588	,	32	,	1	,	3	,	8	,	1	>
<589	,	32	,	1	,	4	,	8	,	0	>
<590	,	32	,	3	,	2	,	21	,	0	>
<591	,	32	,	3	,	3	,	21	,	2	>
<592	,	32	,	3	,	4	,	21	,	0	>
<593	,	32	,	4	,	2	,	19	,	0	>
<594	,	32	,	4	,	3	,	19	,	2	>
<595	,	32	,	4	,	4	,	19	,	0	>
<596	,	32	,	5	,	2	,	15	,	0	>
<597	,	32	,	5	,	3	,	15	,	1	>
<598	,	32	,	5	,	4	,	15	,	0	>
<599	,	32	,	6	,	2	,	20	,	0	>
<600	,	32	,	6	,	3	,	20	,	2	>
<601	,	32	,	6	,	4	,	20	,	0	>
<602	,	33	,	3	,	1	,	80	,	0	>
<603	,	33	,	3	,	3	,	80	,	2	>
<604	,	33	,	3	,	4	,	80	,	0	>
<605	,	33	,	3	,	6	,	80	,	2	>
<606	,	33	,	3	,	7	,	80	,	0	>
<607	,	33	,	6	,	1	,	28	,	0	>
<608	,	33	,	6	,	3	,	28	,	1	>
<609	,	33	,	6	,	4	,	28	,	0	>
<610	,	33	,	6	,	6	,	28	,	1	>
<611	,	33	,	6	,	7	,	28	,	0	>
<612	,	33	,	7	,	1	,	67	,	0	>
<613	,	33	,	7	,	3	,	67	,	2	>
<614	,	33	,	7	,	4	,	67	,	0	>
<615	,	33	,	7	,	6	,	67	,	2	>
<616	,	33	,	7	,	7	,	67	,	0	>
<617	,	33	,	9	,	1	,	37	,	0	>
<618	,	33	,	9	,	3	,	37	,	1	>
<619	,	33	,	9	,	4	,	37	,	0	>
<620	,	33	,	9	,	6	,	37	,	1	>
<621	,	33	,	9	,	7	,	37	,	0	>
<622	,	34	,	3	,	1	,	28	,	0	>
<623	,	34	,	3	,	2	,	28	,	1	>
<624	,	34	,	3	,	4	,	28	,	0	>
<625	,	34	,	3	,	6	,	28	,	1	>
<626	,	34	,	3	,	7	,	28	,	0	>
<627	,	34	,	4	,	1	,	74	,	0	>
<628	,	34	,	4	,	2	,	74	,	2	>
<629	,	34	,	4	,	4	,	74	,	0	>
<630	,	34	,	4	,	6	,	74	,	2	>
<631	,	34	,	4	,	7	,	74	,	0	>
<632	,	34	,	8	,	1	,	49	,	0	>
<633	,	34	,	8	,	2	,	49	,	1	>
<634	,	34	,	8	,	4	,	49	,	0	>
<635	,	34	,	8	,	6	,	49	,	1	>
<636	,	34	,	8	,	7	,	49	,	0	>
<637	,	34	,	9	,	1	,	63	,	0	>
<638	,	34	,	9	,	2	,	63	,	2	>
<639	,	34	,	9	,	4	,	63	,	0	>
<640	,	34	,	9	,	6	,	63	,	2	>
<641	,	34	,	9	,	7	,	63	,	0	>
<642	,	34	,	10	,	1	,	52	,	0	>
<643	,	34	,	10	,	2	,	52	,	1	>
<644	,	34	,	10	,	4	,	52	,	0	>
<645	,	34	,	10	,	6	,	52	,	1	>
<646	,	34	,	10	,	7	,	52	,	0	>
<647	,	35	,	1	,	1	,	65	,	0	>
<648	,	35	,	1	,	3	,	65	,	6	>
<649	,	35	,	1	,	4	,	65	,	0	>
<650	,	35	,	2	,	1	,	41	,	0	>
<651	,	35	,	2	,	3	,	41	,	4	>
<652	,	35	,	2	,	4	,	41	,	0	>
<653	,	35	,	3	,	1	,	75	,	0	>
<654	,	35	,	3	,	3	,	75	,	7	>
<655	,	35	,	3	,	4	,	75	,	0	>
<656	,	35	,	6	,	1	,	60	,	0	>
<657	,	35	,	6	,	3	,	60	,	6	>
<658	,	35	,	6	,	4	,	60	,	0	>
<659	,	35	,	7	,	1	,	80	,	0	>
<660	,	35	,	7	,	3	,	80	,	7	>
<661	,	35	,	7	,	4	,	80	,	0	>
<662	,	35	,	9	,	1	,	79	,	0	>
<663	,	35	,	9	,	3	,	79	,	7	>
<664	,	35	,	9	,	4	,	79	,	0	>
<665	,	36	,	1	,	1	,	97	,	0	>
<666	,	36	,	1	,	3	,	97	,	5	>
<667	,	36	,	1	,	7	,	97	,	0	>
<668	,	36	,	1	,	8	,	97	,	5	>
<669	,	36	,	3	,	1	,	98	,	0	>
<670	,	36	,	3	,	3	,	98	,	5	>
<671	,	36	,	3	,	7	,	98	,	0	>
<672	,	36	,	3	,	8	,	98	,	5	>
<673	,	36	,	7	,	1	,	96	,	0	>
<674	,	36	,	7	,	3	,	96	,	5	>
<675	,	36	,	7	,	7	,	96	,	0	>
<676	,	36	,	7	,	8	,	96	,	5	>
<677	,	36	,	8	,	1	,	96	,	0	>
<678	,	36	,	8	,	3	,	96	,	5	>
<679	,	36	,	8	,	7	,	96	,	0	>
<680	,	36	,	8	,	8	,	96	,	5	>
<681	,	37	,	2	,	2	,	12	,	0	>
<682	,	37	,	2	,	4	,	12	,	1	>
<683	,	37	,	2	,	6	,	12	,	0	>
<684	,	37	,	2	,	7	,	12	,	1	>
<685	,	37	,	4	,	2	,	11	,	0	>
<686	,	37	,	4	,	4	,	11	,	1	>
<687	,	37	,	4	,	6	,	11	,	0	>
<688	,	37	,	4	,	7	,	11	,	1	>
<689	,	37	,	5	,	2	,	28	,	0	>
<690	,	37	,	5	,	4	,	28	,	1	>
<691	,	37	,	5	,	6	,	28	,	0	>
<692	,	37	,	5	,	7	,	28	,	1	>
<693	,	37	,	8	,	2	,	32	,	0	>
<694	,	37	,	8	,	4	,	32	,	2	>
<695	,	37	,	8	,	6	,	32	,	0	>
<696	,	37	,	8	,	7	,	32	,	2	>
<697	,	38	,	2	,	1	,	29	,	0	>
<698	,	38	,	2	,	4	,	29	,	1	>
<699	,	38	,	2	,	5	,	29	,	0	>
<700	,	38	,	2	,	6	,	29	,	1	>
<701	,	38	,	2	,	8	,	29	,	0	>
<702	,	38	,	3	,	1	,	63	,	0	>
<703	,	38	,	3	,	4	,	63	,	2	>
<704	,	38	,	3	,	5	,	63	,	0	>
<705	,	38	,	3	,	6	,	63	,	2	>
<706	,	38	,	3	,	8	,	63	,	0	>
<707	,	38	,	4	,	1	,	84	,	0	>
<708	,	38	,	4	,	4	,	84	,	2	>
<709	,	38	,	4	,	5	,	84	,	0	>
<710	,	38	,	4	,	6	,	84	,	2	>
<711	,	38	,	4	,	8	,	84	,	0	>
<712	,	38	,	7	,	1	,	29	,	0	>
<713	,	38	,	7	,	4	,	29	,	1	>
<714	,	38	,	7	,	5	,	29	,	0	>
<715	,	38	,	7	,	6	,	29	,	1	>
<716	,	38	,	7	,	8	,	29	,	0	>
<717	,	38	,	8	,	1	,	30	,	0	>
<718	,	38	,	8	,	4	,	30	,	1	>
<719	,	38	,	8	,	5	,	30	,	0	>
<720	,	38	,	8	,	6	,	30	,	1	>
<721	,	38	,	8	,	8	,	30	,	0	>
<722	,	38	,	9	,	1	,	39	,	0	>
<723	,	38	,	9	,	4	,	39	,	1	>
<724	,	38	,	9	,	5	,	39	,	0	>
<725	,	38	,	9	,	6	,	39	,	1	>
<726	,	38	,	9	,	8	,	39	,	0	>
<727	,	38	,	10	,	1	,	65	,	0	>
<728	,	38	,	10	,	4	,	65	,	2	>
<729	,	38	,	10	,	5	,	65	,	0	>
<730	,	38	,	10	,	6	,	65	,	2	>
<731	,	38	,	10	,	8	,	65	,	0	>
<732	,	39	,	2	,	1	,	89	,	0	>
<733	,	39	,	2	,	2	,	89	,	5	>
<734	,	39	,	2	,	5	,	89	,	0	>
<735	,	39	,	2	,	8	,	89	,	5	>
<736	,	39	,	5	,	1	,	87	,	0	>
<737	,	39	,	5	,	2	,	87	,	5	>
<738	,	39	,	5	,	5	,	87	,	0	>
<739	,	39	,	5	,	8	,	87	,	5	>
<740	,	39	,	7	,	1	,	88	,	0	>
<741	,	39	,	7	,	2	,	88	,	5	>
<742	,	39	,	7	,	5	,	88	,	0	>
<743	,	39	,	7	,	8	,	88	,	5	>
<744	,	39	,	9	,	1	,	99	,	0	>
<745	,	39	,	9	,	2	,	99	,	5	>
<746	,	39	,	9	,	5	,	99	,	0	>
<747	,	39	,	9	,	8	,	99	,	5	>
<748	,	40	,	2	,	2	,	99	,	0	>
<749	,	40	,	2	,	3	,	99	,	3	>
<750	,	40	,	2	,	4	,	99	,	0	>
<751	,	40	,	2	,	5	,	99	,	3	>
<752	,	40	,	2	,	6	,	99	,	0	>
<753	,	40	,	3	,	2	,	93	,	0	>
<754	,	40	,	3	,	3	,	93	,	3	>
<755	,	40	,	3	,	4	,	93	,	0	>
<756	,	40	,	3	,	5	,	93	,	3	>
<757	,	40	,	3	,	6	,	93	,	0	>
<758	,	40	,	5	,	2	,	92	,	0	>
<759	,	40	,	5	,	3	,	92	,	3	>
<760	,	40	,	5	,	4	,	92	,	0	>
<761	,	40	,	5	,	5	,	92	,	3	>
<762	,	40	,	5	,	6	,	92	,	0	>
<763	,	40	,	6	,	2	,	94	,	0	>
<764	,	40	,	6	,	3	,	94	,	3	>
<765	,	40	,	6	,	4	,	94	,	0	>
<766	,	40	,	6	,	5	,	94	,	3	>
<767	,	40	,	6	,	6	,	94	,	0	>
<768	,	40	,	8	,	2	,	97	,	0	>
<769	,	40	,	8	,	3	,	97	,	3	>
<770	,	40	,	8	,	4	,	97	,	0	>
<771	,	40	,	8	,	5	,	97	,	3	>
<772	,	40	,	8	,	6	,	97	,	0	>
<773	,	40	,	9	,	2	,	99	,	0	>
<774	,	40	,	9	,	3	,	99	,	3	>
<775	,	40	,	9	,	4	,	99	,	0	>
<776	,	40	,	9	,	5	,	99	,	3	>
<777	,	40	,	9	,	6	,	99	,	0	>
<778	,	41	,	1	,	1	,	95	,	0	>
<779	,	41	,	1	,	2	,	95	,	3	>
<780	,	41	,	1	,	3	,	95	,	0	>
<781	,	41	,	1	,	4	,	95	,	3	>
<782	,	41	,	1	,	8	,	95	,	0	>
<783	,	41	,	2	,	1	,	96	,	0	>
<784	,	41	,	2	,	2	,	96	,	3	>
<785	,	41	,	2	,	3	,	96	,	0	>
<786	,	41	,	2	,	4	,	96	,	3	>
<787	,	41	,	2	,	8	,	96	,	0	>
<788	,	41	,	4	,	1	,	60	,	0	>
<789	,	41	,	4	,	2	,	60	,	2	>
<790	,	41	,	4	,	3	,	60	,	0	>
<791	,	41	,	4	,	4	,	60	,	2	>
<792	,	41	,	4	,	8	,	60	,	0	>
<793	,	41	,	5	,	1	,	54	,	0	>
<794	,	41	,	5	,	2	,	54	,	2	>
<795	,	41	,	5	,	3	,	54	,	0	>
<796	,	41	,	5	,	4	,	54	,	2	>
<797	,	41	,	5	,	8	,	54	,	0	>
<798	,	41	,	7	,	1	,	47	,	0	>
<799	,	41	,	7	,	2	,	47	,	1	>
<800	,	41	,	7	,	3	,	47	,	0	>
<801	,	41	,	7	,	4	,	47	,	1	>
<802	,	41	,	7	,	8	,	47	,	0	>
<803	,	41	,	8	,	1	,	65	,	0	>
<804	,	41	,	8	,	2	,	65	,	2	>
<805	,	41	,	8	,	3	,	65	,	0	>
<806	,	41	,	8	,	4	,	65	,	2	>
<807	,	41	,	8	,	8	,	65	,	0	>
<808	,	42	,	1	,	1	,	44	,	0	>
<809	,	42	,	1	,	3	,	44	,	2	>
<810	,	42	,	1	,	4	,	44	,	0	>
<811	,	42	,	1	,	5	,	44	,	2	>
<812	,	42	,	3	,	1	,	80	,	0	>
<813	,	42	,	3	,	3	,	80	,	4	>
<814	,	42	,	3	,	4	,	80	,	0	>
<815	,	42	,	3	,	5	,	80	,	4	>
<816	,	42	,	4	,	1	,	45	,	0	>
<817	,	42	,	4	,	3	,	45	,	2	>
<818	,	42	,	4	,	4	,	45	,	0	>
<819	,	42	,	4	,	5	,	45	,	2	>
<820	,	42	,	5	,	1	,	92	,	0	>
<821	,	42	,	5	,	3	,	92	,	5	>
<822	,	42	,	5	,	4	,	92	,	0	>
<823	,	42	,	5	,	5	,	92	,	5	>
<824	,	42	,	7	,	1	,	73	,	0	>
<825	,	42	,	7	,	3	,	73	,	4	>
<826	,	42	,	7	,	4	,	73	,	0	>
<827	,	42	,	7	,	5	,	73	,	4	>
<828	,	42	,	9	,	1	,	64	,	0	>
<829	,	42	,	9	,	3	,	64	,	3	>
<830	,	42	,	9	,	4	,	64	,	0	>
<831	,	42	,	9	,	5	,	64	,	3	>
<832	,	42	,	10	,	1	,	77	,	0	>
<833	,	42	,	10	,	3	,	77	,	4	>
<834	,	42	,	10	,	4	,	77	,	0	>
<835	,	42	,	10	,	5	,	77	,	4	>
<836	,	43	,	3	,	2	,	67	,	0	>
<837	,	43	,	3	,	5	,	67	,	2	>
<838	,	43	,	3	,	6	,	67	,	0	>
<839	,	43	,	3	,	7	,	67	,	2	>
<840	,	43	,	3	,	8	,	67	,	0	>
<841	,	43	,	7	,	2	,	94	,	0	>
<842	,	43	,	7	,	5	,	94	,	3	>
<843	,	43	,	7	,	6	,	94	,	0	>
<844	,	43	,	7	,	7	,	94	,	3	>
<845	,	43	,	7	,	8	,	94	,	0	>
<846	,	43	,	9	,	2	,	42	,	0	>
<847	,	43	,	9	,	5	,	42	,	1	>
<848	,	43	,	9	,	6	,	42	,	0	>
<849	,	43	,	9	,	7	,	42	,	1	>
<850	,	43	,	9	,	8	,	42	,	0	>
<851	,	43	,	10	,	2	,	83	,	0	>
<852	,	43	,	10	,	5	,	83	,	2	>
<853	,	43	,	10	,	6	,	83	,	0	>
<854	,	43	,	10	,	7	,	83	,	2	>
<855	,	43	,	10	,	8	,	83	,	0	>
<856	,	44	,	3	,	3	,	94	,	0	>
<857	,	44	,	3	,	4	,	94	,	3	>
<858	,	44	,	3	,	5	,	94	,	0	>
<859	,	44	,	3	,	6	,	94	,	3	>
<860	,	44	,	3	,	7	,	94	,	0	>
<861	,	44	,	4	,	3	,	85	,	0	>
<862	,	44	,	4	,	4	,	85	,	2	>
<863	,	44	,	4	,	5	,	85	,	0	>
<864	,	44	,	4	,	6	,	85	,	2	>
<865	,	44	,	4	,	7	,	85	,	0	>
<866	,	44	,	9	,	3	,	95	,	0	>
<867	,	44	,	9	,	4	,	95	,	3	>
<868	,	44	,	9	,	5	,	95	,	0	>
<869	,	44	,	9	,	6	,	95	,	3	>
<870	,	44	,	9	,	7	,	95	,	0	>
<871	,	45	,	3	,	1	,	32	,	0	>
<872	,	45	,	3	,	2	,	32	,	1	>
<873	,	45	,	3	,	4	,	32	,	0	>
<874	,	45	,	3	,	5	,	32	,	1	>
<875	,	45	,	3	,	8	,	32	,	0	>
<876	,	45	,	4	,	1	,	37	,	0	>
<877	,	45	,	4	,	2	,	37	,	1	>
<878	,	45	,	4	,	4	,	37	,	0	>
<879	,	45	,	4	,	5	,	37	,	1	>
<880	,	45	,	4	,	8	,	37	,	0	>
<881	,	45	,	5	,	1	,	39	,	0	>
<882	,	45	,	5	,	2	,	39	,	1	>
<883	,	45	,	5	,	4	,	39	,	0	>
<884	,	45	,	5	,	5	,	39	,	1	>
<885	,	45	,	5	,	8	,	39	,	0	>
<886	,	45	,	6	,	1	,	90	,	0	>
<887	,	45	,	6	,	2	,	90	,	3	>
<888	,	45	,	6	,	4	,	90	,	0	>
<889	,	45	,	6	,	5	,	90	,	3	>
<890	,	45	,	6	,	8	,	90	,	0	>
<891	,	45	,	9	,	1	,	59	,	0	>
<892	,	45	,	9	,	2	,	59	,	2	>
<893	,	45	,	9	,	4	,	59	,	0	>
<894	,	45	,	9	,	5	,	59	,	2	>
<895	,	45	,	9	,	8	,	59	,	0	>
<896	,	45	,	10	,	1	,	92	,	0	>
<897	,	45	,	10	,	2	,	92	,	3	>
<898	,	45	,	10	,	4	,	92	,	0	>
<899	,	45	,	10	,	5	,	92	,	3	>
<900	,	45	,	10	,	8	,	92	,	0	>
<901	,	46	,	3	,	1	,	62	,	0	>
<902	,	46	,	3	,	2	,	62	,	2	>
<903	,	46	,	3	,	5	,	62	,	0	>
<904	,	46	,	3	,	6	,	62	,	2	>
<905	,	46	,	3	,	7	,	62	,	0	>
<906	,	46	,	7	,	1	,	49	,	0	>
<907	,	46	,	7	,	2	,	49	,	1	>
<908	,	46	,	7	,	5	,	49	,	0	>
<909	,	46	,	7	,	6	,	49	,	1	>
<910	,	46	,	7	,	7	,	49	,	0	>
<911	,	46	,	10	,	1	,	57	,	0	>
<912	,	46	,	10	,	2	,	57	,	2	>
<913	,	46	,	10	,	5	,	57	,	0	>
<914	,	46	,	10	,	6	,	57	,	2	>
<915	,	46	,	10	,	7	,	57	,	0	>
<916	,	47	,	3	,	2	,	12	,	0	>
<917	,	47	,	3	,	6	,	12	,	1	>
<918	,	47	,	3	,	8	,	12	,	0	>
<919	,	47	,	5	,	2	,	31	,	0	>
<920	,	47	,	5	,	6	,	31	,	3	>
<921	,	47	,	5	,	8	,	31	,	0	>
<922	,	47	,	7	,	2	,	23	,	0	>
<923	,	47	,	7	,	6	,	23	,	2	>
<924	,	47	,	7	,	8	,	23	,	0	>
<925	,	48	,	1	,	2	,	28	,	0	>
<926	,	48	,	1	,	3	,	28	,	3	>
<927	,	48	,	1	,	4	,	28	,	0	>
<928	,	48	,	3	,	2	,	46	,	0	>
<929	,	48	,	3	,	3	,	46	,	4	>
<930	,	48	,	3	,	4	,	46	,	0	>
<931	,	48	,	4	,	2	,	84	,	0	>
<932	,	48	,	4	,	3	,	84	,	8	>
<933	,	48	,	4	,	4	,	84	,	0	>
<934	,	48	,	5	,	2	,	32	,	0	>
<935	,	48	,	5	,	3	,	32	,	3	>
<936	,	48	,	5	,	4	,	32	,	0	>
<937	,	48	,	6	,	2	,	59	,	0	>
<938	,	48	,	6	,	3	,	59	,	6	>
<939	,	48	,	6	,	4	,	59	,	0	>
<940	,	48	,	7	,	2	,	54	,	0	>
<941	,	48	,	7	,	3	,	54	,	5	>
<942	,	48	,	7	,	4	,	54	,	0	>
<943	,	49	,	1	,	3	,	52	,	0	>
<944	,	49	,	1	,	4	,	52	,	1	>
<945	,	49	,	1	,	5	,	52	,	0	>
<946	,	49	,	1	,	7	,	52	,	1	>
<947	,	49	,	1	,	8	,	52	,	0	>
<948	,	49	,	4	,	3	,	96	,	0	>
<949	,	49	,	4	,	4	,	96	,	3	>
<950	,	49	,	4	,	5	,	96	,	0	>
<951	,	49	,	4	,	7	,	96	,	3	>
<952	,	49	,	4	,	8	,	96	,	0	>
<953	,	49	,	5	,	3	,	92	,	0	>
<954	,	49	,	5	,	4	,	92	,	3	>
<955	,	49	,	5	,	5	,	92	,	0	>
<956	,	49	,	5	,	7	,	92	,	3	>
<957	,	49	,	5	,	8	,	92	,	0	>
<958	,	49	,	6	,	3	,	60	,	0	>
<959	,	49	,	6	,	4	,	60	,	2	>
<960	,	49	,	6	,	5	,	60	,	0	>
<961	,	49	,	6	,	7	,	60	,	2	>
<962	,	49	,	6	,	8	,	60	,	0	>
<963	,	49	,	7	,	3	,	82	,	0	>
<964	,	49	,	7	,	4	,	82	,	2	>
<965	,	49	,	7	,	5	,	82	,	0	>
<966	,	49	,	7	,	7	,	82	,	2	>
<967	,	49	,	7	,	8	,	82	,	0	>
<968	,	49	,	9	,	3	,	73	,	0	>
<969	,	49	,	9	,	4	,	73	,	2	>
<970	,	49	,	9	,	5	,	73	,	0	>
<971	,	49	,	9	,	7	,	73	,	2	>
<972	,	49	,	9	,	8	,	73	,	0	>
<973	,	49	,	10	,	3	,	80	,	0	>
<974	,	49	,	10	,	4	,	80	,	2	>
<975	,	49	,	10	,	5	,	80	,	0	>
<976	,	49	,	10	,	7	,	80	,	2	>
<977	,	49	,	10	,	8	,	80	,	0	>
<978	,	50	,	4	,	1	,	82	,	0	>
<979	,	50	,	4	,	3	,	82	,	8	>
<980	,	50	,	4	,	4	,	82	,	0	>
<981	,	50	,	5	,	1	,	87	,	0	>
<982	,	50	,	5	,	3	,	87	,	8	>
<983	,	50	,	5	,	4	,	87	,	0	>
<984	,	50	,	6	,	1	,	93	,	0	>
<985	,	50	,	6	,	3	,	93	,	9	>
<986	,	50	,	6	,	4	,	93	,	0	>
<987	,	50	,	7	,	1	,	95	,	0	>
<988	,	50	,	7	,	3	,	95	,	9	>
<989	,	50	,	7	,	4	,	95	,	0	>
<990	,	50	,	8	,	1	,	91	,	0	>
<991	,	50	,	8	,	3	,	91	,	8	>
<992	,	50	,	8	,	4	,	91	,	0	>
<993	,	51	,	1	,	1	,	93	,	0	>
<994	,	51	,	1	,	3	,	93	,	3	>
<995	,	51	,	1	,	4	,	93	,	0	>
<996	,	51	,	1	,	6	,	93	,	3	>
<997	,	51	,	1	,	7	,	93	,	0	>
<998	,	51	,	2	,	1	,	80	,	0	>
<999	,	51	,	2	,	3	,	80	,	2	>
<1000	,	51	,	2	,	4	,	80	,	0	>
<1001	,	51	,	2	,	6	,	80	,	2	>
<1002	,	51	,	2	,	7	,	80	,	0	>
<1003	,	51	,	3	,	1	,	97	,	0	>
<1004	,	51	,	3	,	3	,	97	,	3	>
<1005	,	51	,	3	,	4	,	97	,	0	>
<1006	,	51	,	3	,	6	,	97	,	3	>
<1007	,	51	,	3	,	7	,	97	,	0	>
<1008	,	51	,	5	,	1	,	83	,	0	>
<1009	,	51	,	5	,	3	,	83	,	2	>
<1010	,	51	,	5	,	4	,	83	,	0	>
<1011	,	51	,	5	,	6	,	83	,	2	>
<1012	,	51	,	5	,	7	,	83	,	0	>
<1013	,	51	,	8	,	1	,	82	,	0	>
<1014	,	51	,	8	,	3	,	82	,	2	>
<1015	,	51	,	8	,	4	,	82	,	0	>
<1016	,	51	,	8	,	6	,	82	,	2	>
<1017	,	51	,	8	,	7	,	82	,	0	>
<1018	,	51	,	9	,	1	,	84	,	0	>
<1019	,	51	,	9	,	3	,	84	,	2	>
<1020	,	51	,	9	,	4	,	84	,	0	>
<1021	,	51	,	9	,	6	,	84	,	2	>
<1022	,	51	,	9	,	7	,	84	,	0	>
<1023	,	52	,	1	,	2	,	83	,	0	>
<1024	,	52	,	1	,	3	,	83	,	8	>
<1025	,	52	,	1	,	8	,	83	,	0	>
<1026	,	52	,	3	,	2	,	93	,	0	>
<1027	,	52	,	3	,	3	,	93	,	9	>
<1028	,	52	,	3	,	8	,	93	,	0	>
<1029	,	52	,	4	,	2	,	97	,	0	>
<1030	,	52	,	4	,	3	,	97	,	9	>
<1031	,	52	,	4	,	8	,	97	,	0	>
<1032	,	52	,	6	,	2	,	87	,	0	>
<1033	,	52	,	6	,	3	,	87	,	8	>
<1034	,	52	,	6	,	8	,	87	,	0	>
<1035	,	52	,	7	,	2	,	85	,	0	>
<1036	,	52	,	7	,	3	,	85	,	8	>
<1037	,	52	,	7	,	8	,	85	,	0	>
<1038	,	52	,	8	,	2	,	72	,	0	>
<1039	,	52	,	8	,	3	,	72	,	7	>
<1040	,	52	,	8	,	8	,	72	,	0	>
<1041	,	52	,	9	,	2	,	60	,	0	>
<1042	,	52	,	9	,	3	,	60	,	6	>
<1043	,	52	,	9	,	8	,	60	,	0	>
<1044	,	53	,	1	,	1	,	97	,	0	>
<1045	,	53	,	1	,	4	,	97	,	5	>
<1046	,	53	,	1	,	5	,	97	,	0	>
<1047	,	53	,	1	,	8	,	97	,	5	>
<1048	,	53	,	2	,	1	,	83	,	0	>
<1049	,	53	,	2	,	4	,	83	,	4	>
<1050	,	53	,	2	,	5	,	83	,	0	>
<1051	,	53	,	2	,	8	,	83	,	4	>
<1052	,	53	,	4	,	1	,	83	,	0	>
<1053	,	53	,	4	,	4	,	83	,	4	>
<1054	,	53	,	4	,	5	,	83	,	0	>
<1055	,	53	,	4	,	8	,	83	,	4	>
<1056	,	53	,	5	,	1	,	83	,	0	>
<1057	,	53	,	5	,	4	,	83	,	4	>
<1058	,	53	,	5	,	5	,	83	,	0	>
<1059	,	53	,	5	,	8	,	83	,	4	>
<1060	,	53	,	6	,	1	,	84	,	0	>
<1061	,	53	,	6	,	4	,	84	,	4	>
<1062	,	53	,	6	,	5	,	84	,	0	>
<1063	,	53	,	6	,	8	,	84	,	4	>
<1064	,	53	,	10	,	1	,	86	,	0	>
<1065	,	53	,	10	,	4	,	86	,	5	>
<1066	,	53	,	10	,	5	,	86	,	0	>
<1067	,	53	,	10	,	8	,	86	,	5	>
<1068	,	54	,	4	,	1	,	78	,	0	>
<1069	,	54	,	4	,	2	,	78	,	2	>
<1070	,	54	,	4	,	4	,	78	,	0	>
<1071	,	54	,	4	,	5	,	78	,	2	>
<1072	,	54	,	4	,	7	,	78	,	0	>
<1073	,	54	,	7	,	1	,	68	,	0	>
<1074	,	54	,	7	,	2	,	68	,	2	>
<1075	,	54	,	7	,	4	,	68	,	0	>
<1076	,	54	,	7	,	5	,	68	,	2	>
<1077	,	54	,	7	,	7	,	68	,	0	>
<1078	,	54	,	10	,	1	,	48	,	0	>
<1079	,	54	,	10	,	2	,	48	,	1	>
<1080	,	54	,	10	,	4	,	48	,	0	>
<1081	,	54	,	10	,	5	,	48	,	1	>
<1082	,	54	,	10	,	7	,	48	,	0	>
<1083	,	55	,	1	,	2	,	80	,	0	>
<1084	,	55	,	1	,	3	,	80	,	7	>
<1085	,	55	,	1	,	7	,	80	,	0	>
<1086	,	55	,	2	,	2	,	70	,	0	>
<1087	,	55	,	2	,	3	,	70	,	7	>
<1088	,	55	,	2	,	7	,	70	,	0	>
<1089	,	55	,	7	,	2	,	33	,	0	>
<1090	,	55	,	7	,	3	,	33	,	3	>
<1091	,	55	,	7	,	7	,	33	,	0	>
<1092	,	56	,	1	,	2	,	1	,	0	>
<1093	,	56	,	1	,	3	,	1	,	0	>
<1094	,	56	,	1	,	4	,	1	,	0	>
<1095	,	56	,	1	,	5	,	1	,	0	>
<1096	,	56	,	1	,	8	,	1	,	0	>
<1097	,	56	,	3	,	2	,	1	,	0	>
<1098	,	56	,	3	,	3	,	1	,	0	>
<1099	,	56	,	3	,	4	,	1	,	0	>
<1100	,	56	,	3	,	5	,	1	,	0	>
<1101	,	56	,	3	,	8	,	1	,	0	>
<1102	,	56	,	7	,	2	,	1	,	0	>
<1103	,	56	,	7	,	3	,	1	,	0	>
<1104	,	56	,	7	,	4	,	1	,	0	>
<1105	,	56	,	7	,	5	,	1	,	0	>
<1106	,	56	,	7	,	8	,	1	,	0	>
<1107	,	56	,	8	,	2	,	2	,	0	>
<1108	,	56	,	8	,	3	,	2	,	0	>
<1109	,	56	,	8	,	4	,	2	,	0	>
<1110	,	56	,	8	,	5	,	2	,	0	>
<1111	,	56	,	8	,	8	,	2	,	0	>
<1112	,	56	,	9	,	2	,	3	,	0	>
<1113	,	56	,	9	,	3	,	3	,	0	>
<1114	,	56	,	9	,	4	,	3	,	0	>
<1115	,	56	,	9	,	5	,	3	,	0	>
<1116	,	56	,	9	,	8	,	3	,	0	>
<1117	,	56	,	10	,	2	,	3	,	0	>
<1118	,	56	,	10	,	3	,	3	,	0	>
<1119	,	56	,	10	,	4	,	3	,	0	>
<1120	,	56	,	10	,	5	,	3	,	0	>
<1121	,	56	,	10	,	8	,	3	,	0	>
<1122	,	57	,	6	,	2	,	8	,	0	>
<1123	,	57	,	6	,	4	,	8	,	0	>
<1124	,	57	,	6	,	5	,	8	,	0	>
<1125	,	57	,	6	,	7	,	8	,	0	>
<1126	,	57	,	6	,	8	,	8	,	0	>
<1127	,	57	,	7	,	2	,	3	,	0	>
<1128	,	57	,	7	,	4	,	3	,	0	>
<1129	,	57	,	7	,	5	,	3	,	0	>
<1130	,	57	,	7	,	7	,	3	,	0	>
<1131	,	57	,	7	,	8	,	3	,	0	>
<1132	,	57	,	10	,	2	,	5	,	0	>
<1133	,	57	,	10	,	4	,	5	,	0	>
<1134	,	57	,	10	,	5	,	5	,	0	>
<1135	,	57	,	10	,	7	,	5	,	0	>
<1136	,	57	,	10	,	8	,	5	,	0	>
<1137	,	58	,	2	,	2	,	97	,	0	>
<1138	,	58	,	2	,	4	,	97	,	5	>
<1139	,	58	,	2	,	5	,	97	,	0	>
<1140	,	58	,	2	,	6	,	97	,	5	>
<1141	,	58	,	5	,	2	,	93	,	0	>
<1142	,	58	,	5	,	4	,	93	,	5	>
<1143	,	58	,	5	,	5	,	93	,	0	>
<1144	,	58	,	5	,	6	,	93	,	5	>
<1145	,	58	,	7	,	2	,	93	,	0	>
<1146	,	58	,	7	,	4	,	93	,	5	>
<1147	,	58	,	7	,	5	,	93	,	0	>
<1148	,	58	,	7	,	6	,	93	,	5	>
<1149	,	58	,	8	,	2	,	97	,	0	>
<1150	,	58	,	8	,	4	,	97	,	5	>
<1151	,	58	,	8	,	5	,	97	,	0	>
<1152	,	58	,	8	,	6	,	97	,	5	>
<1153	,	59	,	1	,	1	,	91	,	0	>
<1154	,	59	,	1	,	2	,	91	,	3	>
<1155	,	59	,	1	,	3	,	91	,	0	>
<1156	,	59	,	1	,	4	,	91	,	3	>
<1157	,	59	,	1	,	8	,	91	,	0	>
<1158	,	59	,	3	,	1	,	86	,	0	>
<1159	,	59	,	3	,	2	,	86	,	2	>
<1160	,	59	,	3	,	3	,	86	,	0	>
<1161	,	59	,	3	,	4	,	86	,	2	>
<1162	,	59	,	3	,	8	,	86	,	0	>
<1163	,	59	,	4	,	1	,	98	,	0	>
<1164	,	59	,	4	,	2	,	98	,	3	>
<1165	,	59	,	4	,	3	,	98	,	0	>
<1166	,	59	,	4	,	4	,	98	,	3	>
<1167	,	59	,	4	,	8	,	98	,	0	>
<1168	,	59	,	6	,	1	,	83	,	0	>
<1169	,	59	,	6	,	2	,	83	,	2	>
<1170	,	59	,	6	,	3	,	83	,	0	>
<1171	,	59	,	6	,	4	,	83	,	2	>
<1172	,	59	,	6	,	8	,	83	,	0	>
<1173	,	59	,	7	,	1	,	91	,	0	>
<1174	,	59	,	7	,	2	,	91	,	3	>
<1175	,	59	,	7	,	3	,	91	,	0	>
<1176	,	59	,	7	,	4	,	91	,	3	>
<1177	,	59	,	7	,	8	,	91	,	0	>
<1178	,	59	,	9	,	1	,	72	,	0	>
<1179	,	59	,	9	,	2	,	72	,	2	>
<1180	,	59	,	9	,	3	,	72	,	0	>
<1181	,	59	,	9	,	4	,	72	,	2	>
<1182	,	59	,	9	,	8	,	72	,	0	>
<1183	,	59	,	10	,	1	,	77	,	0	>
<1184	,	59	,	10	,	2	,	77	,	2	>
<1185	,	59	,	10	,	3	,	77	,	0	>
<1186	,	59	,	10	,	4	,	77	,	2	>
<1187	,	59	,	10	,	8	,	77	,	0	>
<1188	,	60	,	3	,	1	,	88	,	0	>
<1189	,	60	,	3	,	5	,	88	,	8	>
<1190	,	60	,	3	,	6	,	88	,	0	>
<1191	,	60	,	5	,	1	,	80	,	0	>
<1192	,	60	,	5	,	5	,	80	,	7	>
<1193	,	60	,	5	,	6	,	80	,	0	>
<1194	,	60	,	6	,	1	,	97	,	0	>
<1195	,	60	,	6	,	5	,	97	,	9	>
<1196	,	60	,	6	,	6	,	97	,	0	>
<1197	,	60	,	8	,	1	,	76	,	0	>
<1198	,	60	,	8	,	5	,	76	,	7	>
<1199	,	60	,	8	,	6	,	76	,	0	>
<1200	,	60	,	9	,	1	,	89	,	0	>
<1201	,	60	,	9	,	5	,	89	,	8	>
<1202	,	60	,	9	,	6	,	89	,	0	>
<1203	,	60	,	10	,	1	,	89	,	0	>
<1204	,	60	,	10	,	5	,	89	,	8	>
<1205	,	60	,	10	,	6	,	89	,	0	>
<1206	,	61	,	2	,	2	,	75	,	0	>
<1207	,	61	,	2	,	4	,	75	,	2	>
<1208	,	61	,	2	,	6	,	75	,	0	>
<1209	,	61	,	2	,	7	,	75	,	2	>
<1210	,	61	,	2	,	8	,	75	,	0	>
<1211	,	61	,	3	,	2	,	70	,	0	>
<1212	,	61	,	3	,	4	,	70	,	2	>
<1213	,	61	,	3	,	6	,	70	,	0	>
<1214	,	61	,	3	,	7	,	70	,	2	>
<1215	,	61	,	3	,	8	,	70	,	0	>
<1216	,	61	,	5	,	2	,	77	,	0	>
<1217	,	61	,	5	,	4	,	77	,	2	>
<1218	,	61	,	5	,	6	,	77	,	0	>
<1219	,	61	,	5	,	7	,	77	,	2	>
<1220	,	61	,	5	,	8	,	77	,	0	>
<1221	,	61	,	6	,	2	,	92	,	0	>
<1222	,	61	,	6	,	4	,	92	,	3	>
<1223	,	61	,	6	,	6	,	92	,	0	>
<1224	,	61	,	6	,	7	,	92	,	3	>
<1225	,	61	,	6	,	8	,	92	,	0	>
<1226	,	61	,	7	,	2	,	93	,	0	>
<1227	,	61	,	7	,	4	,	93	,	3	>
<1228	,	61	,	7	,	6	,	93	,	0	>
<1229	,	61	,	7	,	7	,	93	,	3	>
<1230	,	61	,	7	,	8	,	93	,	0	>
<1231	,	61	,	8	,	2	,	74	,	0	>
<1232	,	61	,	8	,	4	,	74	,	2	>
<1233	,	61	,	8	,	6	,	74	,	0	>
<1234	,	61	,	8	,	7	,	74	,	2	>
<1235	,	61	,	8	,	8	,	74	,	0	>
<1236	,	62	,	1	,	3	,	41	,	0	>
<1237	,	62	,	1	,	4	,	41	,	4	>
<1238	,	62	,	1	,	5	,	41	,	0	>
<1239	,	62	,	3	,	3	,	16	,	0	>
<1240	,	62	,	3	,	4	,	16	,	1	>
<1241	,	62	,	3	,	5	,	16	,	0	>
<1242	,	62	,	4	,	3	,	36	,	0	>
<1243	,	62	,	4	,	4	,	36	,	3	>
<1244	,	62	,	4	,	5	,	36	,	0	>
<1245	,	62	,	6	,	3	,	27	,	0	>
<1246	,	62	,	6	,	4	,	27	,	3	>
<1247	,	62	,	6	,	5	,	27	,	0	>
<1248	,	62	,	7	,	3	,	16	,	0	>
<1249	,	62	,	7	,	4	,	16	,	1	>
<1250	,	62	,	7	,	5	,	16	,	0	>
<1251	,	62	,	8	,	3	,	19	,	0	>
<1252	,	62	,	8	,	4	,	19	,	2	>
<1253	,	62	,	8	,	5	,	19	,	0	>
<1254	,	63	,	2	,	5	,	26	,	0	>
<1255	,	63	,	2	,	7	,	26	,	2	>
<1256	,	63	,	2	,	8	,	26	,	0	>
<1257	,	63	,	3	,	5	,	18	,	0	>
<1258	,	63	,	3	,	7	,	18	,	2	>
<1259	,	63	,	3	,	8	,	18	,	0	>
<1260	,	63	,	5	,	5	,	50	,	0	>
<1261	,	63	,	5	,	7	,	50	,	5	>
<1262	,	63	,	5	,	8	,	50	,	0	>
<1263	,	63	,	7	,	5	,	42	,	0	>
<1264	,	63	,	7	,	7	,	42	,	4	>
<1265	,	63	,	7	,	8	,	42	,	0	>
<1266	,	63	,	8	,	5	,	28	,	0	>
<1267	,	63	,	8	,	7	,	28	,	3	>
<1268	,	63	,	8	,	8	,	28	,	0	>
<1269	,	63	,	10	,	5	,	42	,	0	>
<1270	,	63	,	10	,	7	,	42	,	4	>
<1271	,	63	,	10	,	8	,	42	,	0	>
<1272	,	64	,	1	,	1	,	8	,	0	>
<1273	,	64	,	1	,	2	,	8	,	1	>
<1274	,	64	,	1	,	7	,	8	,	0	>
<1275	,	64	,	2	,	1	,	7	,	0	>
<1276	,	64	,	2	,	2	,	7	,	1	>
<1277	,	64	,	2	,	7	,	7	,	0	>
<1278	,	64	,	3	,	1	,	11	,	0	>
<1279	,	64	,	3	,	2	,	11	,	1	>
<1280	,	64	,	3	,	7	,	11	,	0	>
<1281	,	64	,	5	,	1	,	7	,	0	>
<1282	,	64	,	5	,	2	,	7	,	1	>
<1283	,	64	,	5	,	7	,	7	,	0	>
<1284	,	64	,	7	,	1	,	4	,	0	>
<1285	,	64	,	7	,	2	,	4	,	0	>
<1286	,	64	,	7	,	7	,	4	,	0	>
<1287	,	64	,	8	,	1	,	4	,	0	>
<1288	,	64	,	8	,	2	,	4	,	0	>
<1289	,	64	,	8	,	7	,	4	,	0	>
<1290	,	64	,	9	,	1	,	12	,	0	>
<1291	,	64	,	9	,	2	,	12	,	1	>
<1292	,	64	,	9	,	7	,	12	,	0	>
<1293	,	65	,	1	,	1	,	91	,	0	>
<1294	,	65	,	1	,	2	,	91	,	5	>
<1295	,	65	,	1	,	6	,	91	,	0	>
<1296	,	65	,	1	,	8	,	91	,	5	>
<1297	,	65	,	3	,	1	,	62	,	0	>
<1298	,	65	,	3	,	2	,	62	,	3	>
<1299	,	65	,	3	,	6	,	62	,	0	>
<1300	,	65	,	3	,	8	,	62	,	3	>
<1301	,	65	,	4	,	1	,	98	,	0	>
<1302	,	65	,	4	,	2	,	98	,	5	>
<1303	,	65	,	4	,	6	,	98	,	0	>
<1304	,	65	,	4	,	8	,	98	,	5	>
<1305	,	65	,	6	,	1	,	72	,	0	>
<1306	,	65	,	6	,	2	,	72	,	4	>
<1307	,	65	,	6	,	6	,	72	,	0	>
<1308	,	65	,	6	,	8	,	72	,	4	>
<1309	,	65	,	7	,	1	,	59	,	0	>
<1310	,	65	,	7	,	2	,	59	,	3	>
<1311	,	65	,	7	,	6	,	59	,	0	>
<1312	,	65	,	7	,	8	,	59	,	3	>
<1313	,	65	,	8	,	1	,	60	,	0	>
<1314	,	65	,	8	,	2	,	60	,	3	>
<1315	,	65	,	8	,	6	,	60	,	0	>
<1316	,	65	,	8	,	8	,	60	,	3	>
<1317	,	65	,	9	,	1	,	39	,	0	>
<1318	,	65	,	9	,	2	,	39	,	2	>
<1319	,	65	,	9	,	6	,	39	,	0	>
<1320	,	65	,	9	,	8	,	39	,	2	>
<1321	,	66	,	2	,	2	,	85	,	0	>
<1322	,	66	,	2	,	3	,	85	,	2	>
<1323	,	66	,	2	,	4	,	85	,	0	>
<1324	,	66	,	2	,	6	,	85	,	2	>
<1325	,	66	,	2	,	7	,	85	,	0	>
<1326	,	66	,	6	,	2	,	39	,	0	>
<1327	,	66	,	6	,	3	,	39	,	1	>
<1328	,	66	,	6	,	4	,	39	,	0	>
<1329	,	66	,	6	,	6	,	39	,	1	>
<1330	,	66	,	6	,	7	,	39	,	0	>
<1331	,	66	,	9	,	2	,	94	,	0	>
<1332	,	66	,	9	,	3	,	94	,	3	>
<1333	,	66	,	9	,	4	,	94	,	0	>
<1334	,	66	,	9	,	6	,	94	,	3	>
<1335	,	66	,	9	,	7	,	94	,	0	>
<1336	,	67	,	1	,	2	,	73	,	0	>
<1337	,	67	,	1	,	7	,	73	,	7	>
<1338	,	67	,	1	,	8	,	73	,	0	>
<1339	,	67	,	2	,	2	,	82	,	0	>
<1340	,	67	,	2	,	7	,	82	,	8	>
<1341	,	67	,	2	,	8	,	82	,	0	>
<1342	,	67	,	10	,	2	,	66	,	0	>
<1343	,	67	,	10	,	7	,	66	,	6	>
<1344	,	67	,	10	,	8	,	66	,	0	>
<1345	,	68	,	1	,	1	,	77	,	0	>
<1346	,	68	,	1	,	2	,	77	,	2	>
<1347	,	68	,	1	,	3	,	77	,	0	>
<1348	,	68	,	1	,	7	,	77	,	2	>
<1349	,	68	,	1	,	8	,	77	,	0	>
<1350	,	68	,	3	,	1	,	98	,	0	>
<1351	,	68	,	3	,	2	,	98	,	3	>
<1352	,	68	,	3	,	3	,	98	,	0	>
<1353	,	68	,	3	,	7	,	98	,	3	>
<1354	,	68	,	3	,	8	,	98	,	0	>
<1355	,	68	,	8	,	1	,	93	,	0	>
<1356	,	68	,	8	,	2	,	93	,	3	>
<1357	,	68	,	8	,	3	,	93	,	0	>
<1358	,	68	,	8	,	7	,	93	,	3	>
<1359	,	68	,	8	,	8	,	93	,	0	>
<1360	,	69	,	7	,	1	,	6	,	0	>
<1361	,	69	,	7	,	3	,	6	,	0	>
<1362	,	69	,	7	,	5	,	6	,	0	>
<1363	,	69	,	7	,	6	,	6	,	0	>
<1364	,	69	,	7	,	7	,	6	,	0	>
<1365	,	69	,	8	,	1	,	10	,	0	>
<1366	,	69	,	8	,	3	,	10	,	0	>
<1367	,	69	,	8	,	5	,	10	,	0	>
<1368	,	69	,	8	,	6	,	10	,	0	>
<1369	,	69	,	8	,	7	,	10	,	0	>
<1370	,	69	,	9	,	1	,	5	,	0	>
<1371	,	69	,	9	,	3	,	5	,	0	>
<1372	,	69	,	9	,	5	,	5	,	0	>
<1373	,	69	,	9	,	6	,	5	,	0	>
<1374	,	69	,	9	,	7	,	5	,	0	>
<1375	,	69	,	10	,	1	,	9	,	0	>
<1376	,	69	,	10	,	3	,	9	,	0	>
<1377	,	69	,	10	,	5	,	9	,	0	>
<1378	,	69	,	10	,	6	,	9	,	0	>
<1379	,	69	,	10	,	7	,	9	,	0	>
<1380	,	70	,	1	,	1	,	69	,	0	>
<1381	,	70	,	1	,	2	,	69	,	2	>
<1382	,	70	,	1	,	3	,	69	,	0	>
<1383	,	70	,	1	,	5	,	69	,	2	>
<1384	,	70	,	1	,	8	,	69	,	0	>
<1385	,	70	,	2	,	1	,	63	,	0	>
<1386	,	70	,	2	,	2	,	63	,	2	>
<1387	,	70	,	2	,	3	,	63	,	0	>
<1388	,	70	,	2	,	5	,	63	,	2	>
<1389	,	70	,	2	,	8	,	63	,	0	>
<1390	,	70	,	5	,	1	,	84	,	0	>
<1391	,	70	,	5	,	2	,	84	,	2	>
<1392	,	70	,	5	,	3	,	84	,	0	>
<1393	,	70	,	5	,	5	,	84	,	2	>
<1394	,	70	,	5	,	8	,	84	,	0	>
<1395	,	70	,	6	,	1	,	83	,	0	>
<1396	,	70	,	6	,	2	,	83	,	2	>
<1397	,	70	,	6	,	3	,	83	,	0	>
<1398	,	70	,	6	,	5	,	83	,	2	>
<1399	,	70	,	6	,	8	,	83	,	0	>
<1400	,	70	,	7	,	1	,	75	,	0	>
<1401	,	70	,	7	,	2	,	75	,	2	>
<1402	,	70	,	7	,	3	,	75	,	0	>
<1403	,	70	,	7	,	5	,	75	,	2	>
<1404	,	70	,	7	,	8	,	75	,	0	>
<1405	,	70	,	10	,	1	,	61	,	0	>
<1406	,	70	,	10	,	2	,	61	,	2	>
<1407	,	70	,	10	,	3	,	61	,	0	>
<1408	,	70	,	10	,	5	,	61	,	2	>
<1409	,	70	,	10	,	8	,	61	,	0	>
<1410	,	71	,	2	,	1	,	93	,	0	>
<1411	,	71	,	2	,	4	,	93	,	3	>
<1412	,	71	,	2	,	5	,	93	,	0	>
<1413	,	71	,	2	,	7	,	93	,	3	>
<1414	,	71	,	2	,	8	,	93	,	0	>
<1415	,	71	,	3	,	1	,	84	,	0	>
<1416	,	71	,	3	,	4	,	84	,	2	>
<1417	,	71	,	3	,	5	,	84	,	0	>
<1418	,	71	,	3	,	7	,	84	,	2	>
<1419	,	71	,	3	,	8	,	84	,	0	>
<1420	,	71	,	4	,	1	,	96	,	0	>
<1421	,	71	,	4	,	4	,	96	,	3	>
<1422	,	71	,	4	,	5	,	96	,	0	>
<1423	,	71	,	4	,	7	,	96	,	3	>
<1424	,	71	,	4	,	8	,	96	,	0	>
<1425	,	71	,	6	,	1	,	91	,	0	>
<1426	,	71	,	6	,	4	,	91	,	3	>
<1427	,	71	,	6	,	5	,	91	,	0	>
<1428	,	71	,	6	,	7	,	91	,	3	>
<1429	,	71	,	6	,	8	,	91	,	0	>
<1430	,	71	,	10	,	1	,	94	,	0	>
<1431	,	71	,	10	,	4	,	94	,	3	>
<1432	,	71	,	10	,	5	,	94	,	0	>
<1433	,	71	,	10	,	7	,	94	,	3	>
<1434	,	71	,	10	,	8	,	94	,	0	>
<1435	,	72	,	2	,	1	,	19	,	0	>
<1436	,	72	,	2	,	2	,	19	,	1	>
<1437	,	72	,	2	,	5	,	19	,	0	>
<1438	,	72	,	2	,	6	,	19	,	1	>
<1439	,	72	,	2	,	8	,	19	,	0	>
<1440	,	72	,	5	,	1	,	18	,	0	>
<1441	,	72	,	5	,	2	,	18	,	1	>
<1442	,	72	,	5	,	5	,	18	,	0	>
<1443	,	72	,	5	,	6	,	18	,	1	>
<1444	,	72	,	5	,	8	,	18	,	0	>
<1445	,	72	,	6	,	1	,	25	,	0	>
<1446	,	72	,	6	,	2	,	25	,	1	>
<1447	,	72	,	6	,	5	,	25	,	0	>
<1448	,	72	,	6	,	6	,	25	,	1	>
<1449	,	72	,	6	,	8	,	25	,	0	>
<1450	,	72	,	9	,	1	,	16	,	0	>
<1451	,	72	,	9	,	2	,	16	,	0	>
<1452	,	72	,	9	,	5	,	16	,	0	>
<1453	,	72	,	9	,	6	,	16	,	0	>
<1454	,	72	,	9	,	8	,	16	,	0	>
<1455	,	72	,	10	,	1	,	35	,	0	>
<1456	,	72	,	10	,	2	,	35	,	1	>
<1457	,	72	,	10	,	5	,	35	,	0	>
<1458	,	72	,	10	,	6	,	35	,	1	>
<1459	,	72	,	10	,	8	,	35	,	0	>
<1460	,	73	,	2	,	1	,	93	,	0	>
<1461	,	73	,	2	,	3	,	93	,	3	>
<1462	,	73	,	2	,	5	,	93	,	0	>
<1463	,	73	,	2	,	6	,	93	,	3	>
<1464	,	73	,	2	,	7	,	93	,	0	>
<1465	,	73	,	3	,	1	,	50	,	0	>
<1466	,	73	,	3	,	3	,	50	,	1	>
<1467	,	73	,	3	,	5	,	50	,	0	>
<1468	,	73	,	3	,	6	,	50	,	1	>
<1469	,	73	,	3	,	7	,	50	,	0	>
<1470	,	73	,	5	,	1	,	38	,	0	>
<1471	,	73	,	5	,	3	,	38	,	1	>
<1472	,	73	,	5	,	5	,	38	,	0	>
<1473	,	73	,	5	,	6	,	38	,	1	>
<1474	,	73	,	5	,	7	,	38	,	0	>
<1475	,	73	,	6	,	1	,	64	,	0	>
<1476	,	73	,	6	,	3	,	64	,	2	>
<1477	,	73	,	6	,	5	,	64	,	0	>
<1478	,	73	,	6	,	6	,	64	,	2	>
<1479	,	73	,	6	,	7	,	64	,	0	>
<1480	,	73	,	8	,	1	,	61	,	0	>
<1481	,	73	,	8	,	3	,	61	,	2	>
<1482	,	73	,	8	,	5	,	61	,	0	>
<1483	,	73	,	8	,	6	,	61	,	2	>
<1484	,	73	,	8	,	7	,	61	,	0	>
<1485	,	73	,	10	,	1	,	43	,	0	>
<1486	,	73	,	10	,	3	,	43	,	1	>
<1487	,	73	,	10	,	5	,	43	,	0	>
<1488	,	73	,	10	,	6	,	43	,	1	>
<1489	,	73	,	10	,	7	,	43	,	0	>
<1490	,	74	,	1	,	2	,	99	,	0	>
<1491	,	74	,	1	,	3	,	99	,	5	>
<1492	,	74	,	1	,	5	,	99	,	0	>
<1493	,	74	,	1	,	7	,	99	,	5	>
<1494	,	74	,	2	,	2	,	98	,	0	>
<1495	,	74	,	2	,	3	,	98	,	5	>
<1496	,	74	,	2	,	5	,	98	,	0	>
<1497	,	74	,	2	,	7	,	98	,	5	>
<1498	,	74	,	5	,	2	,	98	,	0	>
<1499	,	74	,	5	,	3	,	98	,	5	>
<1500	,	74	,	5	,	5	,	98	,	0	>
<1501	,	74	,	5	,	7	,	98	,	5	>
<1502	,	74	,	7	,	2	,	99	,	0	>
<1503	,	74	,	7	,	3	,	99	,	5	>
<1504	,	74	,	7	,	5	,	99	,	0	>
<1505	,	74	,	7	,	7	,	99	,	5	>
<1506	,	75	,	2	,	1	,	88	,	0	>
<1507	,	75	,	2	,	3	,	88	,	8	>
<1508	,	75	,	2	,	4	,	88	,	0	>
<1509	,	75	,	3	,	1	,	51	,	0	>
<1510	,	75	,	3	,	3	,	51	,	5	>
<1511	,	75	,	3	,	4	,	51	,	0	>
<1512	,	75	,	4	,	1	,	58	,	0	>
<1513	,	75	,	4	,	3	,	58	,	5	>
<1514	,	75	,	4	,	4	,	58	,	0	>
<1515	,	75	,	7	,	1	,	76	,	0	>
<1516	,	75	,	7	,	3	,	76	,	7	>
<1517	,	75	,	7	,	4	,	76	,	0	>
<1518	,	75	,	8	,	1	,	72	,	0	>
<1519	,	75	,	8	,	3	,	72	,	7	>
<1520	,	75	,	8	,	4	,	72	,	0	>
<1521	,	75	,	9	,	1	,	92	,	0	>
<1522	,	75	,	9	,	3	,	92	,	9	>
<1523	,	75	,	9	,	4	,	92	,	0	>
<1524	,	75	,	10	,	1	,	76	,	0	>
<1525	,	75	,	10	,	3	,	76	,	7	>
<1526	,	75	,	10	,	4	,	76	,	0	>
<1527	,	76	,	2	,	1	,	51	,	0	>
<1528	,	76	,	2	,	2	,	51	,	1	>
<1529	,	76	,	2	,	4	,	51	,	0	>
<1530	,	76	,	2	,	5	,	51	,	1	>
<1531	,	76	,	2	,	7	,	51	,	0	>
<1532	,	76	,	3	,	1	,	40	,	0	>
<1533	,	76	,	3	,	2	,	40	,	1	>
<1534	,	76	,	3	,	4	,	40	,	0	>
<1535	,	76	,	3	,	5	,	40	,	1	>
<1536	,	76	,	3	,	7	,	40	,	0	>
<1537	,	76	,	7	,	1	,	72	,	0	>
<1538	,	76	,	7	,	2	,	72	,	2	>
<1539	,	76	,	7	,	4	,	72	,	0	>
<1540	,	76	,	7	,	5	,	72	,	2	>
<1541	,	76	,	7	,	7	,	72	,	0	>
<1542	,	76	,	9	,	1	,	42	,	0	>
<1543	,	76	,	9	,	2	,	42	,	1	>
<1544	,	76	,	9	,	4	,	42	,	0	>
<1545	,	76	,	9	,	5	,	42	,	1	>
<1546	,	76	,	9	,	7	,	42	,	0	>
<1547	,	77	,	1	,	1	,	84	,	0	>
<1548	,	77	,	1	,	3	,	84	,	2	>
<1549	,	77	,	1	,	4	,	84	,	0	>
<1550	,	77	,	1	,	5	,	84	,	2	>
<1551	,	77	,	1	,	7	,	84	,	0	>
<1552	,	77	,	2	,	1	,	75	,	0	>
<1553	,	77	,	2	,	3	,	75	,	2	>
<1554	,	77	,	2	,	4	,	75	,	0	>
<1555	,	77	,	2	,	5	,	75	,	2	>
<1556	,	77	,	2	,	7	,	75	,	0	>
<1557	,	77	,	3	,	1	,	80	,	0	>
<1558	,	77	,	3	,	3	,	80	,	2	>
<1559	,	77	,	3	,	4	,	80	,	0	>
<1560	,	77	,	3	,	5	,	80	,	2	>
<1561	,	77	,	3	,	7	,	80	,	0	>
<1562	,	77	,	4	,	1	,	75	,	0	>
<1563	,	77	,	4	,	3	,	75	,	2	>
<1564	,	77	,	4	,	4	,	75	,	0	>
<1565	,	77	,	4	,	5	,	75	,	2	>
<1566	,	77	,	4	,	7	,	75	,	0	>
<1567	,	77	,	5	,	1	,	79	,	0	>
<1568	,	77	,	5	,	3	,	79	,	2	>
<1569	,	77	,	5	,	4	,	79	,	0	>
<1570	,	77	,	5	,	5	,	79	,	2	>
<1571	,	77	,	5	,	7	,	79	,	0	>
<1572	,	77	,	9	,	1	,	75	,	0	>
<1573	,	77	,	9	,	3	,	75	,	2	>
<1574	,	77	,	9	,	4	,	75	,	0	>
<1575	,	77	,	9	,	5	,	75	,	2	>
<1576	,	77	,	9	,	7	,	75	,	0	>
<1577	,	77	,	10	,	1	,	93	,	0	>
<1578	,	77	,	10	,	3	,	93	,	3	>
<1579	,	77	,	10	,	4	,	93	,	0	>
<1580	,	77	,	10	,	5	,	93	,	3	>
<1581	,	77	,	10	,	7	,	93	,	0	>
<1582	,	78	,	1	,	1	,	42	,	0	>
<1583	,	78	,	1	,	2	,	42	,	2	>
<1584	,	78	,	1	,	5	,	42	,	0	>
<1585	,	78	,	1	,	7	,	42	,	2	>
<1586	,	78	,	2	,	1	,	63	,	0	>
<1587	,	78	,	2	,	2	,	63	,	3	>
<1588	,	78	,	2	,	5	,	63	,	0	>
<1589	,	78	,	2	,	7	,	63	,	3	>
<1590	,	78	,	5	,	1	,	64	,	0	>
<1591	,	78	,	5	,	2	,	64	,	3	>
<1592	,	78	,	5	,	5	,	64	,	0	>
<1593	,	78	,	5	,	7	,	64	,	3	>
<1594	,	78	,	6	,	1	,	80	,	0	>
<1595	,	78	,	6	,	2	,	80	,	4	>
<1596	,	78	,	6	,	5	,	80	,	0	>
<1597	,	78	,	6	,	7	,	80	,	4	>
<1598	,	78	,	7	,	1	,	72	,	0	>
<1599	,	78	,	7	,	2	,	72	,	4	>
<1600	,	78	,	7	,	5	,	72	,	0	>
<1601	,	78	,	7	,	7	,	72	,	4	>
<1602	,	78	,	8	,	1	,	84	,	0	>
<1603	,	78	,	8	,	2	,	84	,	4	>
<1604	,	78	,	8	,	5	,	84	,	0	>
<1605	,	78	,	8	,	7	,	84	,	4	>
<1606	,	79	,	1	,	2	,	90	,	0	>
<1607	,	79	,	1	,	4	,	90	,	8	>
<1608	,	79	,	1	,	7	,	90	,	0	>
<1609	,	79	,	2	,	2	,	90	,	0	>
<1610	,	79	,	2	,	4	,	90	,	8	>
<1611	,	79	,	2	,	7	,	90	,	0	>
<1612	,	79	,	4	,	2	,	90	,	0	>
<1613	,	79	,	4	,	4	,	90	,	8	>
<1614	,	79	,	4	,	7	,	90	,	0	>
<1615	,	79	,	6	,	2	,	98	,	0	>
<1616	,	79	,	6	,	4	,	98	,	9	>
<1617	,	79	,	6	,	7	,	98	,	0	>
<1618	,	79	,	7	,	2	,	99	,	0	>
<1619	,	79	,	7	,	4	,	99	,	9	>
<1620	,	79	,	7	,	7	,	99	,	0	>
<1621	,	79	,	9	,	2	,	92	,	0	>
<1622	,	79	,	9	,	4	,	92	,	9	>
<1623	,	79	,	9	,	7	,	92	,	0	>
<1624	,	79	,	10	,	2	,	90	,	0	>
<1625	,	79	,	10	,	4	,	90	,	8	>
<1626	,	79	,	10	,	7	,	90	,	0	>
<1627	,	80	,	5	,	1	,	13	,	0	>
<1628	,	80	,	5	,	2	,	13	,	0	>
<1629	,	80	,	5	,	3	,	13	,	0	>
<1630	,	80	,	5	,	5	,	13	,	0	>
<1631	,	80	,	5	,	6	,	13	,	0	>
<1632	,	80	,	6	,	1	,	7	,	0	>
<1633	,	80	,	6	,	2	,	7	,	0	>
<1634	,	80	,	6	,	3	,	7	,	0	>
<1635	,	80	,	6	,	5	,	7	,	0	>
<1636	,	80	,	6	,	6	,	7	,	0	>
<1637	,	80	,	8	,	1	,	6	,	0	>
<1638	,	80	,	8	,	2	,	6	,	0	>
<1639	,	80	,	8	,	3	,	6	,	0	>
<1640	,	80	,	8	,	5	,	6	,	0	>
<1641	,	80	,	8	,	6	,	6	,	0	>
<1642	,	80	,	9	,	1	,	7	,	0	>
<1643	,	80	,	9	,	2	,	7	,	0	>
<1644	,	80	,	9	,	3	,	7	,	0	>
<1645	,	80	,	9	,	5	,	7	,	0	>
<1646	,	80	,	9	,	6	,	7	,	0	>
<1647	,	80	,	10	,	1	,	10	,	0	>
<1648	,	80	,	10	,	2	,	10	,	0	>
<1649	,	80	,	10	,	3	,	10	,	0	>
<1650	,	80	,	10	,	5	,	10	,	0	>
<1651	,	80	,	10	,	6	,	10	,	0	>
<1652	,	81	,	1	,	1	,	65	,	0	>
<1653	,	81	,	1	,	2	,	65	,	2	>
<1654	,	81	,	1	,	3	,	65	,	0	>
<1655	,	81	,	1	,	5	,	65	,	2	>
<1656	,	81	,	1	,	6	,	65	,	0	>
<1657	,	81	,	3	,	1	,	67	,	0	>
<1658	,	81	,	3	,	2	,	67	,	2	>
<1659	,	81	,	3	,	3	,	67	,	0	>
<1660	,	81	,	3	,	5	,	67	,	2	>
<1661	,	81	,	3	,	6	,	67	,	0	>
<1662	,	81	,	5	,	1	,	73	,	0	>
<1663	,	81	,	5	,	2	,	73	,	2	>
<1664	,	81	,	5	,	3	,	73	,	0	>
<1665	,	81	,	5	,	5	,	73	,	2	>
<1666	,	81	,	5	,	6	,	73	,	0	>
<1667	,	81	,	7	,	1	,	95	,	0	>
<1668	,	81	,	7	,	2	,	95	,	3	>
<1669	,	81	,	7	,	3	,	95	,	0	>
<1670	,	81	,	7	,	5	,	95	,	3	>
<1671	,	81	,	7	,	6	,	95	,	0	>
<1672	,	81	,	8	,	1	,	86	,	0	>
<1673	,	81	,	8	,	2	,	86	,	2	>
<1674	,	81	,	8	,	3	,	86	,	0	>
<1675	,	81	,	8	,	5	,	86	,	2	>
<1676	,	81	,	8	,	6	,	86	,	0	>
<1677	,	81	,	9	,	1	,	88	,	0	>
<1678	,	81	,	9	,	2	,	88	,	2	>
<1679	,	81	,	9	,	3	,	88	,	0	>
<1680	,	81	,	9	,	5	,	88	,	2	>
<1681	,	81	,	9	,	6	,	88	,	0	>
<1682	,	81	,	10	,	1	,	97	,	0	>
<1683	,	81	,	10	,	2	,	97	,	3	>
<1684	,	81	,	10	,	3	,	97	,	0	>
<1685	,	81	,	10	,	5	,	97	,	3	>
<1686	,	81	,	10	,	6	,	97	,	0	>
<1687	,	82	,	1	,	1	,	79	,	0	>
<1688	,	82	,	1	,	2	,	79	,	4	>
<1689	,	82	,	1	,	4	,	79	,	0	>
<1690	,	82	,	1	,	8	,	79	,	4	>
<1691	,	82	,	3	,	1	,	76	,	0	>
<1692	,	82	,	3	,	2	,	76	,	4	>
<1693	,	82	,	3	,	4	,	76	,	0	>
<1694	,	82	,	3	,	8	,	76	,	4	>
<1695	,	82	,	8	,	1	,	44	,	0	>
<1696	,	82	,	8	,	2	,	44	,	2	>
<1697	,	82	,	8	,	4	,	44	,	0	>
<1698	,	82	,	8	,	8	,	44	,	2	>
<1699	,	82	,	10	,	1	,	99	,	0	>
<1700	,	82	,	10	,	2	,	99	,	5	>
<1701	,	82	,	10	,	4	,	99	,	0	>
<1702	,	82	,	10	,	8	,	99	,	5	>
<1703	,	83	,	1	,	2	,	88	,	0	>
<1704	,	83	,	1	,	6	,	88	,	8	>
<1705	,	83	,	1	,	7	,	88	,	0	>
<1706	,	83	,	2	,	2	,	85	,	0	>
<1707	,	83	,	2	,	6	,	85	,	8	>
<1708	,	83	,	2	,	7	,	85	,	0	>
<1709	,	83	,	5	,	2	,	83	,	0	>
<1710	,	83	,	5	,	6	,	83	,	8	>
<1711	,	83	,	5	,	7	,	83	,	0	>
<1712	,	83	,	8	,	2	,	89	,	0	>
<1713	,	83	,	8	,	6	,	89	,	8	>
<1714	,	83	,	8	,	7	,	89	,	0	>
<1715	,	83	,	9	,	2	,	59	,	0	>
<1716	,	83	,	9	,	6	,	59	,	6	>
<1717	,	83	,	9	,	7	,	59	,	0	>
<1718	,	83	,	10	,	2	,	89	,	0	>
<1719	,	83	,	10	,	6	,	89	,	8	>
<1720	,	83	,	10	,	7	,	89	,	0	>
<1721	,	84	,	1	,	1	,	95	,	0	>
<1722	,	84	,	1	,	5	,	95	,	5	>
<1723	,	84	,	1	,	6	,	95	,	0	>
<1724	,	84	,	1	,	8	,	95	,	5	>
<1725	,	84	,	3	,	1	,	77	,	0	>
<1726	,	84	,	3	,	5	,	77	,	4	>
<1727	,	84	,	3	,	6	,	77	,	0	>
<1728	,	84	,	3	,	8	,	77	,	4	>
<1729	,	84	,	4	,	1	,	90	,	0	>
<1730	,	84	,	4	,	5	,	90	,	5	>
<1731	,	84	,	4	,	6	,	90	,	0	>
<1732	,	84	,	4	,	8	,	90	,	5	>
<1733	,	84	,	8	,	1	,	89	,	0	>
<1734	,	84	,	8	,	5	,	89	,	5	>
<1735	,	84	,	8	,	6	,	89	,	0	>
<1736	,	84	,	8	,	8	,	89	,	5	>
<1737	,	84	,	9	,	1	,	82	,	0	>
<1738	,	84	,	9	,	5	,	82	,	4	>
<1739	,	84	,	9	,	6	,	82	,	0	>
<1740	,	84	,	9	,	8	,	82	,	4	>
<1741	,	84	,	10	,	1	,	87	,	0	>
<1742	,	84	,	10	,	5	,	87	,	5	>
<1743	,	84	,	10	,	6	,	87	,	0	>
<1744	,	84	,	10	,	8	,	87	,	5	>
<1745	,	85	,	1	,	2	,	35	,	0	>
<1746	,	85	,	1	,	4	,	35	,	3	>
<1747	,	85	,	1	,	6	,	35	,	0	>
<1748	,	85	,	4	,	2	,	30	,	0	>
<1749	,	85	,	4	,	4	,	30	,	3	>
<1750	,	85	,	4	,	6	,	30	,	0	>
<1751	,	85	,	6	,	2	,	77	,	0	>
<1752	,	85	,	6	,	4	,	77	,	7	>
<1753	,	85	,	6	,	6	,	77	,	0	>
<1754	,	86	,	1	,	1	,	13	,	0	>
<1755	,	86	,	1	,	4	,	13	,	1	>
<1756	,	86	,	1	,	5	,	13	,	0	>
<1757	,	86	,	1	,	8	,	13	,	1	>
<1758	,	86	,	3	,	1	,	18	,	0	>
<1759	,	86	,	3	,	4	,	18	,	1	>
<1760	,	86	,	3	,	5	,	18	,	0	>
<1761	,	86	,	3	,	8	,	18	,	1	>
<1762	,	86	,	4	,	1	,	26	,	0	>
<1763	,	86	,	4	,	4	,	26	,	1	>
<1764	,	86	,	4	,	5	,	26	,	0	>
<1765	,	86	,	4	,	8	,	26	,	1	>
<1766	,	86	,	5	,	1	,	34	,	0	>
<1767	,	86	,	5	,	4	,	34	,	2	>
<1768	,	86	,	5	,	5	,	34	,	0	>
<1769	,	86	,	5	,	8	,	34	,	2	>
<1770	,	86	,	6	,	1	,	14	,	0	>
<1771	,	86	,	6	,	4	,	14	,	1	>
<1772	,	86	,	6	,	5	,	14	,	0	>
<1773	,	86	,	6	,	8	,	14	,	1	>
<1774	,	86	,	8	,	1	,	34	,	0	>
<1775	,	86	,	8	,	4	,	34	,	2	>
<1776	,	86	,	8	,	5	,	34	,	0	>
<1777	,	86	,	8	,	8	,	34	,	2	>
<1778	,	87	,	1	,	5	,	91	,	0	>
<1779	,	87	,	1	,	6	,	91	,	8	>
<1780	,	87	,	1	,	7	,	91	,	0	>
<1781	,	87	,	7	,	5	,	65	,	0	>
<1782	,	87	,	7	,	6	,	65	,	6	>
<1783	,	87	,	7	,	7	,	65	,	0	>
<1784	,	87	,	10	,	5	,	91	,	0	>
<1785	,	87	,	10	,	6	,	91	,	8	>
<1786	,	87	,	10	,	7	,	91	,	0	>
<1787	,	88	,	2	,	1	,	49	,	0	>
<1788	,	88	,	2	,	2	,	49	,	3	>
<1789	,	88	,	2	,	4	,	49	,	0	>
<1790	,	88	,	2	,	7	,	49	,	3	>
<1791	,	88	,	3	,	1	,	64	,	0	>
<1792	,	88	,	3	,	2	,	64	,	3	>
<1793	,	88	,	3	,	4	,	64	,	0	>
<1794	,	88	,	3	,	7	,	64	,	3	>
<1795	,	88	,	4	,	1	,	73	,	0	>
<1796	,	88	,	4	,	2	,	73	,	4	>
<1797	,	88	,	4	,	4	,	73	,	0	>
<1798	,	88	,	4	,	7	,	73	,	4	>
<1799	,	88	,	7	,	1	,	40	,	0	>
<1800	,	88	,	7	,	2	,	40	,	2	>
<1801	,	88	,	7	,	4	,	40	,	0	>
<1802	,	88	,	7	,	7	,	40	,	2	>
<1803	,	88	,	8	,	1	,	95	,	0	>
<1804	,	88	,	8	,	2	,	95	,	5	>
<1805	,	88	,	8	,	4	,	95	,	0	>
<1806	,	88	,	8	,	7	,	95	,	5	>
<1807	,	88	,	9	,	1	,	33	,	0	>
<1808	,	88	,	9	,	2	,	33	,	2	>
<1809	,	88	,	9	,	4	,	33	,	0	>
<1810	,	88	,	9	,	7	,	33	,	2	>
<1811	,	88	,	10	,	1	,	97	,	0	>
<1812	,	88	,	10	,	2	,	97	,	5	>
<1813	,	88	,	10	,	4	,	97	,	0	>
<1814	,	88	,	10	,	7	,	97	,	5	>
<1815	,	89	,	1	,	4	,	45	,	0	>
<1816	,	89	,	1	,	7	,	45	,	4	>
<1817	,	89	,	1	,	8	,	45	,	0	>
<1818	,	89	,	3	,	4	,	48	,	0	>
<1819	,	89	,	3	,	7	,	48	,	4	>
<1820	,	89	,	3	,	8	,	48	,	0	>
<1821	,	89	,	4	,	4	,	39	,	0	>
<1822	,	89	,	4	,	7	,	39	,	4	>
<1823	,	89	,	4	,	8	,	39	,	0	>
<1824	,	89	,	5	,	4	,	19	,	0	>
<1825	,	89	,	5	,	7	,	19	,	2	>
<1826	,	89	,	5	,	8	,	19	,	0	>
<1827	,	89	,	7	,	4	,	52	,	0	>
<1828	,	89	,	7	,	7	,	52	,	5	>
<1829	,	89	,	7	,	8	,	52	,	0	>
<1830	,	89	,	8	,	4	,	50	,	0	>
<1831	,	89	,	8	,	7	,	50	,	5	>
<1832	,	89	,	8	,	8	,	50	,	0	>
<1833	,	89	,	9	,	4	,	23	,	0	>
<1834	,	89	,	9	,	7	,	23	,	2	>
<1835	,	89	,	9	,	8	,	23	,	0	>
<1836	,	90	,	2	,	4	,	48	,	0	>
<1837	,	90	,	2	,	5	,	48	,	4	>
<1838	,	90	,	2	,	7	,	48	,	0	>
<1839	,	90	,	3	,	4	,	60	,	0	>
<1840	,	90	,	3	,	5	,	60	,	6	>
<1841	,	90	,	3	,	7	,	60	,	0	>
<1842	,	90	,	4	,	4	,	31	,	0	>
<1843	,	90	,	4	,	5	,	31	,	3	>
<1844	,	90	,	4	,	7	,	31	,	0	>
<1845	,	90	,	5	,	4	,	51	,	0	>
<1846	,	90	,	5	,	5	,	51	,	5	>
<1847	,	90	,	5	,	7	,	51	,	0	>
<1848	,	90	,	6	,	4	,	59	,	0	>
<1849	,	90	,	6	,	5	,	59	,	6	>
<1850	,	90	,	6	,	7	,	59	,	0	>
<1851	,	90	,	7	,	4	,	34	,	0	>
<1852	,	90	,	7	,	5	,	34	,	3	>
<1853	,	90	,	7	,	7	,	34	,	0	>
<1854	,	90	,	9	,	4	,	63	,	0	>
<1855	,	90	,	9	,	5	,	63	,	6	>
<1856	,	90	,	9	,	7	,	63	,	0	>
<1857	,	91	,	1	,	1	,	33	,	0	>
<1858	,	91	,	1	,	2	,	33	,	2	>
<1859	,	91	,	1	,	5	,	33	,	0	>
<1860	,	91	,	1	,	8	,	33	,	2	>
<1861	,	91	,	5	,	1	,	63	,	0	>
<1862	,	91	,	5	,	2	,	63	,	3	>
<1863	,	91	,	5	,	5	,	63	,	0	>
<1864	,	91	,	5	,	8	,	63	,	3	>
<1865	,	91	,	6	,	1	,	84	,	0	>
<1866	,	91	,	6	,	2	,	84	,	4	>
<1867	,	91	,	6	,	5	,	84	,	0	>
<1868	,	91	,	6	,	8	,	84	,	4	>
<1869	,	91	,	9	,	1	,	43	,	0	>
<1870	,	91	,	9	,	2	,	43	,	2	>
<1871	,	91	,	9	,	5	,	43	,	0	>
<1872	,	91	,	9	,	8	,	43	,	2	>
<1873	,	92	,	5	,	1	,	42	,	0	>
<1874	,	92	,	5	,	2	,	42	,	4	>
<1875	,	92	,	5	,	6	,	42	,	0	>
<1876	,	92	,	9	,	1	,	51	,	0	>
<1877	,	92	,	9	,	2	,	51	,	5	>
<1878	,	92	,	9	,	6	,	51	,	0	>
<1879	,	92	,	10	,	1	,	40	,	0	>
<1880	,	92	,	10	,	2	,	40	,	4	>
<1881	,	92	,	10	,	6	,	40	,	0	>
<1882	,	93	,	1	,	3	,	8	,	0	>
<1883	,	93	,	1	,	4	,	8	,	1	>
<1884	,	93	,	1	,	8	,	8	,	0	>
<1885	,	93	,	4	,	3	,	9	,	0	>
<1886	,	93	,	4	,	4	,	9	,	1	>
<1887	,	93	,	4	,	8	,	9	,	0	>
<1888	,	93	,	5	,	3	,	9	,	0	>
<1889	,	93	,	5	,	4	,	9	,	1	>
<1890	,	93	,	5	,	8	,	9	,	0	>
<1891	,	93	,	6	,	3	,	8	,	0	>
<1892	,	93	,	6	,	4	,	8	,	1	>
<1893	,	93	,	6	,	8	,	8	,	0	>
<1894	,	93	,	7	,	3	,	12	,	0	>
<1895	,	93	,	7	,	4	,	12	,	1	>
<1896	,	93	,	7	,	8	,	12	,	0	>
<1897	,	93	,	8	,	3	,	14	,	0	>
<1898	,	93	,	8	,	4	,	14	,	1	>
<1899	,	93	,	8	,	8	,	14	,	0	>
<1900	,	94	,	1	,	1	,	58	,	0	>
<1901	,	94	,	1	,	3	,	58	,	2	>
<1902	,	94	,	1	,	6	,	58	,	0	>
<1903	,	94	,	1	,	7	,	58	,	2	>
<1904	,	94	,	1	,	8	,	58	,	0	>
<1905	,	94	,	2	,	1	,	69	,	0	>
<1906	,	94	,	2	,	3	,	69	,	2	>
<1907	,	94	,	2	,	6	,	69	,	0	>
<1908	,	94	,	2	,	7	,	69	,	2	>
<1909	,	94	,	2	,	8	,	69	,	0	>
<1910	,	94	,	7	,	1	,	39	,	0	>
<1911	,	94	,	7	,	3	,	39	,	1	>
<1912	,	94	,	7	,	6	,	39	,	0	>
<1913	,	94	,	7	,	7	,	39	,	1	>
<1914	,	94	,	7	,	8	,	39	,	0	>
<1915	,	94	,	8	,	1	,	83	,	0	>
<1916	,	94	,	8	,	3	,	83	,	2	>
<1917	,	94	,	8	,	6	,	83	,	0	>
<1918	,	94	,	8	,	7	,	83	,	2	>
<1919	,	94	,	8	,	8	,	83	,	0	>
<1920	,	95	,	1	,	4	,	50	,	0	>
<1921	,	95	,	1	,	5	,	50	,	3	>
<1922	,	95	,	1	,	6	,	50	,	0	>
<1923	,	95	,	1	,	7	,	50	,	3	>
<1924	,	95	,	2	,	4	,	24	,	0	>
<1925	,	95	,	2	,	5	,	24	,	1	>
<1926	,	95	,	2	,	6	,	24	,	0	>
<1927	,	95	,	2	,	7	,	24	,	1	>
<1928	,	95	,	7	,	4	,	57	,	0	>
<1929	,	95	,	7	,	5	,	57	,	3	>
<1930	,	95	,	7	,	6	,	57	,	0	>
<1931	,	95	,	7	,	7	,	57	,	3	>
<1932	,	95	,	10	,	4	,	21	,	0	>
<1933	,	95	,	10	,	5	,	21	,	1	>
<1934	,	95	,	10	,	6	,	21	,	0	>
<1935	,	95	,	10	,	7	,	21	,	1	>
<1936	,	96	,	1	,	3	,	91	,	0	>
<1937	,	96	,	1	,	4	,	91	,	8	>
<1938	,	96	,	1	,	7	,	91	,	0	>
<1939	,	96	,	4	,	3	,	74	,	0	>
<1940	,	96	,	4	,	4	,	74	,	7	>
<1941	,	96	,	4	,	7	,	74	,	0	>
<1942	,	96	,	5	,	3	,	74	,	0	>
<1943	,	96	,	5	,	4	,	74	,	7	>
<1944	,	96	,	5	,	7	,	74	,	0	>
<1945	,	96	,	9	,	3	,	87	,	0	>
<1946	,	96	,	9	,	4	,	87	,	8	>
<1947	,	96	,	9	,	7	,	87	,	0	>
<1948	,	96	,	10	,	3	,	70	,	0	>
<1949	,	96	,	10	,	4	,	70	,	7	>
<1950	,	96	,	10	,	7	,	70	,	0	>
<1951	,	97	,	1	,	1	,	99	,	0	>
<1952	,	97	,	1	,	5	,	99	,	9	>
<1953	,	97	,	1	,	6	,	99	,	0	>
<1954	,	97	,	4	,	1	,	99	,	0	>
<1955	,	97	,	4	,	5	,	99	,	9	>
<1956	,	97	,	4	,	6	,	99	,	0	>
<1957	,	97	,	5	,	1	,	99	,	0	>
<1958	,	97	,	5	,	5	,	99	,	9	>
<1959	,	97	,	5	,	6	,	99	,	0	>
<1960	,	97	,	6	,	1	,	99	,	0	>
<1961	,	97	,	6	,	5	,	99	,	9	>
<1962	,	97	,	6	,	6	,	99	,	0	>
<1963	,	97	,	7	,	1	,	99	,	0	>
<1964	,	97	,	7	,	5	,	99	,	9	>
<1965	,	97	,	7	,	6	,	99	,	0	>
<1966	,	97	,	10	,	1	,	99	,	0	>
<1967	,	97	,	10	,	5	,	99	,	9	>
<1968	,	97	,	10	,	6	,	99	,	0	>
<1969	,	98	,	1	,	1	,	87	,	0	>
<1970	,	98	,	1	,	3	,	87	,	5	>
<1971	,	98	,	1	,	7	,	87	,	0	>
<1972	,	98	,	1	,	8	,	87	,	5	>
<1973	,	98	,	4	,	1	,	39	,	0	>
<1974	,	98	,	4	,	3	,	39	,	2	>
<1975	,	98	,	4	,	7	,	39	,	0	>
<1976	,	98	,	4	,	8	,	39	,	2	>
<1977	,	98	,	5	,	1	,	63	,	0	>
<1978	,	98	,	5	,	3	,	63	,	3	>
<1979	,	98	,	5	,	7	,	63	,	0	>
<1980	,	98	,	5	,	8	,	63	,	3	>
<1981	,	98	,	6	,	1	,	90	,	0	>
<1982	,	98	,	6	,	3	,	90	,	5	>
<1983	,	98	,	6	,	7	,	90	,	0	>
<1984	,	98	,	6	,	8	,	90	,	5	>
<1985	,	98	,	7	,	1	,	81	,	0	>
<1986	,	98	,	7	,	3	,	81	,	4	>
<1987	,	98	,	7	,	7	,	81	,	0	>
<1988	,	98	,	7	,	8	,	81	,	4	>
<1989	,	98	,	8	,	1	,	42	,	0	>
<1990	,	98	,	8	,	3	,	42	,	2	>
<1991	,	98	,	8	,	7	,	42	,	0	>
<1992	,	98	,	8	,	8	,	42	,	2	>
<1993	,	99	,	1	,	2	,	60	,	0	>
<1994	,	99	,	1	,	3	,	60	,	3	>
<1995	,	99	,	1	,	4	,	60	,	0	>
<1996	,	99	,	1	,	6	,	60	,	3	>
<1997	,	99	,	6	,	2	,	96	,	0	>
<1998	,	99	,	6	,	3	,	96	,	5	>
<1999	,	99	,	6	,	4	,	96	,	0	>
<2000	,	99	,	6	,	6	,	96	,	5	>
<2001	,	99	,	7	,	2	,	98	,	0	>
<2002	,	99	,	7	,	3	,	98	,	5	>
<2003	,	99	,	7	,	4	,	98	,	0	>
<2004	,	99	,	7	,	6	,	98	,	5	>
<2005	,	99	,	8	,	2	,	73	,	0	>
<2006	,	99	,	8	,	3	,	73	,	4	>
<2007	,	99	,	8	,	4	,	73	,	0	>
<2008	,	99	,	8	,	6	,	73	,	4	>
<2009	,	99	,	9	,	2	,	99	,	0	>
<2010	,	99	,	9	,	3	,	99	,	5	>
<2011	,	99	,	9	,	4	,	99	,	0	>
<2012	,	99	,	9	,	6	,	99	,	5	>
<2013	,	100	,	1	,	1	,	38	,	0	>
<2014	,	100	,	1	,	3	,	38	,	1	>
<2015	,	100	,	1	,	4	,	38	,	0	>
<2016	,	100	,	1	,	5	,	38	,	1	>
<2017	,	100	,	1	,	8	,	38	,	0	>
<2018	,	100	,	2	,	1	,	37	,	0	>
<2019	,	100	,	2	,	3	,	37	,	1	>
<2020	,	100	,	2	,	4	,	37	,	0	>
<2021	,	100	,	2	,	5	,	37	,	1	>
<2022	,	100	,	2	,	8	,	37	,	0	>
<2023	,	100	,	8	,	1	,	28	,	0	>
<2024	,	100	,	8	,	3	,	28	,	1	>
<2025	,	100	,	8	,	4	,	28	,	0	>
<2026	,	100	,	8	,	5	,	28	,	1	>
<2027	,	100	,	8	,	8	,	28	,	0	>
<2028	,	100	,	10	,	1	,	62	,	0	>
<2029	,	100	,	10	,	3	,	62	,	2	>
<2030	,	100	,	10	,	4	,	62	,	0	>
<2031	,	100	,	10	,	5	,	62	,	2	>
<2032	,	100	,	10	,	8	,	62	,	0	>
<2033	,	101	,	2	,	1	,	49	,	0	>
<2034	,	101	,	2	,	5	,	49	,	5	>
<2035	,	101	,	2	,	7	,	49	,	0	>
<2036	,	101	,	4	,	1	,	49	,	0	>
<2037	,	101	,	4	,	5	,	49	,	5	>
<2038	,	101	,	4	,	7	,	49	,	0	>
<2039	,	101	,	6	,	1	,	88	,	0	>
<2040	,	101	,	6	,	5	,	88	,	8	>
<2041	,	101	,	6	,	7	,	88	,	0	>
<2042	,	101	,	7	,	1	,	99	,	0	>
<2043	,	101	,	7	,	5	,	99	,	9	>
<2044	,	101	,	7	,	7	,	99	,	0	>
<2045	,	101	,	9	,	1	,	54	,	0	>
<2046	,	101	,	9	,	5	,	54	,	5	>
<2047	,	101	,	9	,	7	,	54	,	0	>
<2048	,	102	,	1	,	1	,	53	,	0	>
<2049	,	102	,	1	,	5	,	53	,	3	>
<2050	,	102	,	1	,	7	,	53	,	0	>
<2051	,	102	,	1	,	8	,	53	,	3	>
<2052	,	102	,	3	,	1	,	46	,	0	>
<2053	,	102	,	3	,	5	,	46	,	2	>
<2054	,	102	,	3	,	7	,	46	,	0	>
<2055	,	102	,	3	,	8	,	46	,	2	>
<2056	,	102	,	4	,	1	,	52	,	0	>
<2057	,	102	,	4	,	5	,	52	,	3	>
<2058	,	102	,	4	,	7	,	52	,	0	>
<2059	,	102	,	4	,	8	,	52	,	3	>
<2060	,	102	,	6	,	1	,	33	,	0	>
<2061	,	102	,	6	,	5	,	33	,	2	>
<2062	,	102	,	6	,	7	,	33	,	0	>
<2063	,	102	,	6	,	8	,	33	,	2	>
<2064	,	102	,	7	,	1	,	42	,	0	>
<2065	,	102	,	7	,	5	,	42	,	2	>
<2066	,	102	,	7	,	7	,	42	,	0	>
<2067	,	102	,	7	,	8	,	42	,	2	>
<2068	,	102	,	8	,	1	,	18	,	0	>
<2069	,	102	,	8	,	5	,	18	,	1	>
<2070	,	102	,	8	,	7	,	18	,	0	>
<2071	,	102	,	8	,	8	,	18	,	1	>
<2072	,	102	,	10	,	1	,	31	,	0	>
<2073	,	102	,	10	,	5	,	31	,	2	>
<2074	,	102	,	10	,	7	,	31	,	0	>
<2075	,	102	,	10	,	8	,	31	,	2	>
<2076	,	103	,	1	,	4	,	14	,	0	>
<2077	,	103	,	1	,	5	,	14	,	1	>
<2078	,	103	,	1	,	8	,	14	,	0	>
<2079	,	103	,	2	,	4	,	11	,	0	>
<2080	,	103	,	2	,	5	,	11	,	1	>
<2081	,	103	,	2	,	8	,	11	,	0	>
<2082	,	103	,	4	,	4	,	8	,	0	>
<2083	,	103	,	4	,	5	,	8	,	1	>
<2084	,	103	,	4	,	8	,	8	,	0	>
<2085	,	103	,	6	,	4	,	12	,	0	>
<2086	,	103	,	6	,	5	,	12	,	1	>
<2087	,	103	,	6	,	8	,	12	,	0	>
<2088	,	103	,	7	,	4	,	20	,	0	>
<2089	,	103	,	7	,	5	,	20	,	2	>
<2090	,	103	,	7	,	8	,	20	,	0	>
<2091	,	103	,	8	,	4	,	24	,	0	>
<2092	,	103	,	8	,	5	,	24	,	2	>
<2093	,	103	,	8	,	8	,	24	,	0	>
<2094	,	103	,	9	,	4	,	11	,	0	>
<2095	,	103	,	9	,	5	,	11	,	1	>
<2096	,	103	,	9	,	8	,	11	,	0	>
<2097	,	104	,	2	,	2	,	90	,	0	>
<2098	,	104	,	2	,	3	,	90	,	5	>
<2099	,	104	,	2	,	4	,	90	,	0	>
<2100	,	104	,	2	,	7	,	90	,	5	>
<2101	,	104	,	3	,	2	,	86	,	0	>
<2102	,	104	,	3	,	3	,	86	,	5	>
<2103	,	104	,	3	,	4	,	86	,	0	>
<2104	,	104	,	3	,	7	,	86	,	5	>
<2105	,	104	,	10	,	2	,	96	,	0	>
<2106	,	104	,	10	,	3	,	96	,	5	>
<2107	,	104	,	10	,	4	,	96	,	0	>
<2108	,	104	,	10	,	7	,	96	,	5	>
<2109	,	105	,	3	,	4	,	31	,	0	>
<2110	,	105	,	3	,	5	,	31	,	3	>
<2111	,	105	,	3	,	8	,	31	,	0	>
<2112	,	105	,	4	,	4	,	48	,	0	>
<2113	,	105	,	4	,	5	,	48	,	4	>
<2114	,	105	,	4	,	8	,	48	,	0	>
<2115	,	105	,	5	,	4	,	84	,	0	>
<2116	,	105	,	5	,	5	,	84	,	8	>
<2117	,	105	,	5	,	8	,	84	,	0	>
<2118	,	105	,	6	,	4	,	85	,	0	>
<2119	,	105	,	6	,	5	,	85	,	8	>
<2120	,	105	,	6	,	8	,	85	,	0	>
<2121	,	105	,	9	,	4	,	35	,	0	>
<2122	,	105	,	9	,	5	,	35	,	3	>
<2123	,	105	,	9	,	8	,	35	,	0	>
<2124	,	105	,	10	,	4	,	32	,	0	>
<2125	,	105	,	10	,	5	,	32	,	3	>
<2126	,	105	,	10	,	8	,	32	,	0	>
<2127	,	106	,	1	,	3	,	59	,	0	>
<2128	,	106	,	1	,	4	,	59	,	6	>
<2129	,	106	,	1	,	7	,	59	,	0	>
<2130	,	106	,	2	,	3	,	60	,	0	>
<2131	,	106	,	2	,	4	,	60	,	6	>
<2132	,	106	,	2	,	7	,	60	,	0	>
<2133	,	106	,	8	,	3	,	87	,	0	>
<2134	,	106	,	8	,	4	,	87	,	8	>
<2135	,	106	,	8	,	7	,	87	,	0	>
<2136	,	106	,	10	,	3	,	44	,	0	>
<2137	,	106	,	10	,	4	,	44	,	4	>
<2138	,	106	,	10	,	7	,	44	,	0	>
<2139	,	107	,	1	,	2	,	93	,	0	>
<2140	,	107	,	1	,	3	,	93	,	5	>
<2141	,	107	,	1	,	4	,	93	,	0	>
<2142	,	107	,	1	,	6	,	93	,	5	>
<2143	,	107	,	2	,	2	,	74	,	0	>
<2144	,	107	,	2	,	3	,	74	,	4	>
<2145	,	107	,	2	,	4	,	74	,	0	>
<2146	,	107	,	2	,	6	,	74	,	4	>
<2147	,	107	,	4	,	2	,	67	,	0	>
<2148	,	107	,	4	,	3	,	67	,	4	>
<2149	,	107	,	4	,	4	,	67	,	0	>
<2150	,	107	,	4	,	6	,	67	,	4	>
<2151	,	107	,	5	,	2	,	98	,	0	>
<2152	,	107	,	5	,	3	,	98	,	5	>
<2153	,	107	,	5	,	4	,	98	,	0	>
<2154	,	107	,	5	,	6	,	98	,	5	>
<2155	,	107	,	6	,	2	,	48	,	0	>
<2156	,	107	,	6	,	3	,	48	,	3	>
<2157	,	107	,	6	,	4	,	48	,	0	>
<2158	,	107	,	6	,	6	,	48	,	3	>
<2159	,	107	,	8	,	2	,	97	,	0	>
<2160	,	107	,	8	,	3	,	97	,	5	>
<2161	,	107	,	8	,	4	,	97	,	0	>
<2162	,	107	,	8	,	6	,	97	,	5	>
<2163	,	107	,	10	,	2	,	71	,	0	>
<2164	,	107	,	10	,	3	,	71	,	4	>
<2165	,	107	,	10	,	4	,	71	,	0	>
<2166	,	107	,	10	,	6	,	71	,	4	>
<2167	,	108	,	2	,	1	,	58	,	0	>
<2168	,	108	,	2	,	3	,	58	,	2	>
<2169	,	108	,	2	,	4	,	58	,	0	>
<2170	,	108	,	2	,	5	,	58	,	2	>
<2171	,	108	,	2	,	7	,	58	,	0	>
<2172	,	108	,	3	,	1	,	58	,	0	>
<2173	,	108	,	3	,	3	,	58	,	2	>
<2174	,	108	,	3	,	4	,	58	,	0	>
<2175	,	108	,	3	,	5	,	58	,	2	>
<2176	,	108	,	3	,	7	,	58	,	0	>
<2177	,	108	,	4	,	1	,	68	,	0	>
<2178	,	108	,	4	,	3	,	68	,	2	>
<2179	,	108	,	4	,	4	,	68	,	0	>
<2180	,	108	,	4	,	5	,	68	,	2	>
<2181	,	108	,	4	,	7	,	68	,	0	>
<2182	,	108	,	5	,	1	,	68	,	0	>
<2183	,	108	,	5	,	3	,	68	,	2	>
<2184	,	108	,	5	,	4	,	68	,	0	>
<2185	,	108	,	5	,	5	,	68	,	2	>
<2186	,	108	,	5	,	7	,	68	,	0	>
<2187	,	108	,	7	,	1	,	30	,	0	>
<2188	,	108	,	7	,	3	,	30	,	1	>
<2189	,	108	,	7	,	4	,	30	,	0	>
<2190	,	108	,	7	,	5	,	30	,	1	>
<2191	,	108	,	7	,	7	,	30	,	0	>
<2192	,	108	,	8	,	1	,	63	,	0	>
<2193	,	108	,	8	,	3	,	63	,	2	>
<2194	,	108	,	8	,	4	,	63	,	0	>
<2195	,	108	,	8	,	5	,	63	,	2	>
<2196	,	108	,	8	,	7	,	63	,	0	>
<2197	,	108	,	10	,	1	,	25	,	0	>
<2198	,	108	,	10	,	3	,	25	,	1	>
<2199	,	108	,	10	,	4	,	25	,	0	>
<2200	,	108	,	10	,	5	,	25	,	1	>
<2201	,	108	,	10	,	7	,	25	,	0	>
<2202	,	109	,	2	,	1	,	5	,	0	>
<2203	,	109	,	2	,	2	,	5	,	0	>
<2204	,	109	,	2	,	7	,	5	,	0	>
<2205	,	109	,	2	,	8	,	5	,	0	>
<2206	,	109	,	3	,	1	,	5	,	0	>
<2207	,	109	,	3	,	2	,	5	,	0	>
<2208	,	109	,	3	,	7	,	5	,	0	>
<2209	,	109	,	3	,	8	,	5	,	0	>
<2210	,	109	,	5	,	1	,	2	,	0	>
<2211	,	109	,	5	,	2	,	2	,	0	>
<2212	,	109	,	5	,	7	,	2	,	0	>
<2213	,	109	,	5	,	8	,	2	,	0	>
<2214	,	109	,	7	,	1	,	5	,	0	>
<2215	,	109	,	7	,	2	,	5	,	0	>
<2216	,	109	,	7	,	7	,	5	,	0	>
<2217	,	109	,	7	,	8	,	5	,	0	>
<2218	,	109	,	8	,	1	,	2	,	0	>
<2219	,	109	,	8	,	2	,	2	,	0	>
<2220	,	109	,	8	,	7	,	2	,	0	>
<2221	,	109	,	8	,	8	,	2	,	0	>
<2222	,	109	,	9	,	1	,	5	,	0	>
<2223	,	109	,	9	,	2	,	5	,	0	>
<2224	,	109	,	9	,	7	,	5	,	0	>
<2225	,	109	,	9	,	8	,	5	,	0	>
<2226	,	109	,	10	,	1	,	5	,	0	>
<2227	,	109	,	10	,	2	,	5	,	0	>
<2228	,	109	,	10	,	7	,	5	,	0	>
<2229	,	109	,	10	,	8	,	5	,	0	>
<2230	,	110	,	1	,	2	,	61	,	0	>
<2231	,	110	,	1	,	4	,	61	,	3	>
<2232	,	110	,	1	,	5	,	61	,	0	>
<2233	,	110	,	1	,	6	,	61	,	3	>
<2234	,	110	,	2	,	2	,	40	,	0	>
<2235	,	110	,	2	,	4	,	40	,	2	>
<2236	,	110	,	2	,	5	,	40	,	0	>
<2237	,	110	,	2	,	6	,	40	,	2	>
<2238	,	110	,	5	,	2	,	99	,	0	>
<2239	,	110	,	5	,	4	,	99	,	5	>
<2240	,	110	,	5	,	5	,	99	,	0	>
<2241	,	110	,	5	,	6	,	99	,	5	>
<2242	,	110	,	6	,	2	,	92	,	0	>
<2243	,	110	,	6	,	4	,	92	,	5	>
<2244	,	110	,	6	,	5	,	92	,	0	>
<2245	,	110	,	6	,	6	,	92	,	5	>
<2246	,	110	,	7	,	2	,	90	,	0	>
<2247	,	110	,	7	,	4	,	90	,	5	>
<2248	,	110	,	7	,	5	,	90	,	0	>
<2249	,	110	,	7	,	6	,	90	,	5	>
<2250	,	110	,	8	,	2	,	38	,	0	>
<2251	,	110	,	8	,	4	,	38	,	2	>
<2252	,	110	,	8	,	5	,	38	,	0	>
<2253	,	110	,	8	,	6	,	38	,	2	>
<2254	,	110	,	9	,	2	,	86	,	0	>
<2255	,	110	,	9	,	4	,	86	,	5	>
<2256	,	110	,	9	,	5	,	86	,	0	>
<2257	,	110	,	9	,	6	,	86	,	5	>
<2258	,	111	,	1	,	3	,	99	,	0	>
<2259	,	111	,	1	,	6	,	99	,	9	>
<2260	,	111	,	1	,	8	,	99	,	0	>
<2261	,	111	,	2	,	3	,	95	,	0	>
<2262	,	111	,	2	,	6	,	95	,	9	>
<2263	,	111	,	2	,	8	,	95	,	0	>
<2264	,	111	,	3	,	3	,	95	,	0	>
<2265	,	111	,	3	,	6	,	95	,	9	>
<2266	,	111	,	3	,	8	,	95	,	0	>
<2267	,	111	,	4	,	3	,	95	,	0	>
<2268	,	111	,	4	,	6	,	95	,	9	>
<2269	,	111	,	4	,	8	,	95	,	0	>
<2270	,	111	,	8	,	3	,	95	,	0	>
<2271	,	111	,	8	,	6	,	95	,	9	>
<2272	,	111	,	8	,	8	,	95	,	0	>
<2273	,	111	,	9	,	3	,	96	,	0	>
<2274	,	111	,	9	,	6	,	96	,	9	>
<2275	,	111	,	9	,	8	,	96	,	0	>
<2276	,	112	,	5	,	1	,	83	,	0	>
<2277	,	112	,	5	,	4	,	83	,	8	>
<2278	,	112	,	5	,	6	,	83	,	0	>
<2279	,	112	,	6	,	1	,	96	,	0	>
<2280	,	112	,	6	,	4	,	96	,	9	>
<2281	,	112	,	6	,	6	,	96	,	0	>
<2282	,	112	,	8	,	1	,	96	,	0	>
<2283	,	112	,	8	,	4	,	96	,	9	>
<2284	,	112	,	8	,	6	,	96	,	0	>
<2285	,	112	,	9	,	1	,	93	,	0	>
<2286	,	112	,	9	,	4	,	93	,	9	>
<2287	,	112	,	9	,	6	,	93	,	0	>
<2288	,	113	,	3	,	2	,	37	,	0	>
<2289	,	113	,	3	,	4	,	37	,	2	>
<2290	,	113	,	3	,	6	,	37	,	0	>
<2291	,	113	,	3	,	7	,	37	,	2	>
<2292	,	113	,	5	,	2	,	17	,	0	>
<2293	,	113	,	5	,	4	,	17	,	1	>
<2294	,	113	,	5	,	6	,	17	,	0	>
<2295	,	113	,	5	,	7	,	17	,	1	>
<2296	,	113	,	6	,	2	,	35	,	0	>
<2297	,	113	,	6	,	4	,	35	,	2	>
<2298	,	113	,	6	,	6	,	35	,	0	>
<2299	,	113	,	6	,	7	,	35	,	2	>
<2300	,	113	,	8	,	2	,	17	,	0	>
<2301	,	113	,	8	,	4	,	17	,	1	>
<2302	,	113	,	8	,	6	,	17	,	0	>
<2303	,	113	,	8	,	7	,	17	,	1	>
<2304	,	113	,	9	,	2	,	20	,	0	>
<2305	,	113	,	9	,	4	,	20	,	1	>
<2306	,	113	,	9	,	6	,	20	,	0	>
<2307	,	113	,	9	,	7	,	20	,	1	>
<2308	,	114	,	1	,	3	,	57	,	0	>
<2309	,	114	,	1	,	5	,	57	,	3	>
<2310	,	114	,	1	,	6	,	57	,	0	>
<2311	,	114	,	1	,	8	,	57	,	3	>
<2312	,	114	,	2	,	3	,	48	,	0	>
<2313	,	114	,	2	,	5	,	48	,	3	>
<2314	,	114	,	2	,	6	,	48	,	0	>
<2315	,	114	,	2	,	8	,	48	,	3	>
<2316	,	114	,	3	,	3	,	57	,	0	>
<2317	,	114	,	3	,	5	,	57	,	3	>
<2318	,	114	,	3	,	6	,	57	,	0	>
<2319	,	114	,	3	,	8	,	57	,	3	>
<2320	,	114	,	4	,	3	,	32	,	0	>
<2321	,	114	,	4	,	5	,	32	,	2	>
<2322	,	114	,	4	,	6	,	32	,	0	>
<2323	,	114	,	4	,	8	,	32	,	2	>
<2324	,	114	,	7	,	3	,	19	,	0	>
<2325	,	114	,	7	,	5	,	19	,	1	>
<2326	,	114	,	7	,	6	,	19	,	0	>
<2327	,	114	,	7	,	8	,	19	,	1	>
<2328	,	114	,	8	,	3	,	55	,	0	>
<2329	,	114	,	8	,	5	,	55	,	3	>
<2330	,	114	,	8	,	6	,	55	,	0	>
<2331	,	114	,	8	,	8	,	55	,	3	>
<2332	,	114	,	10	,	3	,	31	,	0	>
<2333	,	114	,	10	,	5	,	31	,	2	>
<2334	,	114	,	10	,	6	,	31	,	0	>
<2335	,	114	,	10	,	8	,	31	,	2	>
<2336	,	115	,	3	,	1	,	67	,	0	>
<2337	,	115	,	3	,	2	,	67	,	2	>
<2338	,	115	,	3	,	3	,	67	,	0	>
<2339	,	115	,	3	,	6	,	67	,	2	>
<2340	,	115	,	3	,	7	,	67	,	0	>
<2341	,	115	,	4	,	1	,	49	,	0	>
<2342	,	115	,	4	,	2	,	49	,	1	>
<2343	,	115	,	4	,	3	,	49	,	0	>
<2344	,	115	,	4	,	6	,	49	,	1	>
<2345	,	115	,	4	,	7	,	49	,	0	>
<2346	,	115	,	5	,	1	,	54	,	0	>
<2347	,	115	,	5	,	2	,	54	,	2	>
<2348	,	115	,	5	,	3	,	54	,	0	>
<2349	,	115	,	5	,	6	,	54	,	2	>
<2350	,	115	,	5	,	7	,	54	,	0	>
<2351	,	115	,	7	,	1	,	39	,	0	>
<2352	,	115	,	7	,	2	,	39	,	1	>
<2353	,	115	,	7	,	3	,	39	,	0	>
<2354	,	115	,	7	,	6	,	39	,	1	>
<2355	,	115	,	7	,	7	,	39	,	0	>
<2356	,	115	,	8	,	1	,	82	,	0	>
<2357	,	115	,	8	,	2	,	82	,	2	>
<2358	,	115	,	8	,	3	,	82	,	0	>
<2359	,	115	,	8	,	6	,	82	,	2	>
<2360	,	115	,	8	,	7	,	82	,	0	>
<2361	,	115	,	10	,	1	,	61	,	0	>
<2362	,	115	,	10	,	2	,	61	,	2	>
<2363	,	115	,	10	,	3	,	61	,	0	>
<2364	,	115	,	10	,	6	,	61	,	2	>
<2365	,	115	,	10	,	7	,	61	,	0	>
<2366	,	116	,	2	,	1	,	93	,	0	>
<2367	,	116	,	2	,	2	,	93	,	3	>
<2368	,	116	,	2	,	3	,	93	,	0	>
<2369	,	116	,	2	,	7	,	93	,	3	>
<2370	,	116	,	2	,	8	,	93	,	0	>
<2371	,	116	,	3	,	1	,	85	,	0	>
<2372	,	116	,	3	,	2	,	85	,	2	>
<2373	,	116	,	3	,	3	,	85	,	0	>
<2374	,	116	,	3	,	7	,	85	,	2	>
<2375	,	116	,	3	,	8	,	85	,	0	>
<2376	,	116	,	5	,	1	,	75	,	0	>
<2377	,	116	,	5	,	2	,	75	,	2	>
<2378	,	116	,	5	,	3	,	75	,	0	>
<2379	,	116	,	5	,	7	,	75	,	2	>
<2380	,	116	,	5	,	8	,	75	,	0	>
<2381	,	116	,	6	,	1	,	93	,	0	>
<2382	,	116	,	6	,	2	,	93	,	3	>
<2383	,	116	,	6	,	3	,	93	,	0	>
<2384	,	116	,	6	,	7	,	93	,	3	>
<2385	,	116	,	6	,	8	,	93	,	0	>
<2386	,	116	,	7	,	1	,	75	,	0	>
<2387	,	116	,	7	,	2	,	75	,	2	>
<2388	,	116	,	7	,	3	,	75	,	0	>
<2389	,	116	,	7	,	7	,	75	,	2	>
<2390	,	116	,	7	,	8	,	75	,	0	>
<2391	,	116	,	8	,	1	,	79	,	0	>
<2392	,	116	,	8	,	2	,	79	,	2	>
<2393	,	116	,	8	,	3	,	79	,	0	>
<2394	,	116	,	8	,	7	,	79	,	2	>
<2395	,	116	,	8	,	8	,	79	,	0	>
<2396	,	117	,	2	,	4	,	33	,	0	>
<2397	,	117	,	2	,	5	,	33	,	2	>
<2398	,	117	,	2	,	6	,	33	,	0	>
<2399	,	117	,	2	,	7	,	33	,	2	>
<2400	,	117	,	5	,	4	,	59	,	0	>
<2401	,	117	,	5	,	5	,	59	,	3	>
<2402	,	117	,	5	,	6	,	59	,	0	>
<2403	,	117	,	5	,	7	,	59	,	3	>
<2404	,	117	,	7	,	4	,	28	,	0	>
<2405	,	117	,	7	,	5	,	28	,	1	>
<2406	,	117	,	7	,	6	,	28	,	0	>
<2407	,	117	,	7	,	7	,	28	,	1	>
<2408	,	117	,	8	,	4	,	35	,	0	>
<2409	,	117	,	8	,	5	,	35	,	2	>
<2410	,	117	,	8	,	6	,	35	,	0	>
<2411	,	117	,	8	,	7	,	35	,	2	>
<2412	,	117	,	10	,	4	,	84	,	0	>
<2413	,	117	,	10	,	5	,	84	,	4	>
<2414	,	117	,	10	,	6	,	84	,	0	>
<2415	,	117	,	10	,	7	,	84	,	4	>
};