// XtraLGS y resolución directa de hechoDRC_DAFJS16_w6_vamos5_120ops10m6w10jobs

//&&&&&&&&&&&&&&&&&&&&&&&&&& RESUELVO CON LAGS POR WORKER TORPER EN ALOBRUTO SOBRE wXDA16   &&&&&&&&&&&&&&&&&&&&&&&&&&&&&&&&&
// hechoDRC_DAFJS16_w6_vamos5_120ops10m6w10jobs.... Y SUS 1767 MODOS A LO BRUTO.
IS_ALOBRUTO=1;

// DAFJS16 pero DCR:  hechoDRC_DAFJS16_w6_vamos5_120ops10m6w10jobs.txt
//        Ntaks, nMachs, nWORKERs
Params = 	<120, 10, 6>;

precedences ={
<	1	,	2	,	0	>,
<	2	,	3	,	0	>,
<	3	,	4	,	0	>,
<	4	,	5	,	0	>,
<	4	,	6	,	0	>,
<	4	,	7	,	0	>,
<	8	,	9	,	0	>,
<	9	,	10	,	0	>,
<	10	,	11	,	0	>,
<	11	,	15	,	0	>,
<	8	,	12	,	0	>,
<	12	,	13	,	0	>,
<	13	,	14	,	0	>,
<	14	,	15	,	0	>,
<	15	,	16	,	0	>,
<	16	,	17	,	0	>,
<	18	,	19	,	0	>,
<	19	,	20	,	0	>,
<	20	,	21	,	0	>,
<	21	,	22	,	0	>,
<	22	,	33	,	0	>,
<	23	,	24	,	0	>,
<	24	,	25	,	0	>,
<	25	,	26	,	0	>,
<	26	,	27	,	0	>,
<	27	,	33	,	0	>,
<	28	,	29	,	0	>,
<	29	,	30	,	0	>,
<	30	,	31	,	0	>,
<	31	,	32	,	0	>,
<	32	,	33	,	0	>,
<	33	,	34	,	0	>,
<	34	,	35	,	0	>,
<	35	,	36	,	0	>,
<	37	,	38	,	0	>,
<	38	,	39	,	0	>,
<	39	,	40	,	0	>,
<	40	,	41	,	0	>,
<	41	,	42	,	0	>,
<	42	,	43	,	0	>,
<	43	,	44	,	0	>,
<	38	,	45	,	0	>,
<	45	,	46	,	0	>,
<	46	,	47	,	0	>,
<	47	,	48	,	0	>,
<	48	,	49	,	0	>,
<	49	,	50	,	0	>,
<	38	,	51	,	0	>,
<	51	,	52	,	0	>,
<	52	,	53	,	0	>,
<	53	,	54	,	0	>,
<	54	,	55	,	0	>,
<	55	,	56	,	0	>,
<	57	,	58	,	0	>,
<	58	,	59	,	0	>,
<	59	,	60	,	0	>,
<	60	,	65	,	0	>,
<	61	,	62	,	0	>,
<	62	,	63	,	0	>,
<	63	,	64	,	0	>,
<	64	,	65	,	0	>,
<	66	,	67	,	0	>,
<	67	,	68	,	0	>,
<	68	,	73	,	0	>,
<	66	,	69	,	0	>,
<	69	,	70	,	0	>,
<	70	,	73	,	0	>,
<	66	,	71	,	0	>,
<	71	,	72	,	0	>,
<	72	,	73	,	0	>,
<	73	,	74	,	0	>,
<	75	,	76	,	0	>,
<	76	,	77	,	0	>,
<	77	,	78	,	0	>,
<	78	,	79	,	0	>,
<	79	,	90	,	0	>,
<	80	,	81	,	0	>,
<	81	,	82	,	0	>,
<	82	,	83	,	0	>,
<	83	,	84	,	0	>,
<	84	,	90	,	0	>,
<	85	,	86	,	0	>,
<	86	,	87	,	0	>,
<	87	,	88	,	0	>,
<	88	,	89	,	0	>,
<	89	,	90	,	0	>,
<	90	,	91	,	0	>,
<	91	,	92	,	0	>,
<	93	,	94	,	0	>,
<	94	,	95	,	0	>,
<	95	,	96	,	0	>,
<	96	,	97	,	0	>,
<	97	,	98	,	0	>,
<	98	,	99	,	0	>,
<	99	,	100	,	0	>,
<	100	,	102	,	0	>,
<	99	,	101	,	0	>,
<	101	,	102	,	0	>,
<	103	,	104	,	0	>,
<	104	,	105	,	0	>,
<	105	,	106	,	0	>,
<	106	,	107	,	0	>,
<	106	,	108	,	0	>,
<	109	,	110	,	0	>,
<	110	,	111	,	0	>,
<	111	,	112	,	0	>,
<	112	,	113	,	0	>,
<	113	,	114	,	0	>,
<	114	,	115	,	0	>,
<	115	,	116	,	0	>,
<	116	,	117	,	0	>,
<	117	,	118	,	0	>,
<	116	,	119	,	0	>,
<	119	,	120	,	0	>
};


Modes = {
<0 , 1 , 3, 1, 93	,	0	>
<1 , 1 , 3, 2, 93	,	1	>
<2 , 1 , 3, 4, 93	,	0	>
<3 , 1 , 3, 5, 93	,	1	>
<4 , 1 , 5, 1, 87	,	0	>
<5 , 1 , 5, 2, 87	,	1	>
<6 , 1 , 5, 4, 87	,	0	>
<7 , 1 , 5, 5, 87	,	1	>
<8 , 1 , 7, 1, 94	,	0	>
<9 , 1 , 7, 2, 94	,	1	>
<10 , 1 , 7, 4, 94	,	0	>
<11 , 1 , 7, 5, 94	,	1	>
<12 , 1 , 8, 1, 79	,	0	>
<13 , 1 , 8, 2, 79	,	1	>
<14 , 1 , 8, 4, 79	,	0	>
<15 , 1 , 8, 5, 79	,	1	>
<16 , 1 , 9, 1, 69	,	0	>
<17 , 1 , 9, 2, 69	,	1	>
<18 , 1 , 9, 4, 69	,	0	>
<19 , 1 , 9, 5, 69	,	1	>
<20 , 1 , 10, 1, 85	,	0	>
<21 , 1 , 10, 2, 85	,	1	>
<22 , 1 , 10, 4, 85	,	0	>
<23 , 1 , 10, 5, 85	,	1	>
<24 , 2 , 2, 1, 66	,	0	>
<25 , 2 , 2, 2, 66	,	1	>
<26 , 2 , 2, 3, 66	,	0	>
<27 , 2 , 2, 6, 66	,	1	>
<28 , 2 , 4, 1, 93	,	0	>
<29 , 2 , 4, 2, 93	,	1	>
<30 , 2 , 4, 3, 93	,	0	>
<31 , 2 , 4, 6, 93	,	1	>
<32 , 2 , 5, 1, 96	,	0	>
<33 , 2 , 5, 2, 96	,	1	>
<34 , 2 , 5, 3, 96	,	0	>
<35 , 2 , 5, 6, 96	,	1	>
<36 , 2 , 6, 1, 95	,	0	>
<37 , 2 , 6, 2, 95	,	1	>
<38 , 2 , 6, 3, 95	,	0	>
<39 , 2 , 6, 6, 95	,	1	>
<40 , 2 , 7, 1, 79	,	0	>
<41 , 2 , 7, 2, 79	,	1	>
<42 , 2 , 7, 3, 79	,	0	>
<43 , 2 , 7, 6, 79	,	1	>
<44 , 2 , 9, 1, 61	,	0	>
<45 , 2 , 9, 2, 61	,	1	>
<46 , 2 , 9, 3, 61	,	0	>
<47 , 2 , 9, 6, 61	,	1	>
<48 , 2 , 10, 1, 87	,	0	>
<49 , 2 , 10, 2, 87	,	1	>
<50 , 2 , 10, 3, 87	,	0	>
<51 , 2 , 10, 6, 87	,	1	>
<52 , 3 , 1, 1, 85	,	0	>
<53 , 3 , 1, 2, 85	,	1	>
<54 , 3 , 1, 3, 85	,	0	>
<55 , 3 , 1, 6, 85	,	1	>
<56 , 3 , 4, 1, 50	,	0	>
<57 , 3 , 4, 2, 50	,	0	>
<58 , 3 , 4, 3, 50	,	0	>
<59 , 3 , 4, 6, 50	,	0	>
<60 , 3 , 5, 1, 45	,	0	>
<61 , 3 , 5, 2, 45	,	0	>
<62 , 3 , 5, 3, 45	,	0	>
<63 , 3 , 5, 6, 45	,	0	>
<64 , 3 , 7, 1, 86	,	0	>
<65 , 3 , 7, 2, 86	,	1	>
<66 , 3 , 7, 3, 86	,	0	>
<67 , 3 , 7, 6, 86	,	1	>
<68 , 3 , 8, 1, 92	,	0	>
<69 , 3 , 8, 2, 92	,	1	>
<70 , 3 , 8, 3, 92	,	0	>
<71 , 3 , 8, 6, 92	,	1	>
<72 , 4 , 1, 2, 15	,	0	>
<73 , 4 , 1, 5, 15	,	0	>
<74 , 4 , 1, 6, 15	,	0	>
<75 , 4 , 3, 2, 36	,	0	>
<76 , 4 , 3, 5, 36	,	1	>
<77 , 4 , 3, 6, 36	,	0	>
<78 , 4 , 4, 2, 25	,	0	>
<79 , 4 , 4, 5, 25	,	0	>
<80 , 4 , 4, 6, 25	,	0	>
<81 , 4 , 5, 2, 31	,	0	>
<82 , 4 , 5, 5, 31	,	1	>
<83 , 4 , 5, 6, 31	,	0	>
<84 , 4 , 6, 2, 24	,	0	>
<85 , 4 , 6, 5, 24	,	0	>
<86 , 4 , 6, 6, 24	,	0	>
<87 , 4 , 8, 2, 24	,	0	>
<88 , 4 , 8, 5, 24	,	0	>
<89 , 4 , 8, 6, 24	,	0	>
<90 , 4 , 9, 2, 30	,	0	>
<91 , 4 , 9, 5, 30	,	1	>
<92 , 4 , 9, 6, 30	,	0	>
<93 , 5 , 1, 1, 90	,	0	>
<94 , 5 , 1, 6, 90	,	4	>
<95 , 5 , 6, 1, 89	,	0	>
<96 , 5 , 6, 6, 89	,	4	>
<97 , 5 , 7, 1, 92	,	0	>
<98 , 5 , 7, 6, 92	,	4	>
<99 , 5 , 9, 1, 95	,	0	>
<100 , 5 , 9, 6, 95	,	4	>
<101 , 6 , 4, 3, 79	,	0	>
<102 , 6 , 4, 5, 79	,	2	>
<103 , 6 , 4, 6, 79	,	0	>
<104 , 6 , 5, 3, 47	,	0	>
<105 , 6 , 5, 5, 47	,	1	>
<106 , 6 , 5, 6, 47	,	0	>
<107 , 6 , 9, 3, 78	,	0	>
<108 , 6 , 9, 5, 78	,	2	>
<109 , 6 , 9, 6, 78	,	0	>
<110 , 6 , 10, 3, 49	,	0	>
<111 , 6 , 10, 5, 49	,	1	>
<112 , 6 , 10, 6, 49	,	0	>
<113 , 7 , 3, 1, 39	,	0	>
<114 , 7 , 3, 2, 39	,	1	>
<115 , 7 , 3, 5, 39	,	0	>
<116 , 7 , 4, 1, 16	,	0	>
<117 , 7 , 4, 2, 16	,	0	>
<118 , 7 , 4, 5, 16	,	0	>
<119 , 7 , 9, 1, 16	,	0	>
<120 , 7 , 9, 2, 16	,	0	>
<121 , 7 , 9, 5, 16	,	0	>
<122 , 8 , 1, 2, 18	,	0	>
<123 , 8 , 1, 4, 18	,	0	>
<124 , 8 , 1, 5, 18	,	0	>
<125 , 8 , 1, 6, 18	,	0	>
<126 , 8 , 3, 2, 11	,	0	>
<127 , 8 , 3, 4, 11	,	0	>
<128 , 8 , 3, 5, 11	,	0	>
<129 , 8 , 3, 6, 11	,	0	>
<130 , 8 , 7, 2, 25	,	0	>
<131 , 8 , 7, 4, 25	,	0	>
<132 , 8 , 7, 5, 25	,	0	>
<133 , 8 , 7, 6, 25	,	0	>
<134 , 8 , 9, 2, 13	,	0	>
<135 , 8 , 9, 4, 13	,	0	>
<136 , 8 , 9, 5, 13	,	0	>
<137 , 8 , 9, 6, 13	,	0	>
<138 , 9 , 1, 5, 94	,	0	>
<139 , 9 , 1, 6, 94	,	4	>
<140 , 9 , 2, 5, 96	,	0	>
<141 , 9 , 2, 6, 96	,	4	>
<142 , 9 , 4, 5, 95	,	0	>
<143 , 9 , 4, 6, 95	,	4	>
<144 , 9 , 5, 5, 99	,	0	>
<145 , 9 , 5, 6, 99	,	4	>
<146 , 9 , 10, 5, 96	,	0	>
<147 , 9 , 10, 6, 96	,	4	>
<148 , 10 , 2, 2, 20	,	0	>
<149 , 10 , 2, 5, 20	,	1	>
<150 , 10 , 4, 2, 28	,	0	>
<151 , 10 , 4, 5, 28	,	1	>
<152 , 10 , 5, 2, 19	,	0	>
<153 , 10 , 5, 5, 19	,	1	>
<154 , 10 , 7, 2, 41	,	0	>
<155 , 10 , 7, 5, 41	,	2	>
<156 , 11 , 1, 1, 85	,	0	>
<157 , 11 , 1, 2, 85	,	2	>
<158 , 11 , 1, 4, 85	,	0	>
<159 , 11 , 2, 1, 52	,	0	>
<160 , 11 , 2, 2, 52	,	1	>
<161 , 11 , 2, 4, 52	,	0	>
<162 , 11 , 3, 1, 70	,	0	>
<163 , 11 , 3, 2, 70	,	1	>
<164 , 11 , 3, 4, 70	,	0	>
<165 , 11 , 4, 1, 52	,	0	>
<166 , 11 , 4, 2, 52	,	1	>
<167 , 11 , 4, 4, 52	,	0	>
<168 , 11 , 5, 1, 52	,	0	>
<169 , 11 , 5, 2, 52	,	1	>
<170 , 11 , 5, 4, 52	,	0	>
<171 , 11 , 9, 1, 87	,	0	>
<172 , 11 , 9, 2, 87	,	2	>
<173 , 11 , 9, 4, 87	,	0	>
<174 , 11 , 10, 1, 66	,	0	>
<175 , 11 , 10, 2, 66	,	1	>
<176 , 11 , 10, 4, 66	,	0	>
<177 , 12 , 1, 1, 16	,	0	>
<178 , 12 , 1, 3, 16	,	0	>
<179 , 12 , 1, 4, 16	,	0	>
<180 , 12 , 1, 5, 16	,	0	>
<181 , 12 , 6, 1, 12	,	0	>
<182 , 12 , 6, 3, 12	,	0	>
<183 , 12 , 6, 4, 12	,	0	>
<184 , 12 , 6, 5, 12	,	0	>
<185 , 12 , 8, 1, 33	,	0	>
<186 , 12 , 8, 3, 33	,	0	>
<187 , 12 , 8, 4, 33	,	0	>
<188 , 12 , 8, 5, 33	,	0	>
<189 , 12 , 9, 1, 11	,	0	>
<190 , 12 , 9, 3, 11	,	0	>
<191 , 12 , 9, 4, 11	,	0	>
<192 , 12 , 9, 5, 11	,	0	>
<193 , 13 , 3, 1, 64	,	0	>
<194 , 13 , 3, 4, 64	,	3	>
<195 , 13 , 4, 1, 60	,	0	>
<196 , 13 , 4, 4, 60	,	2	>
<197 , 13 , 8, 1, 72	,	0	>
<198 , 13 , 8, 4, 72	,	3	>
<199 , 14 , 1, 1, 15	,	0	>
<200 , 14 , 1, 2, 15	,	0	>
<201 , 14 , 1, 4, 15	,	0	>
<202 , 14 , 1, 6, 15	,	0	>
<203 , 14 , 8, 1, 15	,	0	>
<204 , 14 , 8, 2, 15	,	0	>
<205 , 14 , 8, 4, 15	,	0	>
<206 , 14 , 8, 6, 15	,	0	>
<207 , 14 , 10, 1, 33	,	0	>
<208 , 14 , 10, 2, 33	,	0	>
<209 , 14 , 10, 4, 33	,	0	>
<210 , 14 , 10, 6, 33	,	0	>
<211 , 15 , 2, 2, 61	,	0	>
<212 , 15 , 2, 4, 61	,	1	>
<213 , 15 , 2, 5, 61	,	0	>
<214 , 15 , 3, 2, 68	,	0	>
<215 , 15 , 3, 4, 68	,	1	>
<216 , 15 , 3, 5, 68	,	0	>
<217 , 15 , 4, 2, 81	,	0	>
<218 , 15 , 4, 4, 81	,	2	>
<219 , 15 , 4, 5, 81	,	0	>
<220 , 15 , 5, 2, 36	,	0	>
<221 , 15 , 5, 4, 36	,	1	>
<222 , 15 , 5, 5, 36	,	0	>
<223 , 15 , 7, 2, 52	,	0	>
<224 , 15 , 7, 4, 52	,	1	>
<225 , 15 , 7, 5, 52	,	0	>
<226 , 15 , 9, 2, 40	,	0	>
<227 , 15 , 9, 4, 40	,	1	>
<228 , 15 , 9, 5, 40	,	0	>
<229 , 16 , 1, 1, 31	,	0	>
<230 , 16 , 1, 3, 31	,	1	>
<231 , 16 , 2, 1, 45	,	0	>
<232 , 16 , 2, 3, 45	,	2	>
<233 , 16 , 5, 1, 71	,	0	>
<234 , 16 , 5, 3, 71	,	3	>
<235 , 16 , 6, 1, 46	,	0	>
<236 , 16 , 6, 3, 46	,	2	>
<237 , 16 , 7, 1, 87	,	0	>
<238 , 16 , 7, 3, 87	,	3	>
<239 , 16 , 8, 1, 30	,	0	>
<240 , 16 , 8, 3, 30	,	1	>
<241 , 17 , 2, 4, 94	,	0	>
<242 , 17 , 2, 6, 94	,	4	>
<243 , 17 , 8, 4, 99	,	0	>
<244 , 17 , 8, 6, 99	,	4	>
<245 , 17 , 10, 4, 64	,	0	>
<246 , 17 , 10, 6, 64	,	3	>
<247 , 18 , 4, 1, 91	,	0	>
<248 , 18 , 4, 4, 91	,	2	>
<249 , 18 , 4, 6, 91	,	0	>
<250 , 18 , 6, 1, 46	,	0	>
<251 , 18 , 6, 4, 46	,	1	>
<252 , 18 , 6, 6, 46	,	0	>
<253 , 18 , 7, 1, 96	,	0	>
<254 , 18 , 7, 4, 96	,	2	>
<255 , 18 , 7, 6, 96	,	0	>
<256 , 19 , 3, 1, 97	,	0	>
<257 , 19 , 3, 3, 97	,	4	>
<258 , 19 , 4, 1, 97	,	0	>
<259 , 19 , 4, 3, 97	,	4	>
<260 , 19 , 5, 1, 96	,	0	>
<261 , 19 , 5, 3, 96	,	4	>
<262 , 19 , 8, 1, 98	,	0	>
<263 , 19 , 8, 3, 98	,	4	>
<264 , 19 , 9, 1, 96	,	0	>
<265 , 19 , 9, 3, 96	,	4	>
<266 , 19 , 10, 1, 97	,	0	>
<267 , 19 , 10, 3, 97	,	4	>
<268 , 20 , 1, 1, 3	,	0	>
<269 , 20 , 1, 2, 3	,	0	>
<270 , 20 , 1, 4, 3	,	0	>
<271 , 20 , 1, 5, 3	,	0	>
<272 , 20 , 2, 1, 2	,	0	>
<273 , 20 , 2, 2, 2	,	0	>
<274 , 20 , 2, 4, 2	,	0	>
<275 , 20 , 2, 5, 2	,	0	>
<276 , 20 , 4, 1, 1	,	0	>
<277 , 20 , 4, 2, 1	,	0	>
<278 , 20 , 4, 4, 1	,	0	>
<279 , 20 , 4, 5, 1	,	0	>
<280 , 20 , 5, 1, 1	,	0	>
<281 , 20 , 5, 2, 1	,	0	>
<282 , 20 , 5, 4, 1	,	0	>
<283 , 20 , 5, 5, 1	,	0	>
<284 , 20 , 8, 1, 2	,	0	>
<285 , 20 , 8, 2, 2	,	0	>
<286 , 20 , 8, 4, 2	,	0	>
<287 , 20 , 8, 5, 2	,	0	>
<288 , 20 , 10, 1, 2	,	0	>
<289 , 20 , 10, 2, 2	,	0	>
<290 , 20 , 10, 4, 2	,	0	>
<291 , 20 , 10, 5, 2	,	0	>
<292 , 21 , 6, 3, 70	,	0	>
<293 , 21 , 6, 4, 70	,	3	>
<294 , 21 , 9, 3, 93	,	0	>
<295 , 21 , 9, 4, 93	,	4	>
<296 , 21 , 10, 3, 90	,	0	>
<297 , 21 , 10, 4, 90	,	4	>
<298 , 22 , 3, 3, 59	,	0	>
<299 , 22 , 3, 4, 59	,	2	>
<300 , 22 , 4, 3, 93	,	0	>
<301 , 22 , 4, 4, 93	,	4	>
<302 , 22 , 9, 3, 71	,	0	>
<303 , 22 , 9, 4, 71	,	3	>
<304 , 23 , 1, 4, 89	,	0	>
<305 , 23 , 1, 6, 89	,	4	>
<306 , 23 , 2, 4, 37	,	0	>
<307 , 23 , 2, 6, 37	,	1	>
<308 , 23 , 4, 4, 64	,	0	>
<309 , 23 , 4, 6, 64	,	3	>
<310 , 23 , 5, 4, 44	,	0	>
<311 , 23 , 5, 6, 44	,	2	>
<312 , 23 , 6, 4, 42	,	0	>
<313 , 23 , 6, 6, 42	,	2	>
<314 , 23 , 8, 4, 83	,	0	>
<315 , 23 , 8, 6, 83	,	3	>
<316 , 23 , 10, 4, 62	,	0	>
<317 , 23 , 10, 6, 62	,	2	>
<318 , 24 , 4, 2, 93	,	0	>
<319 , 24 , 4, 3, 93	,	4	>
<320 , 24 , 5, 2, 90	,	0	>
<321 , 24 , 5, 3, 90	,	4	>
<322 , 24 , 6, 2, 87	,	0	>
<323 , 24 , 6, 3, 87	,	3	>
<324 , 24 , 9, 2, 95	,	0	>
<325 , 24 , 9, 3, 95	,	4	>
<326 , 24 , 10, 2, 90	,	0	>
<327 , 24 , 10, 3, 90	,	4	>
<328 , 25 , 1, 1, 25	,	0	>
<329 , 25 , 1, 3, 25	,	0	>
<330 , 25 , 1, 6, 25	,	0	>
<331 , 25 , 2, 1, 16	,	0	>
<332 , 25 , 2, 3, 16	,	0	>
<333 , 25 , 2, 6, 16	,	0	>
<334 , 25 , 5, 1, 10	,	0	>
<335 , 25 , 5, 3, 10	,	0	>
<336 , 25 , 5, 6, 10	,	0	>
<337 , 25 , 6, 1, 14	,	0	>
<338 , 25 , 6, 3, 14	,	0	>
<339 , 25 , 6, 6, 14	,	0	>
<340 , 25 , 7, 1, 27	,	0	>
<341 , 25 , 7, 3, 27	,	1	>
<342 , 25 , 7, 6, 27	,	0	>
<343 , 25 , 9, 1, 28	,	0	>
<344 , 25 , 9, 3, 28	,	1	>
<345 , 25 , 9, 6, 28	,	0	>
<346 , 26 , 1, 4, 89	,	0	>
<347 , 26 , 1, 5, 89	,	4	>
<348 , 26 , 3, 4, 78	,	0	>
<349 , 26 , 3, 5, 78	,	3	>
<350 , 26 , 5, 4, 66	,	0	>
<351 , 26 , 5, 5, 66	,	3	>
<352 , 26 , 7, 4, 73	,	0	>
<353 , 26 , 7, 5, 73	,	3	>
<354 , 26 , 8, 4, 69	,	0	>
<355 , 26 , 8, 5, 69	,	3	>
<356 , 26 , 9, 4, 63	,	0	>
<357 , 26 , 9, 5, 63	,	3	>
<358 , 26 , 10, 4, 56	,	0	>
<359 , 26 , 10, 5, 56	,	2	>
<360 , 27 , 1, 1, 68	,	0	>
<361 , 27 , 1, 4, 68	,	3	>
<362 , 27 , 2, 1, 82	,	0	>
<363 , 27 , 2, 4, 82	,	3	>
<364 , 27 , 4, 1, 83	,	0	>
<365 , 27 , 4, 4, 83	,	3	>
<366 , 27 , 5, 1, 61	,	0	>
<367 , 27 , 5, 4, 61	,	2	>
<368 , 27 , 9, 1, 62	,	0	>
<369 , 27 , 9, 4, 62	,	2	>
<370 , 28 , 1, 1, 26	,	0	>
<371 , 28 , 1, 2, 26	,	0	>
<372 , 28 , 1, 4, 26	,	0	>
<373 , 28 , 1, 5, 26	,	0	>
<374 , 28 , 3, 1, 37	,	0	>
<375 , 28 , 3, 2, 37	,	0	>
<376 , 28 , 3, 4, 37	,	0	>
<377 , 28 , 3, 5, 37	,	0	>
<378 , 28 , 4, 1, 77	,	0	>
<379 , 28 , 4, 2, 77	,	1	>
<380 , 28 , 4, 4, 77	,	0	>
<381 , 28 , 4, 5, 77	,	1	>
<382 , 28 , 5, 1, 32	,	0	>
<383 , 28 , 5, 2, 32	,	0	>
<384 , 28 , 5, 4, 32	,	0	>
<385 , 28 , 5, 5, 32	,	0	>
<386 , 28 , 8, 1, 36	,	0	>
<387 , 28 , 8, 2, 36	,	0	>
<388 , 28 , 8, 4, 36	,	0	>
<389 , 28 , 8, 5, 36	,	0	>
<390 , 29 , 3, 1, 83	,	0	>
<391 , 29 , 3, 3, 83	,	2	>
<392 , 29 , 3, 5, 83	,	0	>
<393 , 29 , 5, 1, 84	,	0	>
<394 , 29 , 5, 3, 84	,	2	>
<395 , 29 , 5, 5, 84	,	0	>
<396 , 29 , 6, 1, 66	,	0	>
<397 , 29 , 6, 3, 66	,	1	>
<398 , 29 , 6, 5, 66	,	0	>
<399 , 29 , 7, 1, 68	,	0	>
<400 , 29 , 7, 3, 68	,	1	>
<401 , 29 , 7, 5, 68	,	0	>
<402 , 29 , 8, 1, 66	,	0	>
<403 , 29 , 8, 3, 66	,	1	>
<404 , 29 , 8, 5, 66	,	0	>
<405 , 29 , 9, 1, 88	,	0	>
<406 , 29 , 9, 3, 88	,	2	>
<407 , 29 , 9, 5, 88	,	0	>
<408 , 29 , 10, 1, 82	,	0	>
<409 , 29 , 10, 3, 82	,	2	>
<410 , 29 , 10, 5, 82	,	0	>
<411 , 30 , 2, 1, 12	,	0	>
<412 , 30 , 2, 4, 12	,	0	>
<413 , 30 , 3, 1, 17	,	0	>
<414 , 30 , 3, 4, 17	,	1	>
<415 , 30 , 5, 1, 24	,	0	>
<416 , 30 , 5, 4, 24	,	1	>
<417 , 30 , 6, 1, 12	,	0	>
<418 , 30 , 6, 4, 12	,	0	>
<419 , 30 , 7, 1, 20	,	0	>
<420 , 30 , 7, 4, 20	,	1	>
<421 , 30 , 9, 1, 8	,	0	>
<422 , 30 , 9, 4, 8	,	0	>
<423 , 31 , 1, 1, 5	,	0	>
<424 , 31 , 1, 2, 5	,	0	>
<425 , 31 , 1, 3, 5	,	0	>
<426 , 31 , 1, 5, 5	,	0	>
<427 , 31 , 4, 1, 5	,	0	>
<428 , 31 , 4, 2, 5	,	0	>
<429 , 31 , 4, 3, 5	,	0	>
<430 , 31 , 4, 5, 5	,	0	>
<431 , 31 , 5, 1, 5	,	0	>
<432 , 31 , 5, 2, 5	,	0	>
<433 , 31 , 5, 3, 5	,	0	>
<434 , 31 , 5, 5, 5	,	0	>
<435 , 31 , 6, 1, 2	,	0	>
<436 , 31 , 6, 2, 2	,	0	>
<437 , 31 , 6, 3, 2	,	0	>
<438 , 31 , 6, 5, 2	,	0	>
<439 , 31 , 7, 1, 4	,	0	>
<440 , 31 , 7, 2, 4	,	0	>
<441 , 31 , 7, 3, 4	,	0	>
<442 , 31 , 7, 5, 4	,	0	>
<443 , 31 , 8, 1, 3	,	0	>
<444 , 31 , 8, 2, 3	,	0	>
<445 , 31 , 8, 3, 3	,	0	>
<446 , 31 , 8, 5, 3	,	0	>
<447 , 31 , 9, 1, 3	,	0	>
<448 , 31 , 9, 2, 3	,	0	>
<449 , 31 , 9, 3, 3	,	0	>
<450 , 31 , 9, 5, 3	,	0	>
<451 , 32 , 4, 1, 14	,	0	>
<452 , 32 , 4, 4, 14	,	0	>
<453 , 32 , 4, 5, 14	,	0	>
<454 , 32 , 4, 6, 14	,	0	>
<455 , 32 , 8, 1, 6	,	0	>
<456 , 32 , 8, 4, 6	,	0	>
<457 , 32 , 8, 5, 6	,	0	>
<458 , 32 , 8, 6, 6	,	0	>
<459 , 32 , 9, 1, 8	,	0	>
<460 , 32 , 9, 4, 8	,	0	>
<461 , 32 , 9, 5, 8	,	0	>
<462 , 32 , 9, 6, 8	,	0	>
<463 , 33 , 1, 1, 85	,	0	>
<464 , 33 , 1, 5, 85	,	3	>
<465 , 33 , 8, 1, 74	,	0	>
<466 , 33 , 8, 5, 74	,	3	>
<467 , 33 , 9, 1, 83	,	0	>
<468 , 33 , 9, 5, 83	,	3	>
<469 , 34 , 2, 1, 48	,	0	>
<470 , 34 , 2, 6, 48	,	2	>
<471 , 34 , 5, 1, 33	,	0	>
<472 , 34 , 5, 6, 33	,	1	>
<473 , 34 , 6, 1, 43	,	0	>
<474 , 34 , 6, 6, 43	,	2	>
<475 , 34 , 9, 1, 19	,	0	>
<476 , 34 , 9, 6, 19	,	1	>
<477 , 35 , 1, 1, 38	,	0	>
<478 , 35 , 1, 3, 38	,	1	>
<479 , 35 , 1, 6, 38	,	0	>
<480 , 35 , 4, 1, 34	,	0	>
<481 , 35 , 4, 3, 34	,	1	>
<482 , 35 , 4, 6, 34	,	0	>
<483 , 35 , 5, 1, 69	,	0	>
<484 , 35 , 5, 3, 69	,	1	>
<485 , 35 , 5, 6, 69	,	0	>
<486 , 35 , 6, 1, 82	,	0	>
<487 , 35 , 6, 3, 82	,	2	>
<488 , 35 , 6, 6, 82	,	0	>
<489 , 35 , 10, 1, 29	,	0	>
<490 , 35 , 10, 3, 29	,	1	>
<491 , 35 , 10, 6, 29	,	0	>
<492 , 36 , 1, 2, 61	,	0	>
<493 , 36 , 1, 5, 61	,	2	>
<494 , 36 , 2, 2, 92	,	0	>
<495 , 36 , 2, 5, 92	,	4	>
<496 , 36 , 3, 2, 37	,	0	>
<497 , 36 , 3, 5, 37	,	1	>
<498 , 36 , 4, 2, 96	,	0	>
<499 , 36 , 4, 5, 96	,	4	>
<500 , 36 , 5, 2, 95	,	0	>
<501 , 36 , 5, 5, 95	,	4	>
<502 , 36 , 8, 2, 90	,	0	>
<503 , 36 , 8, 5, 90	,	4	>
<504 , 36 , 9, 2, 54	,	0	>
<505 , 36 , 9, 5, 54	,	2	>
<506 , 37 , 4, 1, 96	,	0	>
<507 , 37 , 4, 2, 96	,	2	>
<508 , 37 , 4, 5, 96	,	0	>
<509 , 37 , 6, 1, 97	,	0	>
<510 , 37 , 6, 2, 97	,	2	>
<511 , 37 , 6, 5, 97	,	0	>
<512 , 37 , 7, 1, 96	,	0	>
<513 , 37 , 7, 2, 96	,	2	>
<514 , 37 , 7, 5, 96	,	0	>
<515 , 37 , 10, 1, 96	,	0	>
<516 , 37 , 10, 2, 96	,	2	>
<517 , 37 , 10, 5, 96	,	0	>
<518 , 38 , 1, 1, 95	,	0	>
<519 , 38 , 1, 3, 95	,	4	>
<520 , 38 , 2, 1, 93	,	0	>
<521 , 38 , 2, 3, 93	,	4	>
<522 , 38 , 3, 1, 97	,	0	>
<523 , 38 , 3, 3, 97	,	4	>
<524 , 38 , 6, 1, 95	,	0	>
<525 , 38 , 6, 3, 95	,	4	>
<526 , 38 , 8, 1, 99	,	0	>
<527 , 38 , 8, 3, 99	,	4	>
<528 , 39 , 1, 5, 95	,	0	>
<529 , 39 , 1, 6, 95	,	4	>
<530 , 39 , 3, 5, 89	,	0	>
<531 , 39 , 3, 6, 89	,	4	>
<532 , 39 , 5, 5, 89	,	0	>
<533 , 39 , 5, 6, 89	,	4	>
<534 , 39 , 10, 5, 91	,	0	>
<535 , 39 , 10, 6, 91	,	4	>
<536 , 40 , 1, 2, 85	,	0	>
<537 , 40 , 1, 3, 85	,	2	>
<538 , 40 , 1, 4, 85	,	0	>
<539 , 40 , 2, 2, 88	,	0	>
<540 , 40 , 2, 3, 88	,	2	>
<541 , 40 , 2, 4, 88	,	0	>
<542 , 40 , 3, 2, 55	,	0	>
<543 , 40 , 3, 3, 55	,	1	>
<544 , 40 , 3, 4, 55	,	0	>
<545 , 40 , 4, 2, 84	,	0	>
<546 , 40 , 4, 3, 84	,	2	>
<547 , 40 , 4, 4, 84	,	0	>
<548 , 40 , 6, 2, 40	,	0	>
<549 , 40 , 6, 3, 40	,	1	>
<550 , 40 , 6, 4, 40	,	0	>
<551 , 41 , 1, 1, 27	,	0	>
<552 , 41 , 1, 3, 27	,	1	>
<553 , 41 , 1, 5, 27	,	0	>
<554 , 41 , 2, 1, 33	,	0	>
<555 , 41 , 2, 3, 33	,	1	>
<556 , 41 , 2, 5, 33	,	0	>
<557 , 41 , 3, 1, 52	,	0	>
<558 , 41 , 3, 3, 52	,	1	>
<559 , 41 , 3, 5, 52	,	0	>
<560 , 41 , 6, 1, 75	,	0	>
<561 , 41 , 6, 3, 75	,	2	>
<562 , 41 , 6, 5, 75	,	0	>
<563 , 41 , 7, 1, 74	,	0	>
<564 , 41 , 7, 3, 74	,	1	>
<565 , 41 , 7, 5, 74	,	0	>
<566 , 41 , 9, 1, 74	,	0	>
<567 , 41 , 9, 3, 74	,	1	>
<568 , 41 , 9, 5, 74	,	0	>
<569 , 41 , 10, 1, 28	,	0	>
<570 , 41 , 10, 3, 28	,	1	>
<571 , 41 , 10, 5, 28	,	0	>
<572 , 42 , 1, 1, 8	,	0	>
<573 , 42 , 1, 4, 8	,	0	>
<574 , 42 , 8, 1, 4	,	0	>
<575 , 42 , 8, 4, 4	,	0	>
<576 , 42 , 9, 1, 4	,	0	>
<577 , 42 , 9, 4, 4	,	0	>
<578 , 43 , 2, 1, 89	,	0	>
<579 , 43 , 2, 3, 89	,	2	>
<580 , 43 , 2, 6, 89	,	0	>
<581 , 43 , 5, 1, 78	,	0	>
<582 , 43 , 5, 3, 78	,	2	>
<583 , 43 , 5, 6, 78	,	0	>
<584 , 43 , 7, 1, 83	,	0	>
<585 , 43 , 7, 3, 83	,	2	>
<586 , 43 , 7, 6, 83	,	0	>
<587 , 43 , 8, 1, 51	,	0	>
<588 , 43 , 8, 3, 51	,	1	>
<589 , 43 , 8, 6, 51	,	0	>
<590 , 43 , 9, 1, 62	,	0	>
<591 , 43 , 9, 3, 62	,	1	>
<592 , 43 , 9, 6, 62	,	0	>
<593 , 44 , 3, 1, 30	,	0	>
<594 , 44 , 3, 4, 30	,	1	>
<595 , 44 , 3, 6, 30	,	0	>
<596 , 44 , 4, 1, 27	,	0	>
<597 , 44 , 4, 4, 27	,	1	>
<598 , 44 , 4, 6, 27	,	0	>
<599 , 44 , 5, 1, 28	,	0	>
<600 , 44 , 5, 4, 28	,	1	>
<601 , 44 , 5, 6, 28	,	0	>
<602 , 44 , 6, 1, 26	,	0	>
<603 , 44 , 6, 4, 26	,	1	>
<604 , 44 , 6, 6, 26	,	0	>
<605 , 44 , 7, 1, 28	,	0	>
<606 , 44 , 7, 4, 28	,	1	>
<607 , 44 , 7, 6, 28	,	0	>
<608 , 44 , 8, 1, 53	,	0	>
<609 , 44 , 8, 4, 53	,	1	>
<610 , 44 , 8, 6, 53	,	0	>
<611 , 44 , 9, 1, 31	,	0	>
<612 , 44 , 9, 4, 31	,	1	>
<613 , 44 , 9, 6, 31	,	0	>
<614 , 45 , 1, 1, 84	,	0	>
<615 , 45 , 1, 2, 84	,	1	>
<616 , 45 , 1, 4, 84	,	0	>
<617 , 45 , 1, 5, 84	,	1	>
<618 , 45 , 3, 1, 64	,	0	>
<619 , 45 , 3, 2, 64	,	1	>
<620 , 45 , 3, 4, 64	,	0	>
<621 , 45 , 3, 5, 64	,	1	>
<622 , 45 , 5, 1, 56	,	0	>
<623 , 45 , 5, 2, 56	,	1	>
<624 , 45 , 5, 4, 56	,	0	>
<625 , 45 , 5, 5, 56	,	1	>
<626 , 45 , 6, 1, 72	,	0	>
<627 , 45 , 6, 2, 72	,	1	>
<628 , 45 , 6, 4, 72	,	0	>
<629 , 45 , 6, 5, 72	,	1	>
<630 , 45 , 7, 1, 66	,	0	>
<631 , 45 , 7, 2, 66	,	1	>
<632 , 45 , 7, 4, 66	,	0	>
<633 , 45 , 7, 5, 66	,	1	>
<634 , 45 , 9, 1, 72	,	0	>
<635 , 45 , 9, 2, 72	,	1	>
<636 , 45 , 9, 4, 72	,	0	>
<637 , 45 , 9, 5, 72	,	1	>
<638 , 45 , 10, 1, 82	,	0	>
<639 , 45 , 10, 2, 82	,	1	>
<640 , 45 , 10, 4, 82	,	0	>
<641 , 45 , 10, 5, 82	,	1	>
<642 , 46 , 5, 1, 91	,	0	>
<643 , 46 , 5, 3, 91	,	2	>
<644 , 46 , 5, 6, 91	,	0	>
<645 , 46 , 7, 1, 92	,	0	>
<646 , 46 , 7, 3, 92	,	2	>
<647 , 46 , 7, 6, 92	,	0	>
<648 , 46 , 9, 1, 93	,	0	>
<649 , 46 , 9, 3, 93	,	2	>
<650 , 46 , 9, 6, 93	,	0	>
<651 , 47 , 1, 1, 96	,	0	>
<652 , 47 , 1, 6, 96	,	4	>
<653 , 47 , 2, 1, 82	,	0	>
<654 , 47 , 2, 6, 82	,	3	>
<655 , 47 , 4, 1, 77	,	0	>
<656 , 47 , 4, 6, 77	,	3	>
<657 , 47 , 5, 1, 72	,	0	>
<658 , 47 , 5, 6, 72	,	3	>
<659 , 47 , 6, 1, 91	,	0	>
<660 , 47 , 6, 6, 91	,	4	>
<661 , 47 , 8, 1, 87	,	0	>
<662 , 47 , 8, 6, 87	,	3	>
<663 , 48 , 2, 1, 74	,	0	>
<664 , 48 , 2, 3, 74	,	1	>
<665 , 48 , 2, 6, 74	,	0	>
<666 , 48 , 6, 1, 41	,	0	>
<667 , 48 , 6, 3, 41	,	1	>
<668 , 48 , 6, 6, 41	,	0	>
<669 , 48 , 7, 1, 54	,	0	>
<670 , 48 , 7, 3, 54	,	1	>
<671 , 48 , 7, 6, 54	,	0	>
<672 , 48 , 8, 1, 80	,	0	>
<673 , 48 , 8, 3, 80	,	2	>
<674 , 48 , 8, 6, 80	,	0	>
<675 , 48 , 10, 1, 49	,	0	>
<676 , 48 , 10, 3, 49	,	1	>
<677 , 48 , 10, 6, 49	,	0	>
<678 , 49 , 1, 4, 17	,	0	>
<679 , 49 , 1, 6, 17	,	1	>
<680 , 49 , 5, 4, 10	,	0	>
<681 , 49 , 5, 6, 10	,	0	>
<682 , 49 , 6, 4, 6	,	0	>
<683 , 49 , 6, 6, 6	,	0	>
<684 , 49 , 8, 4, 15	,	0	>
<685 , 49 , 8, 6, 15	,	1	>
<686 , 49 , 9, 4, 14	,	0	>
<687 , 49 , 9, 6, 14	,	1	>
<688 , 50 , 2, 1, 98	,	0	>
<689 , 50 , 2, 2, 98	,	2	>
<690 , 50 , 2, 6, 98	,	0	>
<691 , 50 , 6, 1, 93	,	0	>
<692 , 50 , 6, 2, 93	,	2	>
<693 , 50 , 6, 6, 93	,	0	>
<694 , 50 , 8, 1, 92	,	0	>
<695 , 50 , 8, 2, 92	,	2	>
<696 , 50 , 8, 6, 92	,	0	>
<697 , 50 , 9, 1, 92	,	0	>
<698 , 50 , 9, 2, 92	,	2	>
<699 , 50 , 9, 6, 92	,	0	>
<700 , 51 , 5, 2, 94	,	0	>
<701 , 51 , 5, 3, 94	,	2	>
<702 , 51 , 5, 6, 94	,	0	>
<703 , 51 , 7, 2, 67	,	0	>
<704 , 51 , 7, 3, 67	,	1	>
<705 , 51 , 7, 6, 67	,	0	>
<706 , 51 , 10, 2, 88	,	0	>
<707 , 51 , 10, 3, 88	,	2	>
<708 , 51 , 10, 6, 88	,	0	>
<709 , 52 , 1, 1, 32	,	0	>
<710 , 52 , 1, 2, 32	,	1	>
<711 , 52 , 1, 4, 32	,	0	>
<712 , 52 , 2, 1, 63	,	0	>
<713 , 52 , 2, 2, 63	,	1	>
<714 , 52 , 2, 4, 63	,	0	>
<715 , 52 , 3, 1, 95	,	0	>
<716 , 52 , 3, 2, 95	,	2	>
<717 , 52 , 3, 4, 95	,	0	>
<718 , 52 , 5, 1, 39	,	0	>
<719 , 52 , 5, 2, 39	,	1	>
<720 , 52 , 5, 4, 39	,	0	>
<721 , 52 , 7, 1, 36	,	0	>
<722 , 52 , 7, 2, 36	,	1	>
<723 , 52 , 7, 4, 36	,	0	>
<724 , 52 , 8, 1, 43	,	0	>
<725 , 52 , 8, 2, 43	,	1	>
<726 , 52 , 8, 4, 43	,	0	>
<727 , 52 , 9, 1, 60	,	0	>
<728 , 52 , 9, 2, 60	,	1	>
<729 , 52 , 9, 4, 60	,	0	>
<730 , 53 , 3, 1, 71	,	0	>
<731 , 53 , 3, 3, 71	,	3	>
<732 , 53 , 4, 1, 64	,	0	>
<733 , 53 , 4, 3, 64	,	3	>
<734 , 53 , 5, 1, 88	,	0	>
<735 , 53 , 5, 3, 88	,	4	>
<736 , 53 , 7, 1, 74	,	0	>
<737 , 53 , 7, 3, 74	,	3	>
<738 , 53 , 8, 1, 75	,	0	>
<739 , 53 , 8, 3, 75	,	3	>
<740 , 53 , 10, 1, 69	,	0	>
<741 , 53 , 10, 3, 69	,	3	>
<742 , 54 , 2, 2, 65	,	0	>
<743 , 54 , 2, 3, 65	,	1	>
<744 , 54 , 2, 4, 65	,	0	>
<745 , 54 , 2, 6, 65	,	1	>
<746 , 54 , 4, 2, 73	,	0	>
<747 , 54 , 4, 3, 73	,	1	>
<748 , 54 , 4, 4, 73	,	0	>
<749 , 54 , 4, 6, 73	,	1	>
<750 , 54 , 7, 2, 99	,	0	>
<751 , 54 , 7, 3, 99	,	1	>
<752 , 54 , 7, 4, 99	,	0	>
<753 , 54 , 7, 6, 99	,	1	>
<754 , 55 , 2, 1, 20	,	0	>
<755 , 55 , 2, 3, 20	,	0	>
<756 , 55 , 2, 4, 20	,	0	>
<757 , 55 , 2, 6, 20	,	0	>
<758 , 55 , 6, 1, 24	,	0	>
<759 , 55 , 6, 3, 24	,	0	>
<760 , 55 , 6, 4, 24	,	0	>
<761 , 55 , 6, 6, 24	,	0	>
<762 , 55 , 10, 1, 11	,	0	>
<763 , 55 , 10, 3, 11	,	0	>
<764 , 55 , 10, 4, 11	,	0	>
<765 , 55 , 10, 6, 11	,	0	>
<766 , 56 , 3, 1, 93	,	0	>
<767 , 56 , 3, 3, 93	,	2	>
<768 , 56 , 3, 6, 93	,	0	>
<769 , 56 , 6, 1, 72	,	0	>
<770 , 56 , 6, 3, 72	,	1	>
<771 , 56 , 6, 6, 72	,	0	>
<772 , 56 , 7, 1, 34	,	0	>
<773 , 56 , 7, 3, 34	,	1	>
<774 , 56 , 7, 6, 34	,	0	>
<775 , 57 , 1, 2, 94	,	0	>
<776 , 57 , 1, 3, 94	,	1	>
<777 , 57 , 1, 4, 94	,	0	>
<778 , 57 , 1, 5, 94	,	1	>
<779 , 57 , 4, 2, 59	,	0	>
<780 , 57 , 4, 3, 59	,	1	>
<781 , 57 , 4, 4, 59	,	0	>
<782 , 57 , 4, 5, 59	,	1	>
<783 , 57 , 6, 2, 84	,	0	>
<784 , 57 , 6, 3, 84	,	1	>
<785 , 57 , 6, 4, 84	,	0	>
<786 , 57 , 6, 5, 84	,	1	>
<787 , 57 , 7, 2, 97	,	0	>
<788 , 57 , 7, 3, 97	,	1	>
<789 , 57 , 7, 4, 97	,	0	>
<790 , 57 , 7, 5, 97	,	1	>
<791 , 57 , 8, 2, 80	,	0	>
<792 , 57 , 8, 3, 80	,	1	>
<793 , 57 , 8, 4, 80	,	0	>
<794 , 57 , 8, 5, 80	,	1	>
<795 , 58 , 1, 2, 98	,	0	>
<796 , 58 , 1, 3, 98	,	4	>
<797 , 58 , 2, 2, 83	,	0	>
<798 , 58 , 2, 3, 83	,	3	>
<799 , 58 , 4, 2, 78	,	0	>
<800 , 58 , 4, 3, 78	,	3	>
<801 , 58 , 6, 2, 94	,	0	>
<802 , 58 , 6, 3, 94	,	4	>
<803 , 58 , 10, 2, 79	,	0	>
<804 , 58 , 10, 3, 79	,	3	>
<805 , 59 , 2, 1, 52	,	0	>
<806 , 59 , 2, 6, 52	,	2	>
<807 , 59 , 3, 1, 76	,	0	>
<808 , 59 , 3, 6, 76	,	3	>
<809 , 59 , 5, 1, 32	,	0	>
<810 , 59 , 5, 6, 32	,	1	>
<811 , 59 , 6, 1, 37	,	0	>
<812 , 59 , 6, 6, 37	,	1	>
<813 , 59 , 7, 1, 38	,	0	>
<814 , 59 , 7, 6, 38	,	2	>
<815 , 59 , 9, 1, 43	,	0	>
<816 , 59 , 9, 6, 43	,	2	>
<817 , 59 , 10, 1, 48	,	0	>
<818 , 59 , 10, 6, 48	,	2	>
<819 , 60 , 1, 1, 43	,	0	>
<820 , 60 , 1, 3, 43	,	1	>
<821 , 60 , 1, 6, 43	,	0	>
<822 , 60 , 2, 1, 67	,	0	>
<823 , 60 , 2, 3, 67	,	1	>
<824 , 60 , 2, 6, 67	,	0	>
<825 , 60 , 3, 1, 80	,	0	>
<826 , 60 , 3, 3, 80	,	2	>
<827 , 60 , 3, 6, 80	,	0	>
<828 , 60 , 4, 1, 71	,	0	>
<829 , 60 , 4, 3, 71	,	1	>
<830 , 60 , 4, 6, 71	,	0	>
<831 , 60 , 7, 1, 65	,	0	>
<832 , 60 , 7, 3, 65	,	1	>
<833 , 60 , 7, 6, 65	,	0	>
<834 , 60 , 9, 1, 76	,	0	>
<835 , 60 , 9, 3, 76	,	2	>
<836 , 60 , 9, 6, 76	,	0	>
<837 , 61 , 5, 3, 45	,	0	>
<838 , 61 , 5, 6, 45	,	2	>
<839 , 61 , 7, 3, 20	,	0	>
<840 , 61 , 7, 6, 20	,	1	>
<841 , 61 , 8, 3, 39	,	0	>
<842 , 61 , 8, 6, 39	,	2	>
<843 , 62 , 1, 2, 96	,	0	>
<844 , 62 , 1, 5, 96	,	4	>
<845 , 62 , 2, 2, 83	,	0	>
<846 , 62 , 2, 5, 83	,	3	>
<847 , 62 , 4, 2, 85	,	0	>
<848 , 62 , 4, 5, 85	,	3	>
<849 , 63 , 1, 1, 20	,	0	>
<850 , 63 , 1, 2, 20	,	0	>
<851 , 63 , 1, 6, 20	,	0	>
<852 , 63 , 4, 1, 8	,	0	>
<853 , 63 , 4, 2, 8	,	0	>
<854 , 63 , 4, 6, 8	,	0	>
<855 , 63 , 7, 1, 19	,	0	>
<856 , 63 , 7, 2, 19	,	0	>
<857 , 63 , 7, 6, 19	,	0	>
<858 , 63 , 8, 1, 19	,	0	>
<859 , 63 , 8, 2, 19	,	0	>
<860 , 63 , 8, 6, 19	,	0	>
<861 , 63 , 10, 1, 18	,	0	>
<862 , 63 , 10, 2, 18	,	0	>
<863 , 63 , 10, 6, 18	,	0	>
<864 , 64 , 2, 1, 21	,	0	>
<865 , 64 , 2, 2, 21	,	0	>
<866 , 64 , 2, 3, 21	,	0	>
<867 , 64 , 4, 1, 42	,	0	>
<868 , 64 , 4, 2, 42	,	1	>
<869 , 64 , 4, 3, 42	,	0	>
<870 , 64 , 6, 1, 54	,	0	>
<871 , 64 , 6, 2, 54	,	1	>
<872 , 64 , 6, 3, 54	,	0	>
<873 , 64 , 8, 1, 60	,	0	>
<874 , 64 , 8, 2, 60	,	1	>
<875 , 64 , 8, 3, 60	,	0	>
<876 , 65 , 1, 2, 9	,	0	>
<877 , 65 , 1, 3, 9	,	0	>
<878 , 65 , 2, 2, 4	,	0	>
<879 , 65 , 2, 3, 4	,	0	>
<880 , 65 , 3, 2, 3	,	0	>
<881 , 65 , 3, 3, 3	,	0	>
<882 , 65 , 6, 2, 3	,	0	>
<883 , 65 , 6, 3, 3	,	0	>
<884 , 65 , 7, 2, 3	,	0	>
<885 , 65 , 7, 3, 3	,	0	>
<886 , 65 , 8, 2, 4	,	0	>
<887 , 65 , 8, 3, 4	,	0	>
<888 , 65 , 10, 2, 4	,	0	>
<889 , 65 , 10, 3, 4	,	0	>
<890 , 66 , 1, 1, 96	,	0	>
<891 , 66 , 1, 2, 96	,	1	>
<892 , 66 , 1, 4, 96	,	0	>
<893 , 66 , 1, 6, 96	,	1	>
<894 , 66 , 2, 1, 87	,	0	>
<895 , 66 , 2, 2, 87	,	1	>
<896 , 66 , 2, 4, 87	,	0	>
<897 , 66 , 2, 6, 87	,	1	>
<898 , 66 , 4, 1, 56	,	0	>
<899 , 66 , 4, 2, 56	,	1	>
<900 , 66 , 4, 4, 56	,	0	>
<901 , 66 , 4, 6, 56	,	1	>
<902 , 66 , 7, 1, 78	,	0	>
<903 , 66 , 7, 2, 78	,	1	>
<904 , 66 , 7, 4, 78	,	0	>
<905 , 66 , 7, 6, 78	,	1	>
<906 , 66 , 8, 1, 84	,	0	>
<907 , 66 , 8, 2, 84	,	1	>
<908 , 66 , 8, 4, 84	,	0	>
<909 , 66 , 8, 6, 84	,	1	>
<910 , 66 , 9, 1, 74	,	0	>
<911 , 66 , 9, 2, 74	,	1	>
<912 , 66 , 9, 4, 74	,	0	>
<913 , 66 , 9, 6, 74	,	1	>
<914 , 66 , 10, 1, 75	,	0	>
<915 , 66 , 10, 2, 75	,	1	>
<916 , 66 , 10, 4, 75	,	0	>
<917 , 66 , 10, 6, 75	,	1	>
<918 , 67 , 1, 3, 51	,	0	>
<919 , 67 , 1, 6, 51	,	2	>
<920 , 67 , 4, 3, 81	,	0	>
<921 , 67 , 4, 6, 81	,	3	>
<922 , 67 , 6, 3, 54	,	0	>
<923 , 67 , 6, 6, 54	,	2	>
<924 , 67 , 7, 3, 87	,	0	>
<925 , 67 , 7, 6, 87	,	3	>
<926 , 67 , 8, 3, 65	,	0	>
<927 , 67 , 8, 6, 65	,	3	>
<928 , 67 , 9, 3, 55	,	0	>
<929 , 67 , 9, 6, 55	,	2	>
<930 , 67 , 10, 3, 66	,	0	>
<931 , 67 , 10, 6, 66	,	3	>
<932 , 68 , 3, 4, 38	,	0	>
<933 , 68 , 3, 6, 38	,	2	>
<934 , 68 , 7, 4, 33	,	0	>
<935 , 68 , 7, 6, 33	,	1	>
<936 , 68 , 9, 4, 65	,	0	>
<937 , 68 , 9, 6, 65	,	3	>
<938 , 68 , 10, 4, 62	,	0	>
<939 , 68 , 10, 6, 62	,	2	>
<940 , 69 , 4, 1, 47	,	0	>
<941 , 69 , 4, 3, 47	,	0	>
<942 , 69 , 4, 4, 47	,	0	>
<943 , 69 , 4, 5, 47	,	0	>
<944 , 69 , 6, 1, 93	,	0	>
<945 , 69 , 6, 3, 93	,	1	>
<946 , 69 , 6, 4, 93	,	0	>
<947 , 69 , 6, 5, 93	,	1	>
<948 , 69 , 7, 1, 92	,	0	>
<949 , 69 , 7, 3, 92	,	1	>
<950 , 69 , 7, 4, 92	,	0	>
<951 , 69 , 7, 5, 92	,	1	>
<952 , 69 , 8, 1, 87	,	0	>
<953 , 69 , 8, 3, 87	,	1	>
<954 , 69 , 8, 4, 87	,	0	>
<955 , 69 , 8, 5, 87	,	1	>
<956 , 69 , 10, 1, 42	,	0	>
<957 , 69 , 10, 3, 42	,	0	>
<958 , 69 , 10, 4, 42	,	0	>
<959 , 69 , 10, 5, 42	,	0	>
<960 , 70 , 1, 1, 29	,	0	>
<961 , 70 , 1, 4, 29	,	1	>
<962 , 70 , 4, 1, 20	,	0	>
<963 , 70 , 4, 4, 20	,	1	>
<964 , 70 , 6, 1, 28	,	0	>
<965 , 70 , 6, 4, 28	,	1	>
<966 , 70 , 7, 1, 38	,	0	>
<967 , 70 , 7, 4, 38	,	2	>
<968 , 70 , 8, 1, 13	,	0	>
<969 , 70 , 8, 4, 13	,	1	>
<970 , 70 , 9, 1, 32	,	0	>
<971 , 70 , 9, 4, 32	,	1	>
<972 , 70 , 10, 1, 24	,	0	>
<973 , 70 , 10, 4, 24	,	1	>
<974 , 71 , 5, 1, 75	,	0	>
<975 , 71 , 5, 2, 75	,	1	>
<976 , 71 , 5, 3, 75	,	0	>
<977 , 71 , 5, 4, 75	,	1	>
<978 , 71 , 7, 1, 96	,	0	>
<979 , 71 , 7, 2, 96	,	1	>
<980 , 71 , 7, 3, 96	,	0	>
<981 , 71 , 7, 4, 96	,	1	>
<982 , 71 , 8, 1, 75	,	0	>
<983 , 71 , 8, 2, 75	,	1	>
<984 , 71 , 8, 3, 75	,	0	>
<985 , 71 , 8, 4, 75	,	1	>
<986 , 72 , 2, 3, 16	,	0	>
<987 , 72 , 2, 4, 16	,	0	>
<988 , 72 , 2, 5, 16	,	0	>
<989 , 72 , 4, 3, 15	,	0	>
<990 , 72 , 4, 4, 15	,	0	>
<991 , 72 , 4, 5, 15	,	0	>
<992 , 72 , 7, 3, 16	,	0	>
<993 , 72 , 7, 4, 16	,	0	>
<994 , 72 , 7, 5, 16	,	0	>
<995 , 72 , 10, 3, 32	,	0	>
<996 , 72 , 10, 4, 32	,	1	>
<997 , 72 , 10, 5, 32	,	0	>
<998 , 73 , 1, 2, 9	,	0	>
<999 , 73 , 1, 6, 9	,	0	>
<1000 , 73 , 5, 2, 8	,	0	>
<1001 , 73 , 5, 6, 8	,	0	>
<1002 , 73 , 7, 2, 20	,	0	>
<1003 , 73 , 7, 6, 20	,	1	>
<1004 , 73 , 8, 2, 13	,	0	>
<1005 , 73 , 8, 6, 13	,	1	>
<1006 , 73 , 10, 2, 19	,	0	>
<1007 , 73 , 10, 6, 19	,	1	>
<1008 , 74 , 2, 1, 97	,	0	>
<1009 , 74 , 2, 2, 97	,	2	>
<1010 , 74 , 2, 4, 97	,	0	>
<1011 , 74 , 3, 1, 95	,	0	>
<1012 , 74 , 3, 2, 95	,	2	>
<1013 , 74 , 3, 4, 95	,	0	>
<1014 , 74 , 5, 1, 99	,	0	>
<1015 , 74 , 5, 2, 99	,	2	>
<1016 , 74 , 5, 4, 99	,	0	>
<1017 , 74 , 6, 1, 75	,	0	>
<1018 , 74 , 6, 2, 75	,	2	>
<1019 , 74 , 6, 4, 75	,	0	>
<1020 , 74 , 7, 1, 95	,	0	>
<1021 , 74 , 7, 2, 95	,	2	>
<1022 , 74 , 7, 4, 95	,	0	>
<1023 , 74 , 8, 1, 70	,	0	>
<1024 , 74 , 8, 2, 70	,	1	>
<1025 , 74 , 8, 4, 70	,	0	>
<1026 , 75 , 2, 1, 94	,	0	>
<1027 , 75 , 2, 2, 94	,	1	>
<1028 , 75 , 2, 3, 94	,	0	>
<1029 , 75 , 2, 4, 94	,	1	>
<1030 , 75 , 4, 1, 96	,	0	>
<1031 , 75 , 4, 2, 96	,	1	>
<1032 , 75 , 4, 3, 96	,	0	>
<1033 , 75 , 4, 4, 96	,	1	>
<1034 , 75 , 5, 1, 88	,	0	>
<1035 , 75 , 5, 2, 88	,	1	>
<1036 , 75 , 5, 3, 88	,	0	>
<1037 , 75 , 5, 4, 88	,	1	>
<1038 , 75 , 6, 1, 95	,	0	>
<1039 , 75 , 6, 2, 95	,	1	>
<1040 , 75 , 6, 3, 95	,	0	>
<1041 , 75 , 6, 4, 95	,	1	>
<1042 , 75 , 10, 1, 90	,	0	>
<1043 , 75 , 10, 2, 90	,	1	>
<1044 , 75 , 10, 3, 90	,	0	>
<1045 , 75 , 10, 4, 90	,	1	>
<1046 , 76 , 2, 1, 97	,	0	>
<1047 , 76 , 2, 2, 97	,	1	>
<1048 , 76 , 2, 4, 97	,	0	>
<1049 , 76 , 2, 6, 97	,	1	>
<1050 , 76 , 3, 1, 97	,	0	>
<1051 , 76 , 3, 2, 97	,	1	>
<1052 , 76 , 3, 4, 97	,	0	>
<1053 , 76 , 3, 6, 97	,	1	>
<1054 , 76 , 4, 1, 97	,	0	>
<1055 , 76 , 4, 2, 97	,	1	>
<1056 , 76 , 4, 4, 97	,	0	>
<1057 , 76 , 4, 6, 97	,	1	>
<1058 , 76 , 5, 1, 97	,	0	>
<1059 , 76 , 5, 2, 97	,	1	>
<1060 , 76 , 5, 4, 97	,	0	>
<1061 , 76 , 5, 6, 97	,	1	>
<1062 , 76 , 6, 1, 98	,	0	>
<1063 , 76 , 6, 2, 98	,	1	>
<1064 , 76 , 6, 4, 98	,	0	>
<1065 , 76 , 6, 6, 98	,	1	>
<1066 , 76 , 9, 1, 97	,	0	>
<1067 , 76 , 9, 2, 97	,	1	>
<1068 , 76 , 9, 4, 97	,	0	>
<1069 , 76 , 9, 6, 97	,	1	>
<1070 , 77 , 6, 1, 25	,	0	>
<1071 , 77 , 6, 2, 25	,	0	>
<1072 , 77 , 6, 4, 25	,	0	>
<1073 , 77 , 8, 1, 47	,	0	>
<1074 , 77 , 8, 2, 47	,	1	>
<1075 , 77 , 8, 4, 47	,	0	>
<1076 , 77 , 9, 1, 75	,	0	>
<1077 , 77 , 9, 2, 75	,	2	>
<1078 , 77 , 9, 4, 75	,	0	>
<1079 , 78 , 3, 1, 95	,	0	>
<1080 , 78 , 3, 2, 95	,	1	>
<1081 , 78 , 3, 4, 95	,	0	>
<1082 , 78 , 3, 5, 95	,	1	>
<1083 , 78 , 4, 1, 98	,	0	>
<1084 , 78 , 4, 2, 98	,	1	>
<1085 , 78 , 4, 4, 98	,	0	>
<1086 , 78 , 4, 5, 98	,	1	>
<1087 , 78 , 5, 1, 95	,	0	>
<1088 , 78 , 5, 2, 95	,	1	>
<1089 , 78 , 5, 4, 95	,	0	>
<1090 , 78 , 5, 5, 95	,	1	>
<1091 , 78 , 8, 1, 97	,	0	>
<1092 , 78 , 8, 2, 97	,	1	>
<1093 , 78 , 8, 4, 97	,	0	>
<1094 , 78 , 8, 5, 97	,	1	>
<1095 , 79 , 1, 2, 94	,	0	>
<1096 , 79 , 1, 4, 94	,	2	>
<1097 , 79 , 1, 5, 94	,	0	>
<1098 , 79 , 2, 2, 67	,	0	>
<1099 , 79 , 2, 4, 67	,	1	>
<1100 , 79 , 2, 5, 67	,	0	>
<1101 , 79 , 4, 2, 79	,	0	>
<1102 , 79 , 4, 4, 79	,	2	>
<1103 , 79 , 4, 5, 79	,	0	>
<1104 , 79 , 5, 2, 81	,	0	>
<1105 , 79 , 5, 4, 81	,	2	>
<1106 , 79 , 5, 5, 81	,	0	>
<1107 , 80 , 1, 1, 25	,	0	>
<1108 , 80 , 1, 3, 25	,	0	>
<1109 , 80 , 1, 4, 25	,	0	>
<1110 , 80 , 1, 5, 25	,	0	>
<1111 , 80 , 2, 1, 26	,	0	>
<1112 , 80 , 2, 3, 26	,	0	>
<1113 , 80 , 2, 4, 26	,	0	>
<1114 , 80 , 2, 5, 26	,	0	>
<1115 , 80 , 3, 1, 11	,	0	>
<1116 , 80 , 3, 3, 11	,	0	>
<1117 , 80 , 3, 4, 11	,	0	>
<1118 , 80 , 3, 5, 11	,	0	>
<1119 , 80 , 4, 1, 18	,	0	>
<1120 , 80 , 4, 3, 18	,	0	>
<1121 , 80 , 4, 4, 18	,	0	>
<1122 , 80 , 4, 5, 18	,	0	>
<1123 , 80 , 7, 1, 11	,	0	>
<1124 , 80 , 7, 3, 11	,	0	>
<1125 , 80 , 7, 4, 11	,	0	>
<1126 , 80 , 7, 5, 11	,	0	>
<1127 , 81 , 1, 1, 99	,	0	>
<1128 , 81 , 1, 2, 99	,	1	>
<1129 , 81 , 1, 3, 99	,	0	>
<1130 , 81 , 1, 6, 99	,	1	>
<1131 , 81 , 2, 1, 98	,	0	>
<1132 , 81 , 2, 2, 98	,	1	>
<1133 , 81 , 2, 3, 98	,	0	>
<1134 , 81 , 2, 6, 98	,	1	>
<1135 , 81 , 5, 1, 96	,	0	>
<1136 , 81 , 5, 2, 96	,	1	>
<1137 , 81 , 5, 3, 96	,	0	>
<1138 , 81 , 5, 6, 96	,	1	>
<1139 , 81 , 6, 1, 96	,	0	>
<1140 , 81 , 6, 2, 96	,	1	>
<1141 , 81 , 6, 3, 96	,	0	>
<1142 , 81 , 6, 6, 96	,	1	>
<1143 , 81 , 9, 1, 95	,	0	>
<1144 , 81 , 9, 2, 95	,	1	>
<1145 , 81 , 9, 3, 95	,	0	>
<1146 , 81 , 9, 6, 95	,	1	>
<1147 , 81 , 10, 1, 98	,	0	>
<1148 , 81 , 10, 2, 98	,	1	>
<1149 , 81 , 10, 3, 98	,	0	>
<1150 , 81 , 10, 6, 98	,	1	>
<1151 , 82 , 1, 3, 82	,	0	>
<1152 , 82 , 1, 6, 82	,	3	>
<1153 , 82 , 6, 3, 81	,	0	>
<1154 , 82 , 6, 6, 81	,	3	>
<1155 , 82 , 7, 3, 78	,	0	>
<1156 , 82 , 7, 6, 78	,	3	>
<1157 , 82 , 10, 3, 86	,	0	>
<1158 , 82 , 10, 6, 86	,	3	>
<1159 , 83 , 3, 4, 42	,	0	>
<1160 , 83 , 3, 5, 42	,	2	>
<1161 , 83 , 4, 4, 33	,	0	>
<1162 , 83 , 4, 5, 33	,	1	>
<1163 , 83 , 5, 4, 16	,	0	>
<1164 , 83 , 5, 5, 16	,	1	>
<1165 , 84 , 2, 3, 89	,	0	>
<1166 , 84 , 2, 4, 89	,	4	>
<1167 , 84 , 3, 3, 96	,	0	>
<1168 , 84 , 3, 4, 96	,	4	>
<1169 , 84 , 5, 3, 99	,	0	>
<1170 , 84 , 5, 4, 99	,	4	>
<1171 , 84 , 6, 3, 94	,	0	>
<1172 , 84 , 6, 4, 94	,	4	>
<1173 , 84 , 8, 3, 97	,	0	>
<1174 , 84 , 8, 4, 97	,	4	>
<1175 , 84 , 9, 3, 92	,	0	>
<1176 , 84 , 9, 4, 92	,	4	>
<1177 , 84 , 10, 3, 99	,	0	>
<1178 , 84 , 10, 4, 99	,	4	>
<1179 , 85 , 1, 1, 95	,	0	>
<1180 , 85 , 1, 4, 95	,	4	>
<1181 , 85 , 2, 1, 71	,	0	>
<1182 , 85 , 2, 4, 71	,	3	>
<1183 , 85 , 3, 1, 83	,	0	>
<1184 , 85 , 3, 4, 83	,	3	>
<1185 , 85 , 5, 1, 63	,	0	>
<1186 , 85 , 5, 4, 63	,	3	>
<1187 , 85 , 6, 1, 86	,	0	>
<1188 , 85 , 6, 4, 86	,	3	>
<1189 , 85 , 7, 1, 86	,	0	>
<1190 , 85 , 7, 4, 86	,	3	>
<1191 , 85 , 8, 1, 57	,	0	>
<1192 , 85 , 8, 4, 57	,	2	>
<1193 , 86 , 2, 1, 93	,	0	>
<1194 , 86 , 2, 4, 93	,	1	>
<1195 , 86 , 2, 5, 93	,	0	>
<1196 , 86 , 2, 6, 93	,	1	>
<1197 , 86 , 3, 1, 93	,	0	>
<1198 , 86 , 3, 4, 93	,	1	>
<1199 , 86 , 3, 5, 93	,	0	>
<1200 , 86 , 3, 6, 93	,	1	>
<1201 , 86 , 6, 1, 93	,	0	>
<1202 , 86 , 6, 4, 93	,	1	>
<1203 , 86 , 6, 5, 93	,	0	>
<1204 , 86 , 6, 6, 93	,	1	>
<1205 , 86 , 7, 1, 95	,	0	>
<1206 , 86 , 7, 4, 95	,	1	>
<1207 , 86 , 7, 5, 95	,	0	>
<1208 , 86 , 7, 6, 95	,	1	>
<1209 , 86 , 8, 1, 96	,	0	>
<1210 , 86 , 8, 4, 96	,	1	>
<1211 , 86 , 8, 5, 96	,	0	>
<1212 , 86 , 8, 6, 96	,	1	>
<1213 , 86 , 9, 1, 96	,	0	>
<1214 , 86 , 9, 4, 96	,	1	>
<1215 , 86 , 9, 5, 96	,	0	>
<1216 , 86 , 9, 6, 96	,	1	>
<1217 , 86 , 10, 1, 94	,	0	>
<1218 , 86 , 10, 4, 94	,	1	>
<1219 , 86 , 10, 5, 94	,	0	>
<1220 , 86 , 10, 6, 94	,	1	>
<1221 , 87 , 1, 1, 88	,	0	>
<1222 , 87 , 1, 4, 88	,	4	>
<1223 , 87 , 4, 1, 86	,	0	>
<1224 , 87 , 4, 4, 86	,	3	>
<1225 , 87 , 6, 1, 95	,	0	>
<1226 , 87 , 6, 4, 95	,	4	>
<1227 , 87 , 7, 1, 85	,	0	>
<1228 , 87 , 7, 4, 85	,	3	>
<1229 , 87 , 8, 1, 95	,	0	>
<1230 , 87 , 8, 4, 95	,	4	>
<1231 , 87 , 9, 1, 98	,	0	>
<1232 , 87 , 9, 4, 98	,	4	>
<1233 , 87 , 10, 1, 94	,	0	>
<1234 , 87 , 10, 4, 94	,	4	>
<1235 , 88 , 3, 1, 84	,	0	>
<1236 , 88 , 3, 3, 84	,	2	>
<1237 , 88 , 3, 6, 84	,	0	>
<1238 , 88 , 5, 1, 96	,	0	>
<1239 , 88 , 5, 3, 96	,	2	>
<1240 , 88 , 5, 6, 96	,	0	>
<1241 , 88 , 6, 1, 95	,	0	>
<1242 , 88 , 6, 3, 95	,	2	>
<1243 , 88 , 6, 6, 95	,	0	>
<1244 , 89 , 1, 4, 53	,	0	>
<1245 , 89 , 1, 5, 53	,	1	>
<1246 , 89 , 1, 6, 53	,	0	>
<1247 , 89 , 2, 4, 90	,	0	>
<1248 , 89 , 2, 5, 90	,	2	>
<1249 , 89 , 2, 6, 90	,	0	>
<1250 , 89 , 3, 4, 52	,	0	>
<1251 , 89 , 3, 5, 52	,	1	>
<1252 , 89 , 3, 6, 52	,	0	>
<1253 , 89 , 4, 4, 99	,	0	>
<1254 , 89 , 4, 5, 99	,	2	>
<1255 , 89 , 4, 6, 99	,	0	>
<1256 , 89 , 5, 4, 37	,	0	>
<1257 , 89 , 5, 5, 37	,	1	>
<1258 , 89 , 5, 6, 37	,	0	>
<1259 , 89 , 7, 4, 79	,	0	>
<1260 , 89 , 7, 5, 79	,	2	>
<1261 , 89 , 7, 6, 79	,	0	>
<1262 , 89 , 9, 4, 88	,	0	>
<1263 , 89 , 9, 5, 88	,	2	>
<1264 , 89 , 9, 6, 88	,	0	>
<1265 , 90 , 2, 1, 93	,	0	>
<1266 , 90 , 2, 2, 93	,	1	>
<1267 , 90 , 2, 5, 93	,	0	>
<1268 , 90 , 2, 6, 93	,	1	>
<1269 , 90 , 3, 1, 93	,	0	>
<1270 , 90 , 3, 2, 93	,	1	>
<1271 , 90 , 3, 5, 93	,	0	>
<1272 , 90 , 3, 6, 93	,	1	>
<1273 , 90 , 4, 1, 95	,	0	>
<1274 , 90 , 4, 2, 95	,	1	>
<1275 , 90 , 4, 5, 95	,	0	>
<1276 , 90 , 4, 6, 95	,	1	>
<1277 , 90 , 6, 1, 90	,	0	>
<1278 , 90 , 6, 2, 90	,	1	>
<1279 , 90 , 6, 5, 90	,	0	>
<1280 , 90 , 6, 6, 90	,	1	>
<1281 , 90 , 7, 1, 91	,	0	>
<1282 , 90 , 7, 2, 91	,	1	>
<1283 , 90 , 7, 5, 91	,	0	>
<1284 , 90 , 7, 6, 91	,	1	>
<1285 , 90 , 8, 1, 92	,	0	>
<1286 , 90 , 8, 2, 92	,	1	>
<1287 , 90 , 8, 5, 92	,	0	>
<1288 , 90 , 8, 6, 92	,	1	>
<1289 , 91 , 1, 1, 90	,	0	>
<1290 , 91 , 1, 2, 90	,	2	>
<1291 , 91 , 1, 6, 90	,	0	>
<1292 , 91 , 2, 1, 91	,	0	>
<1293 , 91 , 2, 2, 91	,	2	>
<1294 , 91 , 2, 6, 91	,	0	>
<1295 , 91 , 3, 1, 93	,	0	>
<1296 , 91 , 3, 2, 93	,	2	>
<1297 , 91 , 3, 6, 93	,	0	>
<1298 , 91 , 4, 1, 94	,	0	>
<1299 , 91 , 4, 2, 94	,	2	>
<1300 , 91 , 4, 6, 94	,	0	>
<1301 , 91 , 5, 1, 99	,	0	>
<1302 , 91 , 5, 2, 99	,	2	>
<1303 , 91 , 5, 6, 99	,	0	>
<1304 , 91 , 7, 1, 94	,	0	>
<1305 , 91 , 7, 2, 94	,	2	>
<1306 , 91 , 7, 6, 94	,	0	>
<1307 , 91 , 8, 1, 94	,	0	>
<1308 , 91 , 8, 2, 94	,	2	>
<1309 , 91 , 8, 6, 94	,	0	>
<1310 , 92 , 3, 1, 91	,	0	>
<1311 , 92 , 3, 3, 91	,	1	>
<1312 , 92 , 3, 4, 91	,	0	>
<1313 , 92 , 3, 5, 91	,	1	>
<1314 , 92 , 4, 1, 95	,	0	>
<1315 , 92 , 4, 3, 95	,	1	>
<1316 , 92 , 4, 4, 95	,	0	>
<1317 , 92 , 4, 5, 95	,	1	>
<1318 , 92 , 6, 1, 90	,	0	>
<1319 , 92 , 6, 3, 90	,	1	>
<1320 , 92 , 6, 4, 90	,	0	>
<1321 , 92 , 6, 5, 90	,	1	>
<1322 , 92 , 8, 1, 88	,	0	>
<1323 , 92 , 8, 3, 88	,	1	>
<1324 , 92 , 8, 4, 88	,	0	>
<1325 , 92 , 8, 5, 88	,	1	>
<1326 , 92 , 10, 1, 93	,	0	>
<1327 , 92 , 10, 3, 93	,	1	>
<1328 , 92 , 10, 4, 93	,	0	>
<1329 , 92 , 10, 5, 93	,	1	>
<1330 , 93 , 1, 1, 52	,	0	>
<1331 , 93 , 1, 2, 52	,	1	>
<1332 , 93 , 1, 5, 52	,	0	>
<1333 , 93 , 2, 1, 18	,	0	>
<1334 , 93 , 2, 2, 18	,	0	>
<1335 , 93 , 2, 5, 18	,	0	>
<1336 , 93 , 4, 1, 42	,	0	>
<1337 , 93 , 4, 2, 42	,	1	>
<1338 , 93 , 4, 5, 42	,	0	>
<1339 , 94 , 3, 3, 93	,	0	>
<1340 , 94 , 3, 4, 93	,	4	>
<1341 , 94 , 5, 3, 85	,	0	>
<1342 , 94 , 5, 4, 85	,	3	>
<1343 , 94 , 8, 3, 52	,	0	>
<1344 , 94 , 8, 4, 52	,	2	>
<1345 , 95 , 2, 4, 39	,	0	>
<1346 , 95 , 2, 5, 39	,	1	>
<1347 , 95 , 2, 6, 39	,	0	>
<1348 , 95 , 6, 4, 13	,	0	>
<1349 , 95 , 6, 5, 13	,	0	>
<1350 , 95 , 6, 6, 13	,	0	>
<1351 , 95 , 7, 4, 29	,	0	>
<1352 , 95 , 7, 5, 29	,	1	>
<1353 , 95 , 7, 6, 29	,	0	>
<1354 , 95 , 9, 4, 33	,	0	>
<1355 , 95 , 9, 5, 33	,	1	>
<1356 , 95 , 9, 6, 33	,	0	>
<1357 , 95 , 10, 4, 30	,	0	>
<1358 , 95 , 10, 5, 30	,	1	>
<1359 , 95 , 10, 6, 30	,	0	>
<1360 , 96 , 1, 2, 28	,	0	>
<1361 , 96 , 1, 3, 28	,	1	>
<1362 , 96 , 1, 6, 28	,	0	>
<1363 , 96 , 2, 2, 12	,	0	>
<1364 , 96 , 2, 3, 12	,	0	>
<1365 , 96 , 2, 6, 12	,	0	>
<1366 , 96 , 4, 2, 35	,	0	>
<1367 , 96 , 4, 3, 35	,	1	>
<1368 , 96 , 4, 6, 35	,	0	>
<1369 , 96 , 7, 2, 31	,	0	>
<1370 , 96 , 7, 3, 31	,	1	>
<1371 , 96 , 7, 6, 31	,	0	>
<1372 , 96 , 10, 2, 20	,	0	>
<1373 , 96 , 10, 3, 20	,	0	>
<1374 , 96 , 10, 6, 20	,	0	>
<1375 , 97 , 2, 1, 87	,	0	>
<1376 , 97 , 2, 3, 87	,	1	>
<1377 , 97 , 2, 4, 87	,	0	>
<1378 , 97 , 2, 6, 87	,	1	>
<1379 , 97 , 3, 1, 77	,	0	>
<1380 , 97 , 3, 3, 77	,	1	>
<1381 , 97 , 3, 4, 77	,	0	>
<1382 , 97 , 3, 6, 77	,	1	>
<1383 , 97 , 4, 1, 47	,	0	>
<1384 , 97 , 4, 3, 47	,	0	>
<1385 , 97 , 4, 4, 47	,	0	>
<1386 , 97 , 4, 6, 47	,	0	>
<1387 , 97 , 8, 1, 84	,	0	>
<1388 , 97 , 8, 3, 84	,	1	>
<1389 , 97 , 8, 4, 84	,	0	>
<1390 , 97 , 8, 6, 84	,	1	>
<1391 , 97 , 9, 1, 77	,	0	>
<1392 , 97 , 9, 3, 77	,	1	>
<1393 , 97 , 9, 4, 77	,	0	>
<1394 , 97 , 9, 6, 77	,	1	>
<1395 , 97 , 10, 1, 78	,	0	>
<1396 , 97 , 10, 3, 78	,	1	>
<1397 , 97 , 10, 4, 78	,	0	>
<1398 , 97 , 10, 6, 78	,	1	>
<1399 , 98 , 1, 1, 96	,	0	>
<1400 , 98 , 1, 2, 96	,	1	>
<1401 , 98 , 1, 4, 96	,	0	>
<1402 , 98 , 1, 6, 96	,	1	>
<1403 , 98 , 2, 1, 38	,	0	>
<1404 , 98 , 2, 2, 38	,	0	>
<1405 , 98 , 2, 4, 38	,	0	>
<1406 , 98 , 2, 6, 38	,	0	>
<1407 , 98 , 4, 1, 37	,	0	>
<1408 , 98 , 4, 2, 37	,	0	>
<1409 , 98 , 4, 4, 37	,	0	>
<1410 , 98 , 4, 6, 37	,	0	>
<1411 , 98 , 5, 1, 40	,	0	>
<1412 , 98 , 5, 2, 40	,	0	>
<1413 , 98 , 5, 4, 40	,	0	>
<1414 , 98 , 5, 6, 40	,	0	>
<1415 , 98 , 7, 1, 36	,	0	>
<1416 , 98 , 7, 2, 36	,	0	>
<1417 , 98 , 7, 4, 36	,	0	>
<1418 , 98 , 7, 6, 36	,	0	>
<1419 , 98 , 8, 1, 78	,	0	>
<1420 , 98 , 8, 2, 78	,	1	>
<1421 , 98 , 8, 4, 78	,	0	>
<1422 , 98 , 8, 6, 78	,	1	>
<1423 , 98 , 10, 1, 99	,	0	>
<1424 , 98 , 10, 2, 99	,	1	>
<1425 , 98 , 10, 4, 99	,	0	>
<1426 , 98 , 10, 6, 99	,	1	>
<1427 , 99 , 2, 3, 19	,	0	>
<1428 , 99 , 2, 6, 19	,	1	>
<1429 , 99 , 3, 3, 25	,	0	>
<1430 , 99 , 3, 6, 25	,	1	>
<1431 , 99 , 9, 3, 44	,	0	>
<1432 , 99 , 9, 6, 44	,	2	>
<1433 , 100 , 1, 1, 80	,	0	>
<1434 , 100 , 1, 2, 80	,	1	>
<1435 , 100 , 1, 3, 80	,	0	>
<1436 , 100 , 1, 5, 80	,	1	>
<1437 , 100 , 5, 1, 80	,	0	>
<1438 , 100 , 5, 2, 80	,	1	>
<1439 , 100 , 5, 3, 80	,	0	>
<1440 , 100 , 5, 5, 80	,	1	>
<1441 , 100 , 7, 1, 81	,	0	>
<1442 , 100 , 7, 2, 81	,	1	>
<1443 , 100 , 7, 3, 81	,	0	>
<1444 , 100 , 7, 5, 81	,	1	>
<1445 , 101 , 1, 1, 18	,	0	>
<1446 , 101 , 1, 2, 18	,	0	>
<1447 , 101 , 1, 4, 18	,	0	>
<1448 , 101 , 1, 5, 18	,	0	>
<1449 , 101 , 3, 1, 30	,	0	>
<1450 , 101 , 3, 2, 30	,	0	>
<1451 , 101 , 3, 4, 30	,	0	>
<1452 , 101 , 3, 5, 30	,	0	>
<1453 , 101 , 8, 1, 21	,	0	>
<1454 , 101 , 8, 2, 21	,	0	>
<1455 , 101 , 8, 4, 21	,	0	>
<1456 , 101 , 8, 5, 21	,	0	>
<1457 , 101 , 9, 1, 49	,	0	>
<1458 , 101 , 9, 2, 49	,	0	>
<1459 , 101 , 9, 4, 49	,	0	>
<1460 , 101 , 9, 5, 49	,	0	>
<1461 , 102 , 1, 1, 85	,	0	>
<1462 , 102 , 1, 3, 85	,	1	>
<1463 , 102 , 1, 4, 85	,	0	>
<1464 , 102 , 1, 6, 85	,	1	>
<1465 , 102 , 2, 1, 81	,	0	>
<1466 , 102 , 2, 3, 81	,	1	>
<1467 , 102 , 2, 4, 81	,	0	>
<1468 , 102 , 2, 6, 81	,	1	>
<1469 , 102 , 3, 1, 87	,	0	>
<1470 , 102 , 3, 3, 87	,	1	>
<1471 , 102 , 3, 4, 87	,	0	>
<1472 , 102 , 3, 6, 87	,	1	>
<1473 , 102 , 4, 1, 99	,	0	>
<1474 , 102 , 4, 3, 99	,	1	>
<1475 , 102 , 4, 4, 99	,	0	>
<1476 , 102 , 4, 6, 99	,	1	>
<1477 , 102 , 9, 1, 81	,	0	>
<1478 , 102 , 9, 3, 81	,	1	>
<1479 , 102 , 9, 4, 81	,	0	>
<1480 , 102 , 9, 6, 81	,	1	>
<1481 , 102 , 10, 1, 89	,	0	>
<1482 , 102 , 10, 3, 89	,	1	>
<1483 , 102 , 10, 4, 89	,	0	>
<1484 , 102 , 10, 6, 89	,	1	>
<1485 , 103 , 1, 1, 28	,	0	>
<1486 , 103 , 1, 2, 28	,	1	>
<1487 , 103 , 1, 4, 28	,	0	>
<1488 , 103 , 3, 1, 30	,	0	>
<1489 , 103 , 3, 2, 30	,	1	>
<1490 , 103 , 3, 4, 30	,	0	>
<1491 , 103 , 6, 1, 22	,	0	>
<1492 , 103 , 6, 2, 22	,	0	>
<1493 , 103 , 6, 4, 22	,	0	>
<1494 , 103 , 7, 1, 12	,	0	>
<1495 , 103 , 7, 2, 12	,	0	>
<1496 , 103 , 7, 4, 12	,	0	>
<1497 , 103 , 8, 1, 28	,	0	>
<1498 , 103 , 8, 2, 28	,	1	>
<1499 , 103 , 8, 4, 28	,	0	>
<1500 , 104 , 1, 1, 18	,	0	>
<1501 , 104 , 1, 6, 18	,	1	>
<1502 , 104 , 3, 1, 53	,	0	>
<1503 , 104 , 3, 6, 53	,	2	>
<1504 , 104 , 4, 1, 42	,	0	>
<1505 , 104 , 4, 6, 42	,	2	>
<1506 , 104 , 6, 1, 36	,	0	>
<1507 , 104 , 6, 6, 36	,	1	>
<1508 , 104 , 7, 1, 24	,	0	>
<1509 , 104 , 7, 6, 24	,	1	>
<1510 , 104 , 9, 1, 39	,	0	>
<1511 , 104 , 9, 6, 39	,	2	>
<1512 , 105 , 1, 1, 55	,	0	>
<1513 , 105 , 1, 3, 55	,	2	>
<1514 , 105 , 2, 1, 60	,	0	>
<1515 , 105 , 2, 3, 60	,	2	>
<1516 , 105 , 4, 1, 99	,	0	>
<1517 , 105 , 4, 3, 99	,	4	>
<1518 , 105 , 5, 1, 56	,	0	>
<1519 , 105 , 5, 3, 56	,	2	>
<1520 , 105 , 7, 1, 37	,	0	>
<1521 , 105 , 7, 3, 37	,	1	>
<1522 , 105 , 8, 1, 74	,	0	>
<1523 , 105 , 8, 3, 74	,	3	>
<1524 , 105 , 9, 1, 36	,	0	>
<1525 , 105 , 9, 3, 36	,	1	>
<1526 , 106 , 2, 3, 94	,	0	>
<1527 , 106 , 2, 4, 94	,	1	>
<1528 , 106 , 2, 5, 94	,	0	>
<1529 , 106 , 2, 6, 94	,	1	>
<1530 , 106 , 4, 3, 93	,	0	>
<1531 , 106 , 4, 4, 93	,	1	>
<1532 , 106 , 4, 5, 93	,	0	>
<1533 , 106 , 4, 6, 93	,	1	>
<1534 , 106 , 5, 3, 90	,	0	>
<1535 , 106 , 5, 4, 90	,	1	>
<1536 , 106 , 5, 5, 90	,	0	>
<1537 , 106 , 5, 6, 90	,	1	>
<1538 , 106 , 6, 3, 98	,	0	>
<1539 , 106 , 6, 4, 98	,	1	>
<1540 , 106 , 6, 5, 98	,	0	>
<1541 , 106 , 6, 6, 98	,	1	>
<1542 , 106 , 9, 3, 89	,	0	>
<1543 , 106 , 9, 4, 89	,	1	>
<1544 , 106 , 9, 5, 89	,	0	>
<1545 , 106 , 9, 6, 89	,	1	>
<1546 , 107 , 1, 1, 10	,	0	>
<1547 , 107 , 1, 2, 10	,	0	>
<1548 , 107 , 1, 5, 10	,	0	>
<1549 , 107 , 1, 6, 10	,	0	>
<1550 , 107 , 2, 1, 20	,	0	>
<1551 , 107 , 2, 2, 20	,	0	>
<1552 , 107 , 2, 5, 20	,	0	>
<1553 , 107 , 2, 6, 20	,	0	>
<1554 , 107 , 3, 1, 24	,	0	>
<1555 , 107 , 3, 2, 24	,	0	>
<1556 , 107 , 3, 5, 24	,	0	>
<1557 , 107 , 3, 6, 24	,	0	>
<1558 , 107 , 5, 1, 26	,	0	>
<1559 , 107 , 5, 2, 26	,	0	>
<1560 , 107 , 5, 5, 26	,	0	>
<1561 , 107 , 5, 6, 26	,	0	>
<1562 , 107 , 6, 1, 11	,	0	>
<1563 , 107 , 6, 2, 11	,	0	>
<1564 , 107 , 6, 5, 11	,	0	>
<1565 , 107 , 6, 6, 11	,	0	>
<1566 , 107 , 10, 1, 23	,	0	>
<1567 , 107 , 10, 2, 23	,	0	>
<1568 , 107 , 10, 5, 23	,	0	>
<1569 , 107 , 10, 6, 23	,	0	>
<1570 , 108 , 1, 1, 90	,	0	>
<1571 , 108 , 1, 3, 90	,	1	>
<1572 , 108 , 1, 4, 90	,	0	>
<1573 , 108 , 1, 6, 90	,	1	>
<1574 , 108 , 5, 1, 41	,	0	>
<1575 , 108 , 5, 3, 41	,	0	>
<1576 , 108 , 5, 4, 41	,	0	>
<1577 , 108 , 5, 6, 41	,	0	>
<1578 , 108 , 7, 1, 87	,	0	>
<1579 , 108 , 7, 3, 87	,	1	>
<1580 , 108 , 7, 4, 87	,	0	>
<1581 , 108 , 7, 6, 87	,	1	>
<1582 , 109 , 1, 2, 97	,	0	>
<1583 , 109 , 1, 4, 97	,	4	>
<1584 , 109 , 3, 2, 94	,	0	>
<1585 , 109 , 3, 4, 94	,	4	>
<1586 , 109 , 6, 2, 94	,	0	>
<1587 , 109 , 6, 4, 94	,	4	>
<1588 , 109 , 7, 2, 94	,	0	>
<1589 , 109 , 7, 4, 94	,	4	>
<1590 , 109 , 8, 2, 95	,	0	>
<1591 , 109 , 8, 4, 95	,	4	>
<1592 , 110 , 1, 1, 99	,	0	>
<1593 , 110 , 1, 5, 99	,	4	>
<1594 , 110 , 2, 1, 69	,	0	>
<1595 , 110 , 2, 5, 69	,	3	>
<1596 , 110 , 3, 1, 92	,	0	>
<1597 , 110 , 3, 5, 92	,	4	>
<1598 , 110 , 6, 1, 78	,	0	>
<1599 , 110 , 6, 5, 78	,	3	>
<1600 , 110 , 7, 1, 93	,	0	>
<1601 , 110 , 7, 5, 93	,	4	>
<1602 , 110 , 10, 1, 94	,	0	>
<1603 , 110 , 10, 5, 94	,	4	>
<1604 , 111 , 2, 1, 34	,	0	>
<1605 , 111 , 2, 3, 34	,	1	>
<1606 , 111 , 2, 6, 34	,	0	>
<1607 , 111 , 4, 1, 81	,	0	>
<1608 , 111 , 4, 3, 81	,	2	>
<1609 , 111 , 4, 6, 81	,	0	>
<1610 , 111 , 8, 1, 31	,	0	>
<1611 , 111 , 8, 3, 31	,	1	>
<1612 , 111 , 8, 6, 31	,	0	>
<1613 , 111 , 10, 1, 82	,	0	>
<1614 , 111 , 10, 3, 82	,	2	>
<1615 , 111 , 10, 6, 82	,	0	>
<1616 , 112 , 2, 1, 21	,	0	>
<1617 , 112 , 2, 2, 21	,	0	>
<1618 , 112 , 2, 5, 21	,	0	>
<1619 , 112 , 3, 1, 37	,	0	>
<1620 , 112 , 3, 2, 37	,	1	>
<1621 , 112 , 3, 5, 37	,	0	>
<1622 , 112 , 4, 1, 62	,	0	>
<1623 , 112 , 4, 2, 62	,	1	>
<1624 , 112 , 4, 5, 62	,	0	>
<1625 , 113 , 2, 1, 77	,	0	>
<1626 , 113 , 2, 2, 77	,	2	>
<1627 , 113 , 2, 5, 77	,	0	>
<1628 , 113 , 3, 1, 80	,	0	>
<1629 , 113 , 3, 2, 80	,	2	>
<1630 , 113 , 3, 5, 80	,	0	>
<1631 , 113 , 6, 1, 49	,	0	>
<1632 , 113 , 6, 2, 49	,	1	>
<1633 , 113 , 6, 5, 49	,	0	>
<1634 , 113 , 8, 1, 73	,	0	>
<1635 , 113 , 8, 2, 73	,	1	>
<1636 , 113 , 8, 5, 73	,	0	>
<1637 , 113 , 9, 1, 68	,	0	>
<1638 , 113 , 9, 2, 68	,	1	>
<1639 , 113 , 9, 5, 68	,	0	>
<1640 , 113 , 10, 1, 53	,	0	>
<1641 , 113 , 10, 2, 53	,	1	>
<1642 , 113 , 10, 5, 53	,	0	>
<1643 , 114 , 1, 1, 92	,	0	>
<1644 , 114 , 1, 4, 92	,	4	>
<1645 , 114 , 2, 1, 92	,	0	>
<1646 , 114 , 2, 4, 92	,	4	>
<1647 , 114 , 3, 1, 88	,	0	>
<1648 , 114 , 3, 4, 88	,	4	>
<1649 , 114 , 4, 1, 84	,	0	>
<1650 , 114 , 4, 4, 84	,	3	>
<1651 , 114 , 6, 1, 88	,	0	>
<1652 , 114 , 6, 4, 88	,	4	>
<1653 , 114 , 7, 1, 86	,	0	>
<1654 , 114 , 7, 4, 86	,	3	>
<1655 , 114 , 8, 1, 89	,	0	>
<1656 , 114 , 8, 4, 89	,	4	>
<1657 , 115 , 1, 2, 79	,	0	>
<1658 , 115 , 1, 4, 79	,	2	>
<1659 , 115 , 1, 5, 79	,	0	>
<1660 , 115 , 3, 2, 79	,	0	>
<1661 , 115 , 3, 4, 79	,	2	>
<1662 , 115 , 3, 5, 79	,	0	>
<1663 , 115 , 7, 2, 98	,	0	>
<1664 , 115 , 7, 4, 98	,	2	>
<1665 , 115 , 7, 5, 98	,	0	>
<1666 , 115 , 8, 2, 65	,	0	>
<1667 , 115 , 8, 4, 65	,	1	>
<1668 , 115 , 8, 5, 65	,	0	>
<1669 , 115 , 10, 2, 91	,	0	>
<1670 , 115 , 10, 4, 91	,	2	>
<1671 , 115 , 10, 5, 91	,	0	>
<1672 , 116 , 1, 1, 67	,	0	>
<1673 , 116 , 1, 3, 67	,	1	>
<1674 , 116 , 1, 4, 67	,	0	>
<1675 , 116 , 1, 5, 67	,	1	>
<1676 , 116 , 4, 1, 99	,	0	>
<1677 , 116 , 4, 3, 99	,	1	>
<1678 , 116 , 4, 4, 99	,	0	>
<1679 , 116 , 4, 5, 99	,	1	>
<1680 , 116 , 6, 1, 59	,	0	>
<1681 , 116 , 6, 3, 59	,	1	>
<1682 , 116 , 6, 4, 59	,	0	>
<1683 , 116 , 6, 5, 59	,	1	>
<1684 , 116 , 7, 1, 98	,	0	>
<1685 , 116 , 7, 3, 98	,	1	>
<1686 , 116 , 7, 4, 98	,	0	>
<1687 , 116 , 7, 5, 98	,	1	>
<1688 , 116 , 9, 1, 92	,	0	>
<1689 , 116 , 9, 3, 92	,	1	>
<1690 , 116 , 9, 4, 92	,	0	>
<1691 , 116 , 9, 5, 92	,	1	>
<1692 , 117 , 3, 1, 70	,	0	>
<1693 , 117 , 3, 2, 70	,	1	>
<1694 , 117 , 3, 3, 70	,	0	>
<1695 , 117 , 8, 1, 63	,	0	>
<1696 , 117 , 8, 2, 63	,	1	>
<1697 , 117 , 8, 3, 63	,	0	>
<1698 , 117 , 9, 1, 72	,	0	>
<1699 , 117 , 9, 2, 72	,	1	>
<1700 , 117 , 9, 3, 72	,	0	>
<1701 , 117 , 10, 1, 95	,	0	>
<1702 , 117 , 10, 2, 95	,	2	>
<1703 , 117 , 10, 3, 95	,	0	>
<1704 , 118 , 1, 1, 59	,	0	>
<1705 , 118 , 1, 2, 59	,	1	>
<1706 , 118 , 1, 3, 59	,	0	>
<1707 , 118 , 1, 5, 59	,	1	>
<1708 , 118 , 2, 1, 53	,	0	>
<1709 , 118 , 2, 2, 53	,	1	>
<1710 , 118 , 2, 3, 53	,	0	>
<1711 , 118 , 2, 5, 53	,	1	>
<1712 , 118 , 3, 1, 32	,	0	>
<1713 , 118 , 3, 2, 32	,	0	>
<1714 , 118 , 3, 3, 32	,	0	>
<1715 , 118 , 3, 5, 32	,	0	>
<1716 , 118 , 6, 1, 39	,	0	>
<1717 , 118 , 6, 2, 39	,	0	>
<1718 , 118 , 6, 3, 39	,	0	>
<1719 , 118 , 6, 5, 39	,	0	>
<1720 , 118 , 7, 1, 20	,	0	>
<1721 , 118 , 7, 2, 20	,	0	>
<1722 , 118 , 7, 3, 20	,	0	>
<1723 , 118 , 7, 5, 20	,	0	>
<1724 , 118 , 9, 1, 54	,	0	>
<1725 , 118 , 9, 2, 54	,	1	>
<1726 , 118 , 9, 3, 54	,	0	>
<1727 , 118 , 9, 5, 54	,	1	>
<1728 , 118 , 10, 1, 34	,	0	>
<1729 , 118 , 10, 2, 34	,	0	>
<1730 , 118 , 10, 3, 34	,	0	>
<1731 , 118 , 10, 5, 34	,	0	>
<1732 , 119 , 4, 1, 79	,	0	>
<1733 , 119 , 4, 2, 79	,	2	>
<1734 , 119 , 4, 4, 79	,	0	>
<1735 , 119 , 6, 1, 94	,	0	>
<1736 , 119 , 6, 2, 94	,	2	>
<1737 , 119 , 6, 4, 94	,	0	>
<1738 , 119 , 7, 1, 76	,	0	>
<1739 , 119 , 7, 2, 76	,	2	>
<1740 , 119 , 7, 4, 76	,	0	>
<1741 , 119 , 8, 1, 74	,	0	>
<1742 , 119 , 8, 2, 74	,	1	>
<1743 , 119 , 8, 4, 74	,	0	>
<1744 , 119 , 10, 1, 75	,	0	>
<1745 , 119 , 10, 2, 75	,	2	>
<1746 , 119 , 10, 4, 75	,	0	>
<1747 , 120 , 1, 1, 92	,	0	>
<1748 , 120 , 1, 3, 92	,	1	>
<1749 , 120 , 1, 4, 92	,	0	>
<1750 , 120 , 1, 6, 92	,	1	>
<1751 , 120 , 2, 1, 95	,	0	>
<1752 , 120 , 2, 3, 95	,	1	>
<1753 , 120 , 2, 4, 95	,	0	>
<1754 , 120 , 2, 6, 95	,	1	>
<1755 , 120 , 4, 1, 92	,	0	>
<1756 , 120 , 4, 3, 92	,	1	>
<1757 , 120 , 4, 4, 92	,	0	>
<1758 , 120 , 4, 6, 92	,	1	>
<1759 , 120 , 9, 1, 91	,	0	>
<1760 , 120 , 9, 3, 91	,	1	>
<1761 , 120 , 9, 4, 91	,	0	>
<1762 , 120 , 9, 6, 91	,	1	>
<1763 , 120 , 10, 1, 95	,	0	>
<1764 , 120 , 10, 3, 95	,	1	>
<1765 , 120 , 10, 4, 95	,	0	>
<1766 , 120 , 10, 6, 95	,	1	>
};