// XtraLGS y resolución directa de hecho_DRC_DAFJS24__W9_y_W10int1_92ops9m10w8jobs Alobruto  2352 modos 
//  25mar26 8:00 ¿?¿?¿.
IS_ALOBRUTO=1;

// DAFJS24... pero DRC con hecho_DRC_DAFJS24__W9_y_W10int1_92ops9m10w8jobs.txt
//        Ntaks, nMachs, nWORKERs
Params = 	<92, 9, 10>;

precedences ={
<	1	,	2	,	0	>,
<	2	,	3	,	0	>,
<	3	,	4	,	0	>,
<	4	,	5	,	0	>,
<	5	,	6	,	0	>,
<	6	,	7	,	0	>,
<	7	,	12	,	0	>,
<	3	,	8	,	0	>,
<	8	,	9	,	0	>,
<	9	,	10	,	0	>,
<	10	,	11	,	0	>,
<	11	,	12	,	0	>,
<	12	,	13	,	0	>,
<	14	,	15	,	0	>,
<	15	,	16	,	0	>,
<	16	,	17	,	0	>,
<	17	,	18	,	0	>,
<	15	,	19	,	0	>,
<	19	,	20	,	0	>,
<	20	,	21	,	0	>,
<	15	,	22	,	0	>,
<	22	,	23	,	0	>,
<	23	,	24	,	0	>,
<	25	,	26	,	0	>,
<	26	,	29	,	0	>,
<	27	,	28	,	0	>,
<	28	,	29	,	0	>,
<	29	,	30	,	0	>,
<	30	,	31	,	0	>,
<	31	,	32	,	0	>,
<	33	,	34	,	0	>,
<	34	,	37	,	0	>,
<	35	,	36	,	0	>,
<	36	,	37	,	0	>,
<	37	,	38	,	0	>,
<	38	,	39	,	0	>,
<	39	,	40	,	0	>,
<	40	,	41	,	0	>,
<	41	,	42	,	0	>,
<	43	,	44	,	0	>,
<	44	,	45	,	0	>,
<	45	,	46	,	0	>,
<	46	,	47	,	0	>,
<	45	,	48	,	0	>,
<	48	,	49	,	0	>,
<	45	,	50	,	0	>,
<	50	,	51	,	0	>,
<	52	,	53	,	0	>,
<	53	,	54	,	0	>,
<	54	,	55	,	0	>,
<	55	,	57	,	0	>,
<	54	,	56	,	0	>,
<	56	,	57	,	0	>,
<	58	,	59	,	0	>,
<	59	,	60	,	0	>,
<	60	,	61	,	0	>,
<	61	,	62	,	0	>,
<	62	,	63	,	0	>,
<	63	,	64	,	0	>,
<	64	,	65	,	0	>,
<	65	,	66	,	0	>,
<	58	,	67	,	0	>,
<	67	,	68	,	0	>,
<	68	,	69	,	0	>,
<	69	,	70	,	0	>,
<	70	,	71	,	0	>,
<	71	,	72	,	0	>,
<	72	,	73	,	0	>,
<	73	,	74	,	0	>,
<	58	,	75	,	0	>,
<	75	,	76	,	0	>,
<	76	,	77	,	0	>,
<	77	,	78	,	0	>,
<	78	,	79	,	0	>,
<	79	,	80	,	0	>,
<	80	,	81	,	0	>,
<	81	,	82	,	0	>,
<	83	,	84	,	0	>,
<	84	,	85	,	0	>,
<	85	,	86	,	0	>,
<	86	,	87	,	0	>,
<	87	,	88	,	0	>,
<	88	,	89	,	0	>,
<	89	,	92	,	0	>,
<	87	,	90	,	0	>,
<	90	,	91	,	0	>,
<	91	,	92	,	0	>
};

Modes = {
<0	,	1	,	2	,	1	,	86	,	0	>
<1	,	1	,	2	,	2	,	86	,	2	>
<2	,	1	,	2	,	3	,	86	,	0	>
<3	,	1	,	2	,	4	,	86	,	2	>
<4	,	1	,	2	,	6	,	86	,	0	>
<5	,	1	,	2	,	8	,	86	,	2	>
<6	,	1	,	2	,	9	,	86	,	0	>
<7	,	1	,	4	,	1	,	77	,	0	>
<8	,	1	,	4	,	2	,	77	,	2	>
<9	,	1	,	4	,	3	,	77	,	0	>
<10	,	1	,	4	,	4	,	77	,	2	>
<11	,	1	,	4	,	6	,	77	,	0	>
<12	,	1	,	4	,	8	,	77	,	2	>
<13	,	1	,	4	,	9	,	77	,	0	>
<14	,	1	,	6	,	1	,	39	,	0	>
<15	,	1	,	6	,	2	,	39	,	1	>
<16	,	1	,	6	,	3	,	39	,	0	>
<17	,	1	,	6	,	4	,	39	,	1	>
<18	,	1	,	6	,	6	,	39	,	0	>
<19	,	1	,	6	,	8	,	39	,	1	>
<20	,	1	,	6	,	9	,	39	,	0	>
<21	,	1	,	7	,	1	,	85	,	0	>
<22	,	1	,	7	,	2	,	85	,	2	>
<23	,	1	,	7	,	3	,	85	,	0	>
<24	,	1	,	7	,	4	,	85	,	2	>
<25	,	1	,	7	,	6	,	85	,	0	>
<26	,	1	,	7	,	8	,	85	,	2	>
<27	,	1	,	7	,	9	,	85	,	0	>
<28	,	2	,	2	,	2	,	35	,	0	>
<29	,	2	,	2	,	5	,	35	,	4	>
<30	,	2	,	2	,	9	,	35	,	0	>
<31	,	2	,	3	,	2	,	79	,	0	>
<32	,	2	,	3	,	5	,	79	,	10	>
<33	,	2	,	3	,	9	,	79	,	0	>
<34	,	2	,	5	,	2	,	31	,	0	>
<35	,	2	,	5	,	5	,	31	,	4	>
<36	,	2	,	5	,	9	,	31	,	0	>
<37	,	2	,	6	,	2	,	77	,	0	>
<38	,	2	,	6	,	5	,	77	,	10	>
<39	,	2	,	6	,	9	,	77	,	0	>
<40	,	2	,	7	,	2	,	59	,	0	>
<41	,	2	,	7	,	5	,	59	,	8	>
<42	,	2	,	7	,	9	,	59	,	0	>
<43	,	2	,	8	,	2	,	62	,	0	>
<44	,	2	,	8	,	5	,	62	,	8	>
<45	,	2	,	8	,	9	,	62	,	0	>
<46	,	3	,	1	,	1	,	99	,	0	>
<47	,	3	,	1	,	2	,	99	,	8	>
<48	,	3	,	1	,	4	,	99	,	0	>
<49	,	3	,	1	,	8	,	99	,	8	>
<50	,	3	,	3	,	1	,	37	,	0	>
<51	,	3	,	3	,	2	,	37	,	3	>
<52	,	3	,	3	,	4	,	37	,	0	>
<53	,	3	,	3	,	8	,	37	,	3	>
<54	,	3	,	4	,	1	,	59	,	0	>
<55	,	3	,	4	,	2	,	59	,	5	>
<56	,	3	,	4	,	4	,	59	,	0	>
<57	,	3	,	4	,	8	,	59	,	5	>
<58	,	3	,	5	,	1	,	92	,	0	>
<59	,	3	,	5	,	2	,	92	,	8	>
<60	,	3	,	5	,	4	,	92	,	0	>
<61	,	3	,	5	,	8	,	92	,	8	>
<62	,	3	,	7	,	1	,	37	,	0	>
<63	,	3	,	7	,	2	,	37	,	3	>
<64	,	3	,	7	,	4	,	37	,	0	>
<65	,	3	,	7	,	8	,	37	,	3	>
<66	,	3	,	9	,	1	,	47	,	0	>
<67	,	3	,	9	,	2	,	47	,	4	>
<68	,	3	,	9	,	4	,	47	,	0	>
<69	,	3	,	9	,	8	,	47	,	4	>
<70	,	4	,	1	,	1	,	41	,	0	>
<71	,	4	,	1	,	2	,	41	,	2	>
<72	,	4	,	1	,	3	,	41	,	0	>
<73	,	4	,	1	,	4	,	41	,	2	>
<74	,	4	,	1	,	6	,	41	,	0	>
<75	,	4	,	1	,	10	,	41	,	2	>
<76	,	4	,	3	,	1	,	68	,	0	>
<77	,	4	,	3	,	2	,	68	,	2	>
<78	,	4	,	3	,	3	,	68	,	0	>
<79	,	4	,	3	,	4	,	68	,	2	>
<80	,	4	,	3	,	6	,	68	,	0	>
<81	,	4	,	3	,	10	,	68	,	2	>
<82	,	4	,	6	,	1	,	90	,	0	>
<83	,	4	,	6	,	2	,	90	,	3	>
<84	,	4	,	6	,	3	,	90	,	0	>
<85	,	4	,	6	,	4	,	90	,	3	>
<86	,	4	,	6	,	6	,	90	,	0	>
<87	,	4	,	6	,	10	,	90	,	3	>
<88	,	4	,	7	,	1	,	79	,	0	>
<89	,	4	,	7	,	2	,	79	,	3	>
<90	,	4	,	7	,	3	,	79	,	0	>
<91	,	4	,	7	,	4	,	79	,	3	>
<92	,	4	,	7	,	6	,	79	,	0	>
<93	,	4	,	7	,	10	,	79	,	3	>
<94	,	4	,	8	,	1	,	56	,	0	>
<95	,	4	,	8	,	2	,	56	,	2	>
<96	,	4	,	8	,	3	,	56	,	0	>
<97	,	4	,	8	,	4	,	56	,	2	>
<98	,	4	,	8	,	6	,	56	,	0	>
<99	,	4	,	8	,	10	,	56	,	2	>
<100	,	4	,	9	,	1	,	73	,	0	>
<101	,	4	,	9	,	2	,	73	,	3	>
<102	,	4	,	9	,	3	,	73	,	0	>
<103	,	4	,	9	,	4	,	73	,	3	>
<104	,	4	,	9	,	6	,	73	,	0	>
<105	,	4	,	9	,	10	,	73	,	3	>
<106	,	5	,	1	,	1	,	96	,	0	>
<107	,	5	,	1	,	3	,	96	,	4	>
<108	,	5	,	1	,	4	,	96	,	0	>
<109	,	5	,	1	,	6	,	96	,	4	>
<110	,	5	,	1	,	8	,	96	,	0	>
<111	,	5	,	1	,	9	,	96	,	4	>
<112	,	5	,	4	,	1	,	94	,	0	>
<113	,	5	,	4	,	3	,	94	,	3	>
<114	,	5	,	4	,	4	,	94	,	0	>
<115	,	5	,	4	,	6	,	94	,	3	>
<116	,	5	,	4	,	8	,	94	,	0	>
<117	,	5	,	4	,	9	,	94	,	3	>
<118	,	5	,	6	,	1	,	94	,	0	>
<119	,	5	,	6	,	3	,	94	,	3	>
<120	,	5	,	6	,	4	,	94	,	0	>
<121	,	5	,	6	,	6	,	94	,	3	>
<122	,	5	,	6	,	8	,	94	,	0	>
<123	,	5	,	6	,	9	,	94	,	3	>
<124	,	5	,	7	,	1	,	94	,	0	>
<125	,	5	,	7	,	3	,	94	,	3	>
<126	,	5	,	7	,	4	,	94	,	0	>
<127	,	5	,	7	,	6	,	94	,	3	>
<128	,	5	,	7	,	8	,	94	,	0	>
<129	,	5	,	7	,	9	,	94	,	3	>
<130	,	6	,	2	,	2	,	97	,	0	>
<131	,	6	,	2	,	3	,	97	,	12	>
<132	,	6	,	2	,	5	,	97	,	0	>
<133	,	6	,	3	,	2	,	54	,	0	>
<134	,	6	,	3	,	3	,	54	,	7	>
<135	,	6	,	3	,	5	,	54	,	0	>
<136	,	6	,	5	,	2	,	57	,	0	>
<137	,	6	,	5	,	3	,	57	,	7	>
<138	,	6	,	5	,	5	,	57	,	0	>
<139	,	6	,	6	,	2	,	89	,	0	>
<140	,	6	,	6	,	3	,	89	,	11	>
<141	,	6	,	6	,	5	,	89	,	0	>
<142	,	6	,	7	,	2	,	64	,	0	>
<143	,	6	,	7	,	3	,	64	,	8	>
<144	,	6	,	7	,	5	,	64	,	0	>
<145	,	7	,	3	,	2	,	17	,	0	>
<146	,	7	,	3	,	4	,	17	,	1	>
<147	,	7	,	3	,	7	,	17	,	0	>
<148	,	7	,	3	,	9	,	17	,	1	>
<149	,	7	,	3	,	10	,	17	,	0	>
<150	,	7	,	5	,	2	,	10	,	0	>
<151	,	7	,	5	,	4	,	10	,	1	>
<152	,	7	,	5	,	7	,	10	,	0	>
<153	,	7	,	5	,	9	,	10	,	1	>
<154	,	7	,	5	,	10	,	10	,	0	>
<155	,	7	,	6	,	2	,	18	,	0	>
<156	,	7	,	6	,	4	,	18	,	1	>
<157	,	7	,	6	,	7	,	18	,	0	>
<158	,	7	,	6	,	9	,	18	,	1	>
<159	,	7	,	6	,	10	,	18	,	0	>
<160	,	7	,	9	,	2	,	10	,	0	>
<161	,	7	,	9	,	4	,	10	,	1	>
<162	,	7	,	9	,	7	,	10	,	0	>
<163	,	7	,	9	,	9	,	10	,	1	>
<164	,	7	,	9	,	10	,	10	,	0	>
<165	,	8	,	1	,	1	,	82	,	0	>
<166	,	8	,	1	,	2	,	82	,	2	>
<167	,	8	,	1	,	3	,	82	,	0	>
<168	,	8	,	1	,	5	,	82	,	2	>
<169	,	8	,	1	,	6	,	82	,	0	>
<170	,	8	,	1	,	7	,	82	,	2	>
<171	,	8	,	1	,	8	,	82	,	0	>
<172	,	8	,	3	,	1	,	90	,	0	>
<173	,	8	,	3	,	2	,	90	,	2	>
<174	,	8	,	3	,	3	,	90	,	0	>
<175	,	8	,	3	,	5	,	90	,	2	>
<176	,	8	,	3	,	6	,	90	,	0	>
<177	,	8	,	3	,	7	,	90	,	2	>
<178	,	8	,	3	,	8	,	90	,	0	>
<179	,	8	,	4	,	1	,	86	,	0	>
<180	,	8	,	4	,	2	,	86	,	2	>
<181	,	8	,	4	,	3	,	86	,	0	>
<182	,	8	,	4	,	5	,	86	,	2	>
<183	,	8	,	4	,	6	,	86	,	0	>
<184	,	8	,	4	,	7	,	86	,	2	>
<185	,	8	,	4	,	8	,	86	,	0	>
<186	,	8	,	6	,	1	,	83	,	0	>
<187	,	8	,	6	,	2	,	83	,	2	>
<188	,	8	,	6	,	3	,	83	,	0	>
<189	,	8	,	6	,	5	,	83	,	2	>
<190	,	8	,	6	,	6	,	83	,	0	>
<191	,	8	,	6	,	7	,	83	,	2	>
<192	,	8	,	6	,	8	,	83	,	0	>
<193	,	8	,	7	,	1	,	88	,	0	>
<194	,	8	,	7	,	2	,	88	,	2	>
<195	,	8	,	7	,	3	,	88	,	0	>
<196	,	8	,	7	,	5	,	88	,	2	>
<197	,	8	,	7	,	6	,	88	,	0	>
<198	,	8	,	7	,	7	,	88	,	2	>
<199	,	8	,	7	,	8	,	88	,	0	>
<200	,	8	,	9	,	1	,	82	,	0	>
<201	,	8	,	9	,	2	,	82	,	2	>
<202	,	8	,	9	,	3	,	82	,	0	>
<203	,	8	,	9	,	5	,	82	,	2	>
<204	,	8	,	9	,	6	,	82	,	0	>
<205	,	8	,	9	,	7	,	82	,	2	>
<206	,	8	,	9	,	8	,	82	,	0	>
<207	,	9	,	1	,	1	,	93	,	0	>
<208	,	9	,	1	,	3	,	93	,	2	>
<209	,	9	,	1	,	4	,	93	,	0	>
<210	,	9	,	1	,	5	,	93	,	2	>
<211	,	9	,	1	,	8	,	93	,	0	>
<212	,	9	,	1	,	9	,	93	,	2	>
<213	,	9	,	1	,	10	,	93	,	0	>
<214	,	9	,	2	,	1	,	99	,	0	>
<215	,	9	,	2	,	3	,	99	,	2	>
<216	,	9	,	2	,	4	,	99	,	0	>
<217	,	9	,	2	,	5	,	99	,	2	>
<218	,	9	,	2	,	8	,	99	,	0	>
<219	,	9	,	2	,	9	,	99	,	2	>
<220	,	9	,	2	,	10	,	99	,	0	>
<221	,	9	,	4	,	1	,	79	,	0	>
<222	,	9	,	4	,	3	,	79	,	2	>
<223	,	9	,	4	,	4	,	79	,	0	>
<224	,	9	,	4	,	5	,	79	,	2	>
<225	,	9	,	4	,	8	,	79	,	0	>
<226	,	9	,	4	,	9	,	79	,	2	>
<227	,	9	,	4	,	10	,	79	,	0	>
<228	,	9	,	5	,	1	,	81	,	0	>
<229	,	9	,	5	,	3	,	81	,	2	>
<230	,	9	,	5	,	4	,	81	,	0	>
<231	,	9	,	5	,	5	,	81	,	2	>
<232	,	9	,	5	,	8	,	81	,	0	>
<233	,	9	,	5	,	9	,	81	,	2	>
<234	,	9	,	5	,	10	,	81	,	0	>
<235	,	9	,	8	,	1	,	75	,	0	>
<236	,	9	,	8	,	3	,	75	,	2	>
<237	,	9	,	8	,	4	,	75	,	0	>
<238	,	9	,	8	,	5	,	75	,	2	>
<239	,	9	,	8	,	8	,	75	,	0	>
<240	,	9	,	8	,	9	,	75	,	2	>
<241	,	9	,	8	,	10	,	75	,	0	>
<242	,	10	,	1	,	1	,	85	,	0	>
<243	,	10	,	1	,	2	,	85	,	2	>
<244	,	10	,	1	,	3	,	85	,	0	>
<245	,	10	,	1	,	6	,	85	,	2	>
<246	,	10	,	1	,	7	,	85	,	0	>
<247	,	10	,	1	,	8	,	85	,	2	>
<248	,	10	,	1	,	9	,	85	,	0	>
<249	,	10	,	3	,	1	,	93	,	0	>
<250	,	10	,	3	,	2	,	93	,	2	>
<251	,	10	,	3	,	3	,	93	,	0	>
<252	,	10	,	3	,	6	,	93	,	2	>
<253	,	10	,	3	,	7	,	93	,	0	>
<254	,	10	,	3	,	8	,	93	,	2	>
<255	,	10	,	3	,	9	,	93	,	0	>
<256	,	10	,	5	,	1	,	95	,	0	>
<257	,	10	,	5	,	2	,	95	,	2	>
<258	,	10	,	5	,	3	,	95	,	0	>
<259	,	10	,	5	,	6	,	95	,	2	>
<260	,	10	,	5	,	7	,	95	,	0	>
<261	,	10	,	5	,	8	,	95	,	2	>
<262	,	10	,	5	,	9	,	95	,	0	>
<263	,	10	,	7	,	1	,	87	,	0	>
<264	,	10	,	7	,	2	,	87	,	2	>
<265	,	10	,	7	,	3	,	87	,	0	>
<266	,	10	,	7	,	6	,	87	,	2	>
<267	,	10	,	7	,	7	,	87	,	0	>
<268	,	10	,	7	,	8	,	87	,	2	>
<269	,	10	,	7	,	9	,	87	,	0	>
<270	,	10	,	8	,	1	,	95	,	0	>
<271	,	10	,	8	,	2	,	95	,	2	>
<272	,	10	,	8	,	3	,	95	,	0	>
<273	,	10	,	8	,	6	,	95	,	2	>
<274	,	10	,	8	,	7	,	95	,	0	>
<275	,	10	,	8	,	8	,	95	,	2	>
<276	,	10	,	8	,	9	,	95	,	0	>
<277	,	11	,	2	,	5	,	38	,	0	>
<278	,	11	,	2	,	7	,	38	,	3	>
<279	,	11	,	2	,	8	,	38	,	0	>
<280	,	11	,	2	,	9	,	38	,	3	>
<281	,	11	,	3	,	5	,	26	,	0	>
<282	,	11	,	3	,	7	,	26	,	2	>
<283	,	11	,	3	,	8	,	26	,	0	>
<284	,	11	,	3	,	9	,	26	,	2	>
<285	,	11	,	4	,	5	,	54	,	0	>
<286	,	11	,	4	,	7	,	54	,	4	>
<287	,	11	,	4	,	8	,	54	,	0	>
<288	,	11	,	4	,	9	,	54	,	4	>
<289	,	11	,	5	,	5	,	30	,	0	>
<290	,	11	,	5	,	7	,	30	,	2	>
<291	,	11	,	5	,	8	,	30	,	0	>
<292	,	11	,	5	,	9	,	30	,	2	>
<293	,	12	,	1	,	1	,	90	,	0	>
<294	,	12	,	1	,	4	,	90	,	3	>
<295	,	12	,	1	,	5	,	90	,	0	>
<296	,	12	,	1	,	6	,	90	,	3	>
<297	,	12	,	1	,	7	,	90	,	0	>
<298	,	12	,	1	,	9	,	90	,	3	>
<299	,	12	,	2	,	1	,	97	,	0	>
<300	,	12	,	2	,	4	,	97	,	4	>
<301	,	12	,	2	,	5	,	97	,	0	>
<302	,	12	,	2	,	6	,	97	,	4	>
<303	,	12	,	2	,	7	,	97	,	0	>
<304	,	12	,	2	,	9	,	97	,	4	>
<305	,	12	,	5	,	1	,	79	,	0	>
<306	,	12	,	5	,	4	,	79	,	3	>
<307	,	12	,	5	,	5	,	79	,	0	>
<308	,	12	,	5	,	6	,	79	,	3	>
<309	,	12	,	5	,	7	,	79	,	0	>
<310	,	12	,	5	,	9	,	79	,	3	>
<311	,	12	,	8	,	1	,	77	,	0	>
<312	,	12	,	8	,	4	,	77	,	3	>
<313	,	12	,	8	,	5	,	77	,	0	>
<314	,	12	,	8	,	6	,	77	,	3	>
<315	,	12	,	8	,	7	,	77	,	0	>
<316	,	12	,	8	,	9	,	77	,	3	>
<317	,	12	,	9	,	1	,	56	,	0	>
<318	,	12	,	9	,	4	,	56	,	2	>
<319	,	12	,	9	,	5	,	56	,	0	>
<320	,	12	,	9	,	6	,	56	,	2	>
<321	,	12	,	9	,	7	,	56	,	0	>
<322	,	12	,	9	,	9	,	56	,	2	>
<323	,	13	,	1	,	3	,	93	,	0	>
<324	,	13	,	1	,	5	,	93	,	8	>
<325	,	13	,	1	,	7	,	93	,	0	>
<326	,	13	,	1	,	8	,	93	,	8	>
<327	,	13	,	3	,	3	,	91	,	0	>
<328	,	13	,	3	,	5	,	91	,	8	>
<329	,	13	,	3	,	7	,	91	,	0	>
<330	,	13	,	3	,	8	,	91	,	8	>
<331	,	13	,	5	,	3	,	64	,	0	>
<332	,	13	,	5	,	5	,	64	,	5	>
<333	,	13	,	5	,	7	,	64	,	0	>
<334	,	13	,	5	,	8	,	64	,	5	>
<335	,	13	,	6	,	3	,	51	,	0	>
<336	,	13	,	6	,	5	,	51	,	4	>
<337	,	13	,	6	,	7	,	51	,	0	>
<338	,	13	,	6	,	8	,	51	,	4	>
<339	,	13	,	8	,	3	,	45	,	0	>
<340	,	13	,	8	,	5	,	45	,	4	>
<341	,	13	,	8	,	7	,	45	,	0	>
<342	,	13	,	8	,	8	,	45	,	4	>
<343	,	14	,	4	,	2	,	40	,	0	>
<344	,	14	,	4	,	6	,	40	,	3	>
<345	,	14	,	4	,	7	,	40	,	0	>
<346	,	14	,	4	,	10	,	40	,	3	>
<347	,	14	,	5	,	2	,	39	,	0	>
<348	,	14	,	5	,	6	,	39	,	3	>
<349	,	14	,	5	,	7	,	39	,	0	>
<350	,	14	,	5	,	10	,	39	,	3	>
<351	,	14	,	7	,	2	,	28	,	0	>
<352	,	14	,	7	,	6	,	28	,	2	>
<353	,	14	,	7	,	7	,	28	,	0	>
<354	,	14	,	7	,	10	,	28	,	2	>
<355	,	14	,	9	,	2	,	29	,	0	>
<356	,	14	,	9	,	6	,	29	,	2	>
<357	,	14	,	9	,	7	,	29	,	0	>
<358	,	14	,	9	,	10	,	29	,	2	>
<359	,	15	,	2	,	1	,	96	,	0	>
<360	,	15	,	2	,	2	,	96	,	2	>
<361	,	15	,	2	,	3	,	96	,	0	>
<362	,	15	,	2	,	4	,	96	,	2	>
<363	,	15	,	2	,	8	,	96	,	0	>
<364	,	15	,	2	,	9	,	96	,	2	>
<365	,	15	,	2	,	10	,	96	,	0	>
<366	,	15	,	4	,	1	,	70	,	0	>
<367	,	15	,	4	,	2	,	70	,	2	>
<368	,	15	,	4	,	3	,	70	,	0	>
<369	,	15	,	4	,	4	,	70	,	2	>
<370	,	15	,	4	,	8	,	70	,	0	>
<371	,	15	,	4	,	9	,	70	,	2	>
<372	,	15	,	4	,	10	,	70	,	0	>
<373	,	15	,	5	,	1	,	78	,	0	>
<374	,	15	,	5	,	2	,	78	,	2	>
<375	,	15	,	5	,	3	,	78	,	0	>
<376	,	15	,	5	,	4	,	78	,	2	>
<377	,	15	,	5	,	8	,	78	,	0	>
<378	,	15	,	5	,	9	,	78	,	2	>
<379	,	15	,	5	,	10	,	78	,	0	>
<380	,	15	,	6	,	1	,	99	,	0	>
<381	,	15	,	6	,	2	,	99	,	2	>
<382	,	15	,	6	,	3	,	99	,	0	>
<383	,	15	,	6	,	4	,	99	,	2	>
<384	,	15	,	6	,	8	,	99	,	0	>
<385	,	15	,	6	,	9	,	99	,	2	>
<386	,	15	,	6	,	10	,	99	,	0	>
<387	,	15	,	8	,	1	,	97	,	0	>
<388	,	15	,	8	,	2	,	97	,	2	>
<389	,	15	,	8	,	3	,	97	,	0	>
<390	,	15	,	8	,	4	,	97	,	2	>
<391	,	15	,	8	,	8	,	97	,	0	>
<392	,	15	,	8	,	9	,	97	,	2	>
<393	,	15	,	8	,	10	,	97	,	0	>
<394	,	16	,	1	,	1	,	26	,	0	>
<395	,	16	,	1	,	2	,	26	,	2	>
<396	,	16	,	1	,	3	,	26	,	0	>
<397	,	16	,	1	,	10	,	26	,	2	>
<398	,	16	,	3	,	1	,	25	,	0	>
<399	,	16	,	3	,	2	,	25	,	2	>
<400	,	16	,	3	,	3	,	25	,	0	>
<401	,	16	,	3	,	10	,	25	,	2	>
<402	,	16	,	6	,	1	,	12	,	0	>
<403	,	16	,	6	,	2	,	12	,	1	>
<404	,	16	,	6	,	3	,	12	,	0	>
<405	,	16	,	6	,	10	,	12	,	1	>
<406	,	16	,	8	,	1	,	17	,	0	>
<407	,	16	,	8	,	2	,	17	,	1	>
<408	,	16	,	8	,	3	,	17	,	0	>
<409	,	16	,	8	,	10	,	17	,	1	>
<410	,	17	,	3	,	2	,	87	,	0	>
<411	,	17	,	3	,	4	,	87	,	5	>
<412	,	17	,	3	,	5	,	87	,	0	>
<413	,	17	,	3	,	9	,	87	,	5	>
<414	,	17	,	3	,	10	,	87	,	0	>
<415	,	17	,	5	,	2	,	75	,	0	>
<416	,	17	,	5	,	4	,	75	,	4	>
<417	,	17	,	5	,	5	,	75	,	0	>
<418	,	17	,	5	,	9	,	75	,	4	>
<419	,	17	,	5	,	10	,	75	,	0	>
<420	,	17	,	6	,	2	,	86	,	0	>
<421	,	17	,	6	,	4	,	86	,	5	>
<422	,	17	,	6	,	5	,	86	,	0	>
<423	,	17	,	6	,	9	,	86	,	5	>
<424	,	17	,	6	,	10	,	86	,	0	>
<425	,	17	,	8	,	2	,	70	,	0	>
<426	,	17	,	8	,	4	,	70	,	4	>
<427	,	17	,	8	,	5	,	70	,	0	>
<428	,	17	,	8	,	9	,	70	,	4	>
<429	,	17	,	8	,	10	,	70	,	0	>
<430	,	17	,	9	,	2	,	80	,	0	>
<431	,	17	,	9	,	4	,	80	,	4	>
<432	,	17	,	9	,	5	,	80	,	0	>
<433	,	17	,	9	,	9	,	80	,	4	>
<434	,	17	,	9	,	10	,	80	,	0	>
<435	,	18	,	2	,	2	,	93	,	0	>
<436	,	18	,	2	,	4	,	93	,	5	>
<437	,	18	,	2	,	7	,	93	,	0	>
<438	,	18	,	2	,	8	,	93	,	5	>
<439	,	18	,	2	,	10	,	93	,	0	>
<440	,	18	,	5	,	2	,	98	,	0	>
<441	,	18	,	5	,	4	,	98	,	5	>
<442	,	18	,	5	,	7	,	98	,	0	>
<443	,	18	,	5	,	8	,	98	,	5	>
<444	,	18	,	5	,	10	,	98	,	0	>
<445	,	18	,	8	,	2	,	93	,	0	>
<446	,	18	,	8	,	4	,	93	,	5	>
<447	,	18	,	8	,	7	,	93	,	0	>
<448	,	18	,	8	,	8	,	93	,	5	>
<449	,	18	,	8	,	10	,	93	,	0	>
<450	,	18	,	9	,	2	,	99	,	0	>
<451	,	18	,	9	,	4	,	99	,	5	>
<452	,	18	,	9	,	7	,	99	,	0	>
<453	,	18	,	9	,	8	,	99	,	5	>
<454	,	18	,	9	,	10	,	99	,	0	>
<455	,	19	,	1	,	2	,	56	,	0	>
<456	,	19	,	1	,	3	,	56	,	1	>
<457	,	19	,	1	,	4	,	56	,	0	>
<458	,	19	,	1	,	5	,	56	,	1	>
<459	,	19	,	1	,	8	,	56	,	0	>
<460	,	19	,	1	,	9	,	56	,	1	>
<461	,	19	,	1	,	10	,	56	,	0	>
<462	,	19	,	2	,	2	,	61	,	0	>
<463	,	19	,	2	,	3	,	61	,	1	>
<464	,	19	,	2	,	4	,	61	,	0	>
<465	,	19	,	2	,	5	,	61	,	1	>
<466	,	19	,	2	,	8	,	61	,	0	>
<467	,	19	,	2	,	9	,	61	,	1	>
<468	,	19	,	2	,	10	,	61	,	0	>
<469	,	19	,	6	,	2	,	98	,	0	>
<470	,	19	,	6	,	3	,	98	,	2	>
<471	,	19	,	6	,	4	,	98	,	0	>
<472	,	19	,	6	,	5	,	98	,	2	>
<473	,	19	,	6	,	8	,	98	,	0	>
<474	,	19	,	6	,	9	,	98	,	2	>
<475	,	19	,	6	,	10	,	98	,	0	>
<476	,	19	,	9	,	2	,	64	,	0	>
<477	,	19	,	9	,	3	,	64	,	2	>
<478	,	19	,	9	,	4	,	64	,	0	>
<479	,	19	,	9	,	5	,	64	,	2	>
<480	,	19	,	9	,	8	,	64	,	0	>
<481	,	19	,	9	,	9	,	64	,	2	>
<482	,	19	,	9	,	10	,	64	,	0	>
<483	,	20	,	1	,	1	,	38	,	0	>
<484	,	20	,	1	,	3	,	38	,	1	>
<485	,	20	,	1	,	5	,	38	,	0	>
<486	,	20	,	1	,	7	,	38	,	1	>
<487	,	20	,	1	,	8	,	38	,	0	>
<488	,	20	,	1	,	9	,	38	,	1	>
<489	,	20	,	1	,	10	,	38	,	0	>
<490	,	20	,	3	,	1	,	26	,	0	>
<491	,	20	,	3	,	3	,	26	,	1	>
<492	,	20	,	3	,	5	,	26	,	0	>
<493	,	20	,	3	,	7	,	26	,	1	>
<494	,	20	,	3	,	8	,	26	,	0	>
<495	,	20	,	3	,	9	,	26	,	1	>
<496	,	20	,	3	,	10	,	26	,	0	>
<497	,	20	,	4	,	1	,	31	,	0	>
<498	,	20	,	4	,	3	,	31	,	1	>
<499	,	20	,	4	,	5	,	31	,	0	>
<500	,	20	,	4	,	7	,	31	,	1	>
<501	,	20	,	4	,	8	,	31	,	0	>
<502	,	20	,	4	,	9	,	31	,	1	>
<503	,	20	,	4	,	10	,	31	,	0	>
<504	,	20	,	7	,	1	,	55	,	0	>
<505	,	20	,	7	,	3	,	55	,	1	>
<506	,	20	,	7	,	5	,	55	,	0	>
<507	,	20	,	7	,	7	,	55	,	1	>
<508	,	20	,	7	,	8	,	55	,	0	>
<509	,	20	,	7	,	9	,	55	,	1	>
<510	,	20	,	7	,	10	,	55	,	0	>
<511	,	21	,	1	,	2	,	18	,	0	>
<512	,	21	,	1	,	4	,	18	,	1	>
<513	,	21	,	1	,	6	,	18	,	0	>
<514	,	21	,	1	,	8	,	18	,	1	>
<515	,	21	,	1	,	9	,	18	,	0	>
<516	,	21	,	3	,	2	,	21	,	0	>
<517	,	21	,	3	,	4	,	21	,	1	>
<518	,	21	,	3	,	6	,	21	,	0	>
<519	,	21	,	3	,	8	,	21	,	1	>
<520	,	21	,	3	,	9	,	21	,	0	>
<521	,	21	,	4	,	2	,	14	,	0	>
<522	,	21	,	4	,	4	,	14	,	1	>
<523	,	21	,	4	,	6	,	14	,	0	>
<524	,	21	,	4	,	8	,	14	,	1	>
<525	,	21	,	4	,	9	,	14	,	0	>
<526	,	21	,	5	,	2	,	24	,	0	>
<527	,	21	,	5	,	4	,	24	,	1	>
<528	,	21	,	5	,	6	,	24	,	0	>
<529	,	21	,	5	,	8	,	24	,	1	>
<530	,	21	,	5	,	9	,	24	,	0	>
<531	,	21	,	7	,	2	,	35	,	0	>
<532	,	21	,	7	,	4	,	35	,	2	>
<533	,	21	,	7	,	6	,	35	,	0	>
<534	,	21	,	7	,	8	,	35	,	2	>
<535	,	21	,	7	,	9	,	35	,	0	>
<536	,	22	,	1	,	1	,	11	,	0	>
<537	,	22	,	1	,	3	,	11	,	1	>
<538	,	22	,	1	,	6	,	11	,	0	>
<539	,	22	,	1	,	8	,	11	,	1	>
<540	,	22	,	1	,	10	,	11	,	0	>
<541	,	22	,	3	,	1	,	30	,	0	>
<542	,	22	,	3	,	3	,	30	,	2	>
<543	,	22	,	3	,	6	,	30	,	0	>
<544	,	22	,	3	,	8	,	30	,	2	>
<545	,	22	,	3	,	10	,	30	,	0	>
<546	,	22	,	6	,	1	,	18	,	0	>
<547	,	22	,	6	,	3	,	18	,	1	>
<548	,	22	,	6	,	6	,	18	,	0	>
<549	,	22	,	6	,	8	,	18	,	1	>
<550	,	22	,	6	,	10	,	18	,	0	>
<551	,	22	,	7	,	1	,	19	,	0	>
<552	,	22	,	7	,	3	,	19	,	1	>
<553	,	22	,	7	,	6	,	19	,	0	>
<554	,	22	,	7	,	8	,	19	,	1	>
<555	,	22	,	7	,	10	,	19	,	0	>
<556	,	22	,	8	,	1	,	22	,	0	>
<557	,	22	,	8	,	3	,	22	,	1	>
<558	,	22	,	8	,	6	,	22	,	0	>
<559	,	22	,	8	,	8	,	22	,	1	>
<560	,	22	,	8	,	10	,	22	,	0	>
<561	,	22	,	9	,	1	,	17	,	0	>
<562	,	22	,	9	,	3	,	17	,	1	>
<563	,	22	,	9	,	6	,	17	,	0	>
<564	,	22	,	9	,	8	,	17	,	1	>
<565	,	22	,	9	,	10	,	17	,	0	>
<566	,	23	,	1	,	2	,	89	,	0	>
<567	,	23	,	1	,	3	,	89	,	5	>
<568	,	23	,	1	,	5	,	89	,	0	>
<569	,	23	,	1	,	7	,	89	,	5	>
<570	,	23	,	1	,	8	,	89	,	0	>
<571	,	23	,	4	,	2	,	89	,	0	>
<572	,	23	,	4	,	3	,	89	,	5	>
<573	,	23	,	4	,	5	,	89	,	0	>
<574	,	23	,	4	,	7	,	89	,	5	>
<575	,	23	,	4	,	8	,	89	,	0	>
<576	,	23	,	6	,	2	,	96	,	0	>
<577	,	23	,	6	,	3	,	96	,	5	>
<578	,	23	,	6	,	5	,	96	,	0	>
<579	,	23	,	6	,	7	,	96	,	5	>
<580	,	23	,	6	,	8	,	96	,	0	>
<581	,	23	,	8	,	2	,	99	,	0	>
<582	,	23	,	8	,	3	,	99	,	5	>
<583	,	23	,	8	,	5	,	99	,	0	>
<584	,	23	,	8	,	7	,	99	,	5	>
<585	,	23	,	8	,	8	,	99	,	0	>
<586	,	24	,	1	,	1	,	77	,	0	>
<587	,	24	,	1	,	3	,	77	,	3	>
<588	,	24	,	1	,	4	,	77	,	0	>
<589	,	24	,	1	,	6	,	77	,	3	>
<590	,	24	,	1	,	7	,	77	,	0	>
<591	,	24	,	1	,	10	,	77	,	3	>
<592	,	24	,	2	,	1	,	83	,	0	>
<593	,	24	,	2	,	3	,	83	,	3	>
<594	,	24	,	2	,	4	,	83	,	0	>
<595	,	24	,	2	,	6	,	83	,	3	>
<596	,	24	,	2	,	7	,	83	,	0	>
<597	,	24	,	2	,	10	,	83	,	3	>
<598	,	24	,	4	,	1	,	73	,	0	>
<599	,	24	,	4	,	3	,	73	,	3	>
<600	,	24	,	4	,	4	,	73	,	0	>
<601	,	24	,	4	,	6	,	73	,	3	>
<602	,	24	,	4	,	7	,	73	,	0	>
<603	,	24	,	4	,	10	,	73	,	3	>
<604	,	24	,	7	,	1	,	81	,	0	>
<605	,	24	,	7	,	3	,	81	,	3	>
<606	,	24	,	7	,	4	,	81	,	0	>
<607	,	24	,	7	,	6	,	81	,	3	>
<608	,	24	,	7	,	7	,	81	,	0	>
<609	,	24	,	7	,	10	,	81	,	3	>
<610	,	24	,	8	,	1	,	55	,	0	>
<611	,	24	,	8	,	3	,	55	,	2	>
<612	,	24	,	8	,	4	,	55	,	0	>
<613	,	24	,	8	,	6	,	55	,	2	>
<614	,	24	,	8	,	7	,	55	,	0	>
<615	,	24	,	8	,	10	,	55	,	2	>
<616	,	25	,	2	,	2	,	65	,	0	>
<617	,	25	,	2	,	3	,	65	,	8	>
<618	,	25	,	2	,	10	,	65	,	0	>
<619	,	25	,	3	,	2	,	42	,	0	>
<620	,	25	,	3	,	3	,	42	,	5	>
<621	,	25	,	3	,	10	,	42	,	0	>
<622	,	25	,	4	,	2	,	50	,	0	>
<623	,	25	,	4	,	3	,	50	,	6	>
<624	,	25	,	4	,	10	,	50	,	0	>
<625	,	25	,	7	,	2	,	68	,	0	>
<626	,	25	,	7	,	3	,	68	,	9	>
<627	,	25	,	7	,	10	,	68	,	0	>
<628	,	25	,	9	,	2	,	86	,	0	>
<629	,	25	,	9	,	3	,	86	,	11	>
<630	,	25	,	9	,	10	,	86	,	0	>
<631	,	26	,	1	,	1	,	87	,	0	>
<632	,	26	,	1	,	2	,	87	,	7	>
<633	,	26	,	1	,	3	,	87	,	0	>
<634	,	26	,	1	,	4	,	87	,	7	>
<635	,	26	,	2	,	1	,	75	,	0	>
<636	,	26	,	2	,	2	,	75	,	6	>
<637	,	26	,	2	,	3	,	75	,	0	>
<638	,	26	,	2	,	4	,	75	,	6	>
<639	,	26	,	3	,	1	,	84	,	0	>
<640	,	26	,	3	,	2	,	84	,	7	>
<641	,	26	,	3	,	3	,	84	,	0	>
<642	,	26	,	3	,	4	,	84	,	7	>
<643	,	26	,	5	,	1	,	69	,	0	>
<644	,	26	,	5	,	2	,	69	,	6	>
<645	,	26	,	5	,	3	,	69	,	0	>
<646	,	26	,	5	,	4	,	69	,	6	>
<647	,	26	,	7	,	1	,	58	,	0	>
<648	,	26	,	7	,	2	,	58	,	5	>
<649	,	26	,	7	,	3	,	58	,	0	>
<650	,	26	,	7	,	4	,	58	,	5	>
<651	,	26	,	8	,	1	,	77	,	0	>
<652	,	26	,	8	,	2	,	77	,	6	>
<653	,	26	,	8	,	3	,	77	,	0	>
<654	,	26	,	8	,	4	,	77	,	6	>
<655	,	27	,	1	,	1	,	92	,	0	>
<656	,	27	,	1	,	2	,	92	,	3	>
<657	,	27	,	1	,	3	,	92	,	0	>
<658	,	27	,	1	,	4	,	92	,	3	>
<659	,	27	,	1	,	8	,	92	,	0	>
<660	,	27	,	1	,	9	,	92	,	3	>
<661	,	27	,	2	,	1	,	91	,	0	>
<662	,	27	,	2	,	2	,	91	,	3	>
<663	,	27	,	2	,	3	,	91	,	0	>
<664	,	27	,	2	,	4	,	91	,	3	>
<665	,	27	,	2	,	8	,	91	,	0	>
<666	,	27	,	2	,	9	,	91	,	3	>
<667	,	27	,	3	,	1	,	92	,	0	>
<668	,	27	,	3	,	2	,	92	,	3	>
<669	,	27	,	3	,	3	,	92	,	0	>
<670	,	27	,	3	,	4	,	92	,	3	>
<671	,	27	,	3	,	8	,	92	,	0	>
<672	,	27	,	3	,	9	,	92	,	3	>
<673	,	27	,	4	,	1	,	97	,	0	>
<674	,	27	,	4	,	2	,	97	,	4	>
<675	,	27	,	4	,	3	,	97	,	0	>
<676	,	27	,	4	,	4	,	97	,	4	>
<677	,	27	,	4	,	8	,	97	,	0	>
<678	,	27	,	4	,	9	,	97	,	4	>
<679	,	27	,	5	,	1	,	98	,	0	>
<680	,	27	,	5	,	2	,	98	,	4	>
<681	,	27	,	5	,	3	,	98	,	0	>
<682	,	27	,	5	,	4	,	98	,	4	>
<683	,	27	,	5	,	8	,	98	,	0	>
<684	,	27	,	5	,	9	,	98	,	4	>
<685	,	27	,	7	,	1	,	96	,	0	>
<686	,	27	,	7	,	2	,	96	,	4	>
<687	,	27	,	7	,	3	,	96	,	0	>
<688	,	27	,	7	,	4	,	96	,	4	>
<689	,	27	,	7	,	8	,	96	,	0	>
<690	,	27	,	7	,	9	,	96	,	4	>
<691	,	28	,	1	,	1	,	98	,	0	>
<692	,	28	,	1	,	2	,	98	,	8	>
<693	,	28	,	1	,	4	,	98	,	0	>
<694	,	28	,	1	,	10	,	98	,	8	>
<695	,	28	,	2	,	1	,	78	,	0	>
<696	,	28	,	2	,	2	,	78	,	6	>
<697	,	28	,	2	,	4	,	78	,	0	>
<698	,	28	,	2	,	10	,	78	,	6	>
<699	,	28	,	8	,	1	,	57	,	0	>
<700	,	28	,	8	,	2	,	57	,	5	>
<701	,	28	,	8	,	4	,	57	,	0	>
<702	,	28	,	8	,	10	,	57	,	5	>
<703	,	28	,	9	,	1	,	73	,	0	>
<704	,	28	,	9	,	2	,	73	,	6	>
<705	,	28	,	9	,	4	,	73	,	0	>
<706	,	28	,	9	,	10	,	73	,	6	>
<707	,	29	,	1	,	1	,	89	,	0	>
<708	,	29	,	1	,	3	,	89	,	2	>
<709	,	29	,	1	,	4	,	89	,	0	>
<710	,	29	,	1	,	6	,	89	,	2	>
<711	,	29	,	1	,	7	,	89	,	0	>
<712	,	29	,	1	,	9	,	89	,	2	>
<713	,	29	,	1	,	10	,	89	,	0	>
<714	,	29	,	3	,	1	,	57	,	0	>
<715	,	29	,	3	,	3	,	57	,	1	>
<716	,	29	,	3	,	4	,	57	,	0	>
<717	,	29	,	3	,	6	,	57	,	1	>
<718	,	29	,	3	,	7	,	57	,	0	>
<719	,	29	,	3	,	9	,	57	,	1	>
<720	,	29	,	3	,	10	,	57	,	0	>
<721	,	29	,	4	,	1	,	64	,	0	>
<722	,	29	,	4	,	3	,	64	,	2	>
<723	,	29	,	4	,	4	,	64	,	0	>
<724	,	29	,	4	,	6	,	64	,	2	>
<725	,	29	,	4	,	7	,	64	,	0	>
<726	,	29	,	4	,	9	,	64	,	2	>
<727	,	29	,	4	,	10	,	64	,	0	>
<728	,	29	,	5	,	1	,	91	,	0	>
<729	,	29	,	5	,	3	,	91	,	2	>
<730	,	29	,	5	,	4	,	91	,	0	>
<731	,	29	,	5	,	6	,	91	,	2	>
<732	,	29	,	5	,	7	,	91	,	0	>
<733	,	29	,	5	,	9	,	91	,	2	>
<734	,	29	,	5	,	10	,	91	,	0	>
<735	,	30	,	2	,	4	,	99	,	0	>
<736	,	30	,	2	,	5	,	99	,	13	>
<737	,	30	,	2	,	9	,	99	,	0	>
<738	,	30	,	3	,	4	,	76	,	0	>
<739	,	30	,	3	,	5	,	76	,	10	>
<740	,	30	,	3	,	9	,	76	,	0	>
<741	,	30	,	5	,	4	,	56	,	0	>
<742	,	30	,	5	,	5	,	56	,	7	>
<743	,	30	,	5	,	9	,	56	,	0	>
<744	,	30	,	6	,	4	,	96	,	0	>
<745	,	30	,	6	,	5	,	96	,	12	>
<746	,	30	,	6	,	9	,	96	,	0	>
<747	,	30	,	7	,	4	,	54	,	0	>
<748	,	30	,	7	,	5	,	54	,	7	>
<749	,	30	,	7	,	9	,	54	,	0	>
<750	,	30	,	8	,	4	,	61	,	0	>
<751	,	30	,	8	,	5	,	61	,	8	>
<752	,	30	,	8	,	9	,	61	,	0	>
<753	,	31	,	1	,	1	,	90	,	0	>
<754	,	31	,	1	,	4	,	90	,	3	>
<755	,	31	,	1	,	5	,	90	,	0	>
<756	,	31	,	1	,	6	,	90	,	3	>
<757	,	31	,	1	,	7	,	90	,	0	>
<758	,	31	,	1	,	8	,	90	,	3	>
<759	,	31	,	2	,	1	,	92	,	0	>
<760	,	31	,	2	,	4	,	92	,	3	>
<761	,	31	,	2	,	5	,	92	,	0	>
<762	,	31	,	2	,	6	,	92	,	3	>
<763	,	31	,	2	,	7	,	92	,	0	>
<764	,	31	,	2	,	8	,	92	,	3	>
<765	,	31	,	3	,	1	,	92	,	0	>
<766	,	31	,	3	,	4	,	92	,	3	>
<767	,	31	,	3	,	5	,	92	,	0	>
<768	,	31	,	3	,	6	,	92	,	3	>
<769	,	31	,	3	,	7	,	92	,	0	>
<770	,	31	,	3	,	8	,	92	,	3	>
<771	,	31	,	4	,	1	,	92	,	0	>
<772	,	31	,	4	,	4	,	92	,	3	>
<773	,	31	,	4	,	5	,	92	,	0	>
<774	,	31	,	4	,	6	,	92	,	3	>
<775	,	31	,	4	,	7	,	92	,	0	>
<776	,	31	,	4	,	8	,	92	,	3	>
<777	,	31	,	5	,	1	,	94	,	0	>
<778	,	31	,	5	,	4	,	94	,	3	>
<779	,	31	,	5	,	5	,	94	,	0	>
<780	,	31	,	5	,	6	,	94	,	3	>
<781	,	31	,	5	,	7	,	94	,	0	>
<782	,	31	,	5	,	8	,	94	,	3	>
<783	,	31	,	7	,	1	,	90	,	0	>
<784	,	31	,	7	,	4	,	90	,	3	>
<785	,	31	,	7	,	5	,	90	,	0	>
<786	,	31	,	7	,	6	,	90	,	3	>
<787	,	31	,	7	,	7	,	90	,	0	>
<788	,	31	,	7	,	8	,	90	,	3	>
<789	,	32	,	1	,	1	,	96	,	0	>
<790	,	32	,	1	,	2	,	96	,	4	>
<791	,	32	,	1	,	4	,	96	,	0	>
<792	,	32	,	1	,	5	,	96	,	4	>
<793	,	32	,	1	,	8	,	96	,	0	>
<794	,	32	,	1	,	9	,	96	,	4	>
<795	,	32	,	2	,	1	,	88	,	0	>
<796	,	32	,	2	,	2	,	88	,	3	>
<797	,	32	,	2	,	4	,	88	,	0	>
<798	,	32	,	2	,	5	,	88	,	3	>
<799	,	32	,	2	,	8	,	88	,	0	>
<800	,	32	,	2	,	9	,	88	,	3	>
<801	,	32	,	5	,	1	,	84	,	0	>
<802	,	32	,	5	,	2	,	84	,	3	>
<803	,	32	,	5	,	4	,	84	,	0	>
<804	,	32	,	5	,	5	,	84	,	3	>
<805	,	32	,	5	,	8	,	84	,	0	>
<806	,	32	,	5	,	9	,	84	,	3	>
<807	,	32	,	8	,	1	,	68	,	0	>
<808	,	32	,	8	,	2	,	68	,	2	>
<809	,	32	,	8	,	4	,	68	,	0	>
<810	,	32	,	8	,	5	,	68	,	2	>
<811	,	32	,	8	,	8	,	68	,	0	>
<812	,	32	,	8	,	9	,	68	,	2	>
<813	,	32	,	9	,	1	,	93	,	0	>
<814	,	32	,	9	,	2	,	93	,	3	>
<815	,	32	,	9	,	4	,	93	,	0	>
<816	,	32	,	9	,	5	,	93	,	3	>
<817	,	32	,	9	,	8	,	93	,	0	>
<818	,	32	,	9	,	9	,	93	,	3	>
<819	,	33	,	1	,	1	,	39	,	0	>
<820	,	33	,	1	,	3	,	39	,	1	>
<821	,	33	,	1	,	4	,	39	,	0	>
<822	,	33	,	1	,	6	,	39	,	1	>
<823	,	33	,	1	,	7	,	39	,	0	>
<824	,	33	,	1	,	10	,	39	,	1	>
<825	,	33	,	4	,	1	,	13	,	0	>
<826	,	33	,	4	,	3	,	13	,	0	>
<827	,	33	,	4	,	4	,	13	,	0	>
<828	,	33	,	4	,	6	,	13	,	0	>
<829	,	33	,	4	,	7	,	13	,	0	>
<830	,	33	,	4	,	10	,	13	,	0	>
<831	,	33	,	6	,	1	,	13	,	0	>
<832	,	33	,	6	,	3	,	13	,	0	>
<833	,	33	,	6	,	4	,	13	,	0	>
<834	,	33	,	6	,	6	,	13	,	0	>
<835	,	33	,	6	,	7	,	13	,	0	>
<836	,	33	,	6	,	10	,	13	,	0	>
<837	,	33	,	9	,	1	,	31	,	0	>
<838	,	33	,	9	,	3	,	31	,	1	>
<839	,	33	,	9	,	4	,	31	,	0	>
<840	,	33	,	9	,	6	,	31	,	1	>
<841	,	33	,	9	,	7	,	31	,	0	>
<842	,	33	,	9	,	10	,	31	,	1	>
<843	,	34	,	2	,	2	,	89	,	0	>
<844	,	34	,	2	,	3	,	89	,	5	>
<845	,	34	,	2	,	4	,	89	,	0	>
<846	,	34	,	2	,	5	,	89	,	5	>
<847	,	34	,	2	,	6	,	89	,	0	>
<848	,	34	,	3	,	2	,	95	,	0	>
<849	,	34	,	3	,	3	,	95	,	5	>
<850	,	34	,	3	,	4	,	95	,	0	>
<851	,	34	,	3	,	5	,	95	,	5	>
<852	,	34	,	3	,	6	,	95	,	0	>
<853	,	34	,	4	,	2	,	85	,	0	>
<854	,	34	,	4	,	3	,	85	,	5	>
<855	,	34	,	4	,	4	,	85	,	0	>
<856	,	34	,	4	,	5	,	85	,	5	>
<857	,	34	,	4	,	6	,	85	,	0	>
<858	,	34	,	7	,	2	,	67	,	0	>
<859	,	34	,	7	,	3	,	67	,	4	>
<860	,	34	,	7	,	4	,	67	,	0	>
<861	,	34	,	7	,	5	,	67	,	4	>
<862	,	34	,	7	,	6	,	67	,	0	>
<863	,	35	,	2	,	3	,	81	,	0	>
<864	,	35	,	2	,	4	,	81	,	3	>
<865	,	35	,	2	,	5	,	81	,	0	>
<866	,	35	,	2	,	7	,	81	,	3	>
<867	,	35	,	2	,	8	,	81	,	0	>
<868	,	35	,	2	,	9	,	81	,	3	>
<869	,	35	,	4	,	3	,	45	,	0	>
<870	,	35	,	4	,	4	,	45	,	2	>
<871	,	35	,	4	,	5	,	45	,	0	>
<872	,	35	,	4	,	7	,	45	,	2	>
<873	,	35	,	4	,	8	,	45	,	0	>
<874	,	35	,	4	,	9	,	45	,	2	>
<875	,	35	,	5	,	3	,	98	,	0	>
<876	,	35	,	5	,	4	,	98	,	4	>
<877	,	35	,	5	,	5	,	98	,	0	>
<878	,	35	,	5	,	7	,	98	,	4	>
<879	,	35	,	5	,	8	,	98	,	0	>
<880	,	35	,	5	,	9	,	98	,	4	>
<881	,	35	,	7	,	3	,	91	,	0	>
<882	,	35	,	7	,	4	,	91	,	3	>
<883	,	35	,	7	,	5	,	91	,	0	>
<884	,	35	,	7	,	7	,	91	,	3	>
<885	,	35	,	7	,	8	,	91	,	0	>
<886	,	35	,	7	,	9	,	91	,	3	>
<887	,	36	,	1	,	2	,	16	,	0	>
<888	,	36	,	1	,	5	,	16	,	1	>
<889	,	36	,	1	,	6	,	16	,	0	>
<890	,	36	,	1	,	9	,	16	,	1	>
<891	,	36	,	1	,	10	,	16	,	0	>
<892	,	36	,	3	,	2	,	19	,	0	>
<893	,	36	,	3	,	5	,	19	,	1	>
<894	,	36	,	3	,	6	,	19	,	0	>
<895	,	36	,	3	,	9	,	19	,	1	>
<896	,	36	,	3	,	10	,	19	,	0	>
<897	,	36	,	5	,	2	,	7	,	0	>
<898	,	36	,	5	,	5	,	7	,	0	>
<899	,	36	,	5	,	6	,	7	,	0	>
<900	,	36	,	5	,	9	,	7	,	0	>
<901	,	36	,	5	,	10	,	7	,	0	>
<902	,	36	,	7	,	2	,	16	,	0	>
<903	,	36	,	7	,	5	,	16	,	1	>
<904	,	36	,	7	,	6	,	16	,	0	>
<905	,	36	,	7	,	9	,	16	,	1	>
<906	,	36	,	7	,	10	,	16	,	0	>
<907	,	36	,	9	,	2	,	14	,	0	>
<908	,	36	,	9	,	5	,	14	,	1	>
<909	,	36	,	9	,	6	,	14	,	0	>
<910	,	36	,	9	,	9	,	14	,	1	>
<911	,	36	,	9	,	10	,	14	,	0	>
<912	,	37	,	2	,	2	,	53	,	0	>
<913	,	37	,	2	,	4	,	53	,	2	>
<914	,	37	,	2	,	6	,	53	,	0	>
<915	,	37	,	2	,	7	,	53	,	2	>
<916	,	37	,	2	,	8	,	53	,	0	>
<917	,	37	,	2	,	9	,	53	,	2	>
<918	,	37	,	3	,	2	,	92	,	0	>
<919	,	37	,	3	,	4	,	92	,	3	>
<920	,	37	,	3	,	6	,	92	,	0	>
<921	,	37	,	3	,	7	,	92	,	3	>
<922	,	37	,	3	,	8	,	92	,	0	>
<923	,	37	,	3	,	9	,	92	,	3	>
<924	,	37	,	6	,	2	,	55	,	0	>
<925	,	37	,	6	,	4	,	55	,	2	>
<926	,	37	,	6	,	6	,	55	,	0	>
<927	,	37	,	6	,	7	,	55	,	2	>
<928	,	37	,	6	,	8	,	55	,	0	>
<929	,	37	,	6	,	9	,	55	,	2	>
<930	,	37	,	7	,	2	,	58	,	0	>
<931	,	37	,	7	,	4	,	58	,	2	>
<932	,	37	,	7	,	6	,	58	,	0	>
<933	,	37	,	7	,	7	,	58	,	2	>
<934	,	37	,	7	,	8	,	58	,	0	>
<935	,	37	,	7	,	9	,	58	,	2	>
<936	,	37	,	9	,	2	,	37	,	0	>
<937	,	37	,	9	,	4	,	37	,	1	>
<938	,	37	,	9	,	6	,	37	,	0	>
<939	,	37	,	9	,	7	,	37	,	1	>
<940	,	37	,	9	,	8	,	37	,	0	>
<941	,	37	,	9	,	9	,	37	,	1	>
<942	,	38	,	1	,	1	,	1	,	0	>
<943	,	38	,	1	,	2	,	1	,	0	>
<944	,	38	,	1	,	10	,	1	,	0	>
<945	,	38	,	3	,	1	,	3	,	0	>
<946	,	38	,	3	,	2	,	3	,	0	>
<947	,	38	,	3	,	10	,	3	,	0	>
<948	,	38	,	4	,	1	,	2	,	0	>
<949	,	38	,	4	,	2	,	2	,	0	>
<950	,	38	,	4	,	10	,	2	,	0	>
<951	,	38	,	5	,	1	,	1	,	0	>
<952	,	38	,	5	,	2	,	1	,	0	>
<953	,	38	,	5	,	10	,	1	,	0	>
<954	,	38	,	6	,	1	,	1	,	0	>
<955	,	38	,	6	,	2	,	1	,	0	>
<956	,	38	,	6	,	10	,	1	,	0	>
<957	,	38	,	9	,	1	,	3	,	0	>
<958	,	38	,	9	,	2	,	3	,	0	>
<959	,	38	,	9	,	10	,	3	,	0	>
<960	,	39	,	1	,	1	,	97	,	0	>
<961	,	39	,	1	,	2	,	97	,	4	>
<962	,	39	,	1	,	4	,	97	,	0	>
<963	,	39	,	1	,	5	,	97	,	4	>
<964	,	39	,	1	,	8	,	97	,	0	>
<965	,	39	,	1	,	10	,	97	,	4	>
<966	,	39	,	2	,	1	,	95	,	0	>
<967	,	39	,	2	,	2	,	95	,	3	>
<968	,	39	,	2	,	4	,	95	,	0	>
<969	,	39	,	2	,	5	,	95	,	3	>
<970	,	39	,	2	,	8	,	95	,	0	>
<971	,	39	,	2	,	10	,	95	,	3	>
<972	,	39	,	3	,	1	,	80	,	0	>
<973	,	39	,	3	,	2	,	80	,	3	>
<974	,	39	,	3	,	4	,	80	,	0	>
<975	,	39	,	3	,	5	,	80	,	3	>
<976	,	39	,	3	,	8	,	80	,	0	>
<977	,	39	,	3	,	10	,	80	,	3	>
<978	,	39	,	7	,	1	,	87	,	0	>
<979	,	39	,	7	,	2	,	87	,	3	>
<980	,	39	,	7	,	4	,	87	,	0	>
<981	,	39	,	7	,	5	,	87	,	3	>
<982	,	39	,	7	,	8	,	87	,	0	>
<983	,	39	,	7	,	10	,	87	,	3	>
<984	,	39	,	8	,	1	,	93	,	0	>
<985	,	39	,	8	,	2	,	93	,	3	>
<986	,	39	,	8	,	4	,	93	,	0	>
<987	,	39	,	8	,	5	,	93	,	3	>
<988	,	39	,	8	,	8	,	93	,	0	>
<989	,	39	,	8	,	10	,	93	,	3	>
<990	,	40	,	2	,	1	,	93	,	0	>
<991	,	40	,	2	,	3	,	93	,	2	>
<992	,	40	,	2	,	5	,	93	,	0	>
<993	,	40	,	2	,	6	,	93	,	2	>
<994	,	40	,	2	,	8	,	93	,	0	>
<995	,	40	,	2	,	9	,	93	,	2	>
<996	,	40	,	2	,	10	,	93	,	0	>
<997	,	40	,	5	,	1	,	81	,	0	>
<998	,	40	,	5	,	3	,	81	,	2	>
<999	,	40	,	5	,	5	,	81	,	0	>
<1000	,	40	,	5	,	6	,	81	,	2	>
<1001	,	40	,	5	,	8	,	81	,	0	>
<1002	,	40	,	5	,	9	,	81	,	2	>
<1003	,	40	,	5	,	10	,	81	,	0	>
<1004	,	40	,	6	,	1	,	63	,	0	>
<1005	,	40	,	6	,	3	,	63	,	1	>
<1006	,	40	,	6	,	5	,	63	,	0	>
<1007	,	40	,	6	,	6	,	63	,	1	>
<1008	,	40	,	6	,	8	,	63	,	0	>
<1009	,	40	,	6	,	9	,	63	,	1	>
<1010	,	40	,	6	,	10	,	63	,	0	>
<1011	,	40	,	7	,	1	,	67	,	0	>
<1012	,	40	,	7	,	3	,	67	,	2	>
<1013	,	40	,	7	,	5	,	67	,	0	>
<1014	,	40	,	7	,	6	,	67	,	2	>
<1015	,	40	,	7	,	8	,	67	,	0	>
<1016	,	40	,	7	,	9	,	67	,	2	>
<1017	,	40	,	7	,	10	,	67	,	0	>
<1018	,	40	,	8	,	1	,	76	,	0	>
<1019	,	40	,	8	,	3	,	76	,	2	>
<1020	,	40	,	8	,	5	,	76	,	0	>
<1021	,	40	,	8	,	6	,	76	,	2	>
<1022	,	40	,	8	,	8	,	76	,	0	>
<1023	,	40	,	8	,	9	,	76	,	2	>
<1024	,	40	,	8	,	10	,	76	,	0	>
<1025	,	40	,	9	,	1	,	63	,	0	>
<1026	,	40	,	9	,	3	,	63	,	1	>
<1027	,	40	,	9	,	5	,	63	,	0	>
<1028	,	40	,	9	,	6	,	63	,	1	>
<1029	,	40	,	9	,	8	,	63	,	0	>
<1030	,	40	,	9	,	9	,	63	,	1	>
<1031	,	40	,	9	,	10	,	63	,	0	>
<1032	,	41	,	2	,	3	,	33	,	0	>
<1033	,	41	,	2	,	5	,	33	,	3	>
<1034	,	41	,	2	,	7	,	33	,	0	>
<1035	,	41	,	2	,	8	,	33	,	3	>
<1036	,	41	,	4	,	3	,	88	,	0	>
<1037	,	41	,	4	,	5	,	88	,	7	>
<1038	,	41	,	4	,	7	,	88	,	0	>
<1039	,	41	,	4	,	8	,	88	,	7	>
<1040	,	41	,	5	,	3	,	41	,	0	>
<1041	,	41	,	5	,	5	,	41	,	3	>
<1042	,	41	,	5	,	7	,	41	,	0	>
<1043	,	41	,	5	,	8	,	41	,	3	>
<1044	,	41	,	7	,	3	,	47	,	0	>
<1045	,	41	,	7	,	5	,	47	,	4	>
<1046	,	41	,	7	,	7	,	47	,	0	>
<1047	,	41	,	7	,	8	,	47	,	4	>
<1048	,	41	,	8	,	3	,	53	,	0	>
<1049	,	41	,	8	,	5	,	53	,	4	>
<1050	,	41	,	8	,	7	,	53	,	0	>
<1051	,	41	,	8	,	8	,	53	,	4	>
<1052	,	41	,	9	,	3	,	86	,	0	>
<1053	,	41	,	9	,	5	,	86	,	7	>
<1054	,	41	,	9	,	7	,	86	,	0	>
<1055	,	41	,	9	,	8	,	86	,	7	>
<1056	,	42	,	2	,	1	,	96	,	0	>
<1057	,	42	,	2	,	2	,	96	,	2	>
<1058	,	42	,	2	,	3	,	96	,	0	>
<1059	,	42	,	2	,	4	,	96	,	2	>
<1060	,	42	,	2	,	5	,	96	,	0	>
<1061	,	42	,	2	,	9	,	96	,	2	>
<1062	,	42	,	2	,	10	,	96	,	0	>
<1063	,	42	,	3	,	1	,	94	,	0	>
<1064	,	42	,	3	,	2	,	94	,	2	>
<1065	,	42	,	3	,	3	,	94	,	0	>
<1066	,	42	,	3	,	4	,	94	,	2	>
<1067	,	42	,	3	,	5	,	94	,	0	>
<1068	,	42	,	3	,	9	,	94	,	2	>
<1069	,	42	,	3	,	10	,	94	,	0	>
<1070	,	42	,	4	,	1	,	94	,	0	>
<1071	,	42	,	4	,	2	,	94	,	2	>
<1072	,	42	,	4	,	3	,	94	,	0	>
<1073	,	42	,	4	,	4	,	94	,	2	>
<1074	,	42	,	4	,	5	,	94	,	0	>
<1075	,	42	,	4	,	9	,	94	,	2	>
<1076	,	42	,	4	,	10	,	94	,	0	>
<1077	,	42	,	5	,	1	,	94	,	0	>
<1078	,	42	,	5	,	2	,	94	,	2	>
<1079	,	42	,	5	,	3	,	94	,	0	>
<1080	,	42	,	5	,	4	,	94	,	2	>
<1081	,	42	,	5	,	5	,	94	,	0	>
<1082	,	42	,	5	,	9	,	94	,	2	>
<1083	,	42	,	5	,	10	,	94	,	0	>
<1084	,	42	,	8	,	1	,	96	,	0	>
<1085	,	42	,	8	,	2	,	96	,	2	>
<1086	,	42	,	8	,	3	,	96	,	0	>
<1087	,	42	,	8	,	4	,	96	,	2	>
<1088	,	42	,	8	,	5	,	96	,	0	>
<1089	,	42	,	8	,	9	,	96	,	2	>
<1090	,	42	,	8	,	10	,	96	,	0	>
<1091	,	42	,	9	,	1	,	96	,	0	>
<1092	,	42	,	9	,	2	,	96	,	2	>
<1093	,	42	,	9	,	3	,	96	,	0	>
<1094	,	42	,	9	,	4	,	96	,	2	>
<1095	,	42	,	9	,	5	,	96	,	0	>
<1096	,	42	,	9	,	9	,	96	,	2	>
<1097	,	42	,	9	,	10	,	96	,	0	>
<1098	,	43	,	2	,	1	,	83	,	0	>
<1099	,	43	,	2	,	3	,	83	,	3	>
<1100	,	43	,	2	,	5	,	83	,	0	>
<1101	,	43	,	2	,	6	,	83	,	3	>
<1102	,	43	,	2	,	7	,	83	,	0	>
<1103	,	43	,	2	,	9	,	83	,	3	>
<1104	,	43	,	3	,	1	,	29	,	0	>
<1105	,	43	,	3	,	3	,	29	,	1	>
<1106	,	43	,	3	,	5	,	29	,	0	>
<1107	,	43	,	3	,	6	,	29	,	1	>
<1108	,	43	,	3	,	7	,	29	,	0	>
<1109	,	43	,	3	,	9	,	29	,	1	>
<1110	,	43	,	4	,	1	,	46	,	0	>
<1111	,	43	,	4	,	3	,	46	,	2	>
<1112	,	43	,	4	,	5	,	46	,	0	>
<1113	,	43	,	4	,	6	,	46	,	2	>
<1114	,	43	,	4	,	7	,	46	,	0	>
<1115	,	43	,	4	,	9	,	46	,	2	>
<1116	,	43	,	7	,	1	,	84	,	0	>
<1117	,	43	,	7	,	3	,	84	,	3	>
<1118	,	43	,	7	,	5	,	84	,	0	>
<1119	,	43	,	7	,	6	,	84	,	3	>
<1120	,	43	,	7	,	7	,	84	,	0	>
<1121	,	43	,	7	,	9	,	84	,	3	>
<1122	,	43	,	8	,	1	,	74	,	0	>
<1123	,	43	,	8	,	3	,	74	,	3	>
<1124	,	43	,	8	,	5	,	74	,	0	>
<1125	,	43	,	8	,	6	,	74	,	3	>
<1126	,	43	,	8	,	7	,	74	,	0	>
<1127	,	43	,	8	,	9	,	74	,	3	>
<1128	,	43	,	9	,	1	,	32	,	0	>
<1129	,	43	,	9	,	3	,	32	,	1	>
<1130	,	43	,	9	,	5	,	32	,	0	>
<1131	,	43	,	9	,	6	,	32	,	1	>
<1132	,	43	,	9	,	7	,	32	,	0	>
<1133	,	43	,	9	,	9	,	32	,	1	>
<1134	,	44	,	2	,	1	,	55	,	0	>
<1135	,	44	,	2	,	2	,	55	,	1	>
<1136	,	44	,	2	,	3	,	55	,	0	>
<1137	,	44	,	2	,	4	,	55	,	1	>
<1138	,	44	,	2	,	6	,	55	,	0	>
<1139	,	44	,	2	,	8	,	55	,	1	>
<1140	,	44	,	2	,	9	,	55	,	0	>
<1141	,	44	,	4	,	1	,	32	,	0	>
<1142	,	44	,	4	,	2	,	32	,	1	>
<1143	,	44	,	4	,	3	,	32	,	0	>
<1144	,	44	,	4	,	4	,	32	,	1	>
<1145	,	44	,	4	,	6	,	32	,	0	>
<1146	,	44	,	4	,	8	,	32	,	1	>
<1147	,	44	,	4	,	9	,	32	,	0	>
<1148	,	44	,	5	,	1	,	58	,	0	>
<1149	,	44	,	5	,	2	,	58	,	1	>
<1150	,	44	,	5	,	3	,	58	,	0	>
<1151	,	44	,	5	,	4	,	58	,	1	>
<1152	,	44	,	5	,	6	,	58	,	0	>
<1153	,	44	,	5	,	8	,	58	,	1	>
<1154	,	44	,	5	,	9	,	58	,	0	>
<1155	,	44	,	6	,	1	,	21	,	0	>
<1156	,	44	,	6	,	2	,	21	,	0	>
<1157	,	44	,	6	,	3	,	21	,	0	>
<1158	,	44	,	6	,	4	,	21	,	0	>
<1159	,	44	,	6	,	6	,	21	,	0	>
<1160	,	44	,	6	,	8	,	21	,	0	>
<1161	,	44	,	6	,	9	,	21	,	0	>
<1162	,	44	,	7	,	1	,	59	,	0	>
<1163	,	44	,	7	,	2	,	59	,	1	>
<1164	,	44	,	7	,	3	,	59	,	0	>
<1165	,	44	,	7	,	4	,	59	,	1	>
<1166	,	44	,	7	,	6	,	59	,	0	>
<1167	,	44	,	7	,	8	,	59	,	1	>
<1168	,	44	,	7	,	9	,	59	,	0	>
<1169	,	45	,	1	,	3	,	16	,	0	>
<1170	,	45	,	1	,	5	,	16	,	1	>
<1171	,	45	,	1	,	7	,	16	,	0	>
<1172	,	45	,	1	,	9	,	16	,	1	>
<1173	,	45	,	1	,	10	,	16	,	0	>
<1174	,	45	,	2	,	3	,	10	,	0	>
<1175	,	45	,	2	,	5	,	10	,	1	>
<1176	,	45	,	2	,	7	,	10	,	0	>
<1177	,	45	,	2	,	9	,	10	,	1	>
<1178	,	45	,	2	,	10	,	10	,	0	>
<1179	,	45	,	6	,	3	,	11	,	0	>
<1180	,	45	,	6	,	5	,	11	,	1	>
<1181	,	45	,	6	,	7	,	11	,	0	>
<1182	,	45	,	6	,	9	,	11	,	1	>
<1183	,	45	,	6	,	10	,	11	,	0	>
<1184	,	45	,	8	,	3	,	13	,	0	>
<1185	,	45	,	8	,	5	,	13	,	1	>
<1186	,	45	,	8	,	7	,	13	,	0	>
<1187	,	45	,	8	,	9	,	13	,	1	>
<1188	,	45	,	8	,	10	,	13	,	0	>
<1189	,	46	,	2	,	2	,	11	,	0	>
<1190	,	46	,	2	,	4	,	11	,	1	>
<1191	,	46	,	2	,	5	,	11	,	0	>
<1192	,	46	,	2	,	6	,	11	,	1	>
<1193	,	46	,	2	,	8	,	11	,	0	>
<1194	,	46	,	3	,	2	,	23	,	0	>
<1195	,	46	,	3	,	4	,	23	,	1	>
<1196	,	46	,	3	,	5	,	23	,	0	>
<1197	,	46	,	3	,	6	,	23	,	1	>
<1198	,	46	,	3	,	8	,	23	,	0	>
<1199	,	46	,	5	,	2	,	23	,	0	>
<1200	,	46	,	5	,	4	,	23	,	1	>
<1201	,	46	,	5	,	5	,	23	,	0	>
<1202	,	46	,	5	,	6	,	23	,	1	>
<1203	,	46	,	5	,	8	,	23	,	0	>
<1204	,	46	,	7	,	2	,	25	,	0	>
<1205	,	46	,	7	,	4	,	25	,	1	>
<1206	,	46	,	7	,	5	,	25	,	0	>
<1207	,	46	,	7	,	6	,	25	,	1	>
<1208	,	46	,	7	,	8	,	25	,	0	>
<1209	,	46	,	9	,	2	,	10	,	0	>
<1210	,	46	,	9	,	4	,	10	,	1	>
<1211	,	46	,	9	,	5	,	10	,	0	>
<1212	,	46	,	9	,	6	,	10	,	1	>
<1213	,	46	,	9	,	8	,	10	,	0	>
<1214	,	47	,	1	,	4	,	81	,	0	>
<1215	,	47	,	1	,	9	,	81	,	10	>
<1216	,	47	,	1	,	10	,	81	,	0	>
<1217	,	47	,	3	,	4	,	94	,	0	>
<1218	,	47	,	3	,	9	,	94	,	12	>
<1219	,	47	,	3	,	10	,	94	,	0	>
<1220	,	47	,	4	,	4	,	94	,	0	>
<1221	,	47	,	4	,	9	,	94	,	12	>
<1222	,	47	,	4	,	10	,	94	,	0	>
<1223	,	47	,	5	,	4	,	94	,	0	>
<1224	,	47	,	5	,	9	,	94	,	12	>
<1225	,	47	,	5	,	10	,	94	,	0	>
<1226	,	47	,	7	,	4	,	99	,	0	>
<1227	,	47	,	7	,	9	,	99	,	13	>
<1228	,	47	,	7	,	10	,	99	,	0	>
<1229	,	48	,	4	,	1	,	47	,	0	>
<1230	,	48	,	4	,	6	,	47	,	6	>
<1231	,	48	,	4	,	8	,	47	,	0	>
<1232	,	48	,	5	,	1	,	40	,	0	>
<1233	,	48	,	5	,	6	,	40	,	5	>
<1234	,	48	,	5	,	8	,	40	,	0	>
<1235	,	48	,	6	,	1	,	72	,	0	>
<1236	,	48	,	6	,	6	,	72	,	9	>
<1237	,	48	,	6	,	8	,	72	,	0	>
<1238	,	48	,	9	,	1	,	30	,	0	>
<1239	,	48	,	9	,	6	,	30	,	4	>
<1240	,	48	,	9	,	8	,	30	,	0	>
<1241	,	49	,	3	,	3	,	52	,	0	>
<1242	,	49	,	3	,	5	,	52	,	2	>
<1243	,	49	,	3	,	6	,	52	,	0	>
<1244	,	49	,	3	,	7	,	52	,	2	>
<1245	,	49	,	3	,	9	,	52	,	0	>
<1246	,	49	,	3	,	10	,	52	,	2	>
<1247	,	49	,	4	,	3	,	49	,	0	>
<1248	,	49	,	4	,	5	,	49	,	2	>
<1249	,	49	,	4	,	6	,	49	,	0	>
<1250	,	49	,	4	,	7	,	49	,	2	>
<1251	,	49	,	4	,	9	,	49	,	0	>
<1252	,	49	,	4	,	10	,	49	,	2	>
<1253	,	49	,	6	,	3	,	28	,	0	>
<1254	,	49	,	6	,	5	,	28	,	1	>
<1255	,	49	,	6	,	6	,	28	,	0	>
<1256	,	49	,	6	,	7	,	28	,	1	>
<1257	,	49	,	6	,	9	,	28	,	0	>
<1258	,	49	,	6	,	10	,	28	,	1	>
<1259	,	49	,	7	,	3	,	73	,	0	>
<1260	,	49	,	7	,	5	,	73	,	3	>
<1261	,	49	,	7	,	6	,	73	,	0	>
<1262	,	49	,	7	,	7	,	73	,	3	>
<1263	,	49	,	7	,	9	,	73	,	0	>
<1264	,	49	,	7	,	10	,	73	,	3	>
<1265	,	49	,	8	,	3	,	74	,	0	>
<1266	,	49	,	8	,	5	,	74	,	3	>
<1267	,	49	,	8	,	6	,	74	,	0	>
<1268	,	49	,	8	,	7	,	74	,	3	>
<1269	,	49	,	8	,	9	,	74	,	0	>
<1270	,	49	,	8	,	10	,	74	,	3	>
<1271	,	49	,	9	,	3	,	63	,	0	>
<1272	,	49	,	9	,	5	,	63	,	2	>
<1273	,	49	,	9	,	6	,	63	,	0	>
<1274	,	49	,	9	,	7	,	63	,	2	>
<1275	,	49	,	9	,	9	,	63	,	0	>
<1276	,	49	,	9	,	10	,	63	,	2	>
<1277	,	50	,	1	,	2	,	80	,	0	>
<1278	,	50	,	1	,	3	,	80	,	4	>
<1279	,	50	,	1	,	5	,	80	,	0	>
<1280	,	50	,	1	,	6	,	80	,	4	>
<1281	,	50	,	1	,	7	,	80	,	0	>
<1282	,	50	,	2	,	2	,	88	,	0	>
<1283	,	50	,	2	,	3	,	88	,	5	>
<1284	,	50	,	2	,	5	,	88	,	0	>
<1285	,	50	,	2	,	6	,	88	,	5	>
<1286	,	50	,	2	,	7	,	88	,	0	>
<1287	,	50	,	5	,	2	,	88	,	0	>
<1288	,	50	,	5	,	3	,	88	,	5	>
<1289	,	50	,	5	,	5	,	88	,	0	>
<1290	,	50	,	5	,	6	,	88	,	5	>
<1291	,	50	,	5	,	7	,	88	,	0	>
<1292	,	50	,	6	,	2	,	91	,	0	>
<1293	,	50	,	6	,	3	,	91	,	5	>
<1294	,	50	,	6	,	5	,	91	,	0	>
<1295	,	50	,	6	,	6	,	91	,	5	>
<1296	,	50	,	6	,	7	,	91	,	0	>
<1297	,	51	,	1	,	2	,	27	,	0	>
<1298	,	51	,	1	,	3	,	27	,	1	>
<1299	,	51	,	1	,	5	,	27	,	0	>
<1300	,	51	,	1	,	6	,	27	,	1	>
<1301	,	51	,	1	,	8	,	27	,	0	>
<1302	,	51	,	1	,	9	,	27	,	1	>
<1303	,	51	,	1	,	10	,	27	,	0	>
<1304	,	51	,	3	,	2	,	27	,	0	>
<1305	,	51	,	3	,	3	,	27	,	1	>
<1306	,	51	,	3	,	5	,	27	,	0	>
<1307	,	51	,	3	,	6	,	27	,	1	>
<1308	,	51	,	3	,	8	,	27	,	0	>
<1309	,	51	,	3	,	9	,	27	,	1	>
<1310	,	51	,	3	,	10	,	27	,	0	>
<1311	,	51	,	4	,	2	,	16	,	0	>
<1312	,	51	,	4	,	3	,	16	,	0	>
<1313	,	51	,	4	,	5	,	16	,	0	>
<1314	,	51	,	4	,	6	,	16	,	0	>
<1315	,	51	,	4	,	8	,	16	,	0	>
<1316	,	51	,	4	,	9	,	16	,	0	>
<1317	,	51	,	4	,	10	,	16	,	0	>
<1318	,	51	,	6	,	2	,	36	,	0	>
<1319	,	51	,	6	,	3	,	36	,	1	>
<1320	,	51	,	6	,	5	,	36	,	0	>
<1321	,	51	,	6	,	6	,	36	,	1	>
<1322	,	51	,	6	,	8	,	36	,	0	>
<1323	,	51	,	6	,	9	,	36	,	1	>
<1324	,	51	,	6	,	10	,	36	,	0	>
<1325	,	51	,	7	,	2	,	26	,	0	>
<1326	,	51	,	7	,	3	,	26	,	1	>
<1327	,	51	,	7	,	5	,	26	,	0	>
<1328	,	51	,	7	,	6	,	26	,	1	>
<1329	,	51	,	7	,	8	,	26	,	0	>
<1330	,	51	,	7	,	9	,	26	,	1	>
<1331	,	51	,	7	,	10	,	26	,	0	>
<1332	,	51	,	9	,	2	,	30	,	0	>
<1333	,	51	,	9	,	3	,	30	,	1	>
<1334	,	51	,	9	,	5	,	30	,	0	>
<1335	,	51	,	9	,	6	,	30	,	1	>
<1336	,	51	,	9	,	8	,	30	,	0	>
<1337	,	51	,	9	,	9	,	30	,	1	>
<1338	,	51	,	9	,	10	,	30	,	0	>
<1339	,	52	,	2	,	1	,	85	,	0	>
<1340	,	52	,	2	,	2	,	85	,	2	>
<1341	,	52	,	2	,	4	,	85	,	0	>
<1342	,	52	,	2	,	5	,	85	,	2	>
<1343	,	52	,	2	,	6	,	85	,	0	>
<1344	,	52	,	2	,	7	,	85	,	2	>
<1345	,	52	,	2	,	8	,	85	,	0	>
<1346	,	52	,	6	,	1	,	94	,	0	>
<1347	,	52	,	6	,	2	,	94	,	2	>
<1348	,	52	,	6	,	4	,	94	,	0	>
<1349	,	52	,	6	,	5	,	94	,	2	>
<1350	,	52	,	6	,	6	,	94	,	0	>
<1351	,	52	,	6	,	7	,	94	,	2	>
<1352	,	52	,	6	,	8	,	94	,	0	>
<1353	,	52	,	7	,	1	,	99	,	0	>
<1354	,	52	,	7	,	2	,	99	,	2	>
<1355	,	52	,	7	,	4	,	99	,	0	>
<1356	,	52	,	7	,	5	,	99	,	2	>
<1357	,	52	,	7	,	6	,	99	,	0	>
<1358	,	52	,	7	,	7	,	99	,	2	>
<1359	,	52	,	7	,	8	,	99	,	0	>
<1360	,	52	,	9	,	1	,	80	,	0	>
<1361	,	52	,	9	,	2	,	80	,	2	>
<1362	,	52	,	9	,	4	,	80	,	0	>
<1363	,	52	,	9	,	5	,	80	,	2	>
<1364	,	52	,	9	,	6	,	80	,	0	>
<1365	,	52	,	9	,	7	,	80	,	2	>
<1366	,	52	,	9	,	8	,	80	,	0	>
<1367	,	53	,	1	,	1	,	59	,	0	>
<1368	,	53	,	1	,	2	,	59	,	1	>
<1369	,	53	,	1	,	3	,	59	,	0	>
<1370	,	53	,	1	,	4	,	59	,	1	>
<1371	,	53	,	1	,	6	,	59	,	0	>
<1372	,	53	,	1	,	8	,	59	,	1	>
<1373	,	53	,	1	,	9	,	59	,	0	>
<1374	,	53	,	2	,	1	,	84	,	0	>
<1375	,	53	,	2	,	2	,	84	,	2	>
<1376	,	53	,	2	,	3	,	84	,	0	>
<1377	,	53	,	2	,	4	,	84	,	2	>
<1378	,	53	,	2	,	6	,	84	,	0	>
<1379	,	53	,	2	,	8	,	84	,	2	>
<1380	,	53	,	2	,	9	,	84	,	0	>
<1381	,	53	,	3	,	1	,	30	,	0	>
<1382	,	53	,	3	,	2	,	30	,	1	>
<1383	,	53	,	3	,	3	,	30	,	0	>
<1384	,	53	,	3	,	4	,	30	,	1	>
<1385	,	53	,	3	,	6	,	30	,	0	>
<1386	,	53	,	3	,	8	,	30	,	1	>
<1387	,	53	,	3	,	9	,	30	,	0	>
<1388	,	53	,	6	,	1	,	80	,	0	>
<1389	,	53	,	6	,	2	,	80	,	2	>
<1390	,	53	,	6	,	3	,	80	,	0	>
<1391	,	53	,	6	,	4	,	80	,	2	>
<1392	,	53	,	6	,	6	,	80	,	0	>
<1393	,	53	,	6	,	8	,	80	,	2	>
<1394	,	53	,	6	,	9	,	80	,	0	>
<1395	,	53	,	9	,	1	,	39	,	0	>
<1396	,	53	,	9	,	2	,	39	,	1	>
<1397	,	53	,	9	,	3	,	39	,	0	>
<1398	,	53	,	9	,	4	,	39	,	1	>
<1399	,	53	,	9	,	6	,	39	,	0	>
<1400	,	53	,	9	,	8	,	39	,	1	>
<1401	,	53	,	9	,	9	,	39	,	0	>
<1402	,	54	,	1	,	1	,	35	,	0	>
<1403	,	54	,	1	,	4	,	35	,	4	>
<1404	,	54	,	1	,	9	,	35	,	0	>
<1405	,	54	,	2	,	1	,	22	,	0	>
<1406	,	54	,	2	,	4	,	22	,	3	>
<1407	,	54	,	2	,	9	,	22	,	0	>
<1408	,	54	,	5	,	1	,	32	,	0	>
<1409	,	54	,	5	,	4	,	32	,	4	>
<1410	,	54	,	5	,	9	,	32	,	0	>
<1411	,	54	,	6	,	1	,	26	,	0	>
<1412	,	54	,	6	,	4	,	26	,	3	>
<1413	,	54	,	6	,	9	,	26	,	0	>
<1414	,	54	,	8	,	1	,	17	,	0	>
<1415	,	54	,	8	,	4	,	17	,	2	>
<1416	,	54	,	8	,	9	,	17	,	0	>
<1417	,	54	,	9	,	1	,	46	,	0	>
<1418	,	54	,	9	,	4	,	46	,	6	>
<1419	,	54	,	9	,	9	,	46	,	0	>
<1420	,	55	,	1	,	2	,	75	,	0	>
<1421	,	55	,	1	,	4	,	75	,	4	>
<1422	,	55	,	1	,	7	,	75	,	0	>
<1423	,	55	,	1	,	8	,	75	,	4	>
<1424	,	55	,	1	,	10	,	75	,	0	>
<1425	,	55	,	2	,	2	,	66	,	0	>
<1426	,	55	,	2	,	4	,	66	,	4	>
<1427	,	55	,	2	,	7	,	66	,	0	>
<1428	,	55	,	2	,	8	,	66	,	4	>
<1429	,	55	,	2	,	10	,	66	,	0	>
<1430	,	55	,	3	,	2	,	40	,	0	>
<1431	,	55	,	3	,	4	,	40	,	2	>
<1432	,	55	,	3	,	7	,	40	,	0	>
<1433	,	55	,	3	,	8	,	40	,	2	>
<1434	,	55	,	3	,	10	,	40	,	0	>
<1435	,	55	,	6	,	2	,	42	,	0	>
<1436	,	55	,	6	,	4	,	42	,	2	>
<1437	,	55	,	6	,	7	,	42	,	0	>
<1438	,	55	,	6	,	8	,	42	,	2	>
<1439	,	55	,	6	,	10	,	42	,	0	>
<1440	,	55	,	7	,	2	,	77	,	0	>
<1441	,	55	,	7	,	4	,	77	,	4	>
<1442	,	55	,	7	,	7	,	77	,	0	>
<1443	,	55	,	7	,	8	,	77	,	4	>
<1444	,	55	,	7	,	10	,	77	,	0	>
<1445	,	55	,	9	,	2	,	37	,	0	>
<1446	,	55	,	9	,	4	,	37	,	2	>
<1447	,	55	,	9	,	7	,	37	,	0	>
<1448	,	55	,	9	,	8	,	37	,	2	>
<1449	,	55	,	9	,	10	,	37	,	0	>
<1450	,	56	,	1	,	1	,	60	,	0	>
<1451	,	56	,	1	,	5	,	60	,	3	>
<1452	,	56	,	1	,	8	,	60	,	0	>
<1453	,	56	,	1	,	9	,	60	,	3	>
<1454	,	56	,	1	,	10	,	60	,	0	>
<1455	,	56	,	2	,	1	,	47	,	0	>
<1456	,	56	,	2	,	5	,	47	,	3	>
<1457	,	56	,	2	,	8	,	47	,	0	>
<1458	,	56	,	2	,	9	,	47	,	3	>
<1459	,	56	,	2	,	10	,	47	,	0	>
<1460	,	56	,	5	,	1	,	95	,	0	>
<1461	,	56	,	5	,	5	,	95	,	5	>
<1462	,	56	,	5	,	8	,	95	,	0	>
<1463	,	56	,	5	,	9	,	95	,	5	>
<1464	,	56	,	5	,	10	,	95	,	0	>
<1465	,	56	,	7	,	1	,	54	,	0	>
<1466	,	56	,	7	,	5	,	54	,	3	>
<1467	,	56	,	7	,	8	,	54	,	0	>
<1468	,	56	,	7	,	9	,	54	,	3	>
<1469	,	56	,	7	,	10	,	54	,	0	>
<1470	,	57	,	1	,	1	,	99	,	0	>
<1471	,	57	,	1	,	3	,	99	,	2	>
<1472	,	57	,	1	,	6	,	99	,	0	>
<1473	,	57	,	1	,	7	,	99	,	2	>
<1474	,	57	,	1	,	8	,	99	,	0	>
<1475	,	57	,	1	,	9	,	99	,	2	>
<1476	,	57	,	1	,	10	,	99	,	0	>
<1477	,	57	,	3	,	1	,	97	,	0	>
<1478	,	57	,	3	,	3	,	97	,	2	>
<1479	,	57	,	3	,	6	,	97	,	0	>
<1480	,	57	,	3	,	7	,	97	,	2	>
<1481	,	57	,	3	,	8	,	97	,	0	>
<1482	,	57	,	3	,	9	,	97	,	2	>
<1483	,	57	,	3	,	10	,	97	,	0	>
<1484	,	57	,	4	,	1	,	97	,	0	>
<1485	,	57	,	4	,	3	,	97	,	2	>
<1486	,	57	,	4	,	6	,	97	,	0	>
<1487	,	57	,	4	,	7	,	97	,	2	>
<1488	,	57	,	4	,	8	,	97	,	0	>
<1489	,	57	,	4	,	9	,	97	,	2	>
<1490	,	57	,	4	,	10	,	97	,	0	>
<1491	,	57	,	6	,	1	,	98	,	0	>
<1492	,	57	,	6	,	3	,	98	,	2	>
<1493	,	57	,	6	,	6	,	98	,	0	>
<1494	,	57	,	6	,	7	,	98	,	2	>
<1495	,	57	,	6	,	8	,	98	,	0	>
<1496	,	57	,	6	,	9	,	98	,	2	>
<1497	,	57	,	6	,	10	,	98	,	0	>
<1498	,	57	,	7	,	1	,	98	,	0	>
<1499	,	57	,	7	,	3	,	98	,	2	>
<1500	,	57	,	7	,	6	,	98	,	0	>
<1501	,	57	,	7	,	7	,	98	,	2	>
<1502	,	57	,	7	,	8	,	98	,	0	>
<1503	,	57	,	7	,	9	,	98	,	2	>
<1504	,	57	,	7	,	10	,	98	,	0	>
<1505	,	57	,	8	,	1	,	99	,	0	>
<1506	,	57	,	8	,	3	,	99	,	2	>
<1507	,	57	,	8	,	6	,	99	,	0	>
<1508	,	57	,	8	,	7	,	99	,	2	>
<1509	,	57	,	8	,	8	,	99	,	0	>
<1510	,	57	,	8	,	9	,	99	,	2	>
<1511	,	57	,	8	,	10	,	99	,	0	>
<1512	,	58	,	3	,	2	,	49	,	0	>
<1513	,	58	,	3	,	3	,	49	,	2	>
<1514	,	58	,	3	,	4	,	49	,	0	>
<1515	,	58	,	3	,	6	,	49	,	2	>
<1516	,	58	,	3	,	7	,	49	,	0	>
<1517	,	58	,	3	,	9	,	49	,	2	>
<1518	,	58	,	4	,	2	,	42	,	0	>
<1519	,	58	,	4	,	3	,	42	,	2	>
<1520	,	58	,	4	,	4	,	42	,	0	>
<1521	,	58	,	4	,	6	,	42	,	2	>
<1522	,	58	,	4	,	7	,	42	,	0	>
<1523	,	58	,	4	,	9	,	42	,	2	>
<1524	,	58	,	6	,	2	,	94	,	0	>
<1525	,	58	,	6	,	3	,	94	,	3	>
<1526	,	58	,	6	,	4	,	94	,	0	>
<1527	,	58	,	6	,	6	,	94	,	3	>
<1528	,	58	,	6	,	7	,	94	,	0	>
<1529	,	58	,	6	,	9	,	94	,	3	>
<1530	,	58	,	8	,	2	,	83	,	0	>
<1531	,	58	,	8	,	3	,	83	,	3	>
<1532	,	58	,	8	,	4	,	83	,	0	>
<1533	,	58	,	8	,	6	,	83	,	3	>
<1534	,	58	,	8	,	7	,	83	,	0	>
<1535	,	58	,	8	,	9	,	83	,	3	>
<1536	,	58	,	9	,	2	,	67	,	0	>
<1537	,	58	,	9	,	3	,	67	,	2	>
<1538	,	58	,	9	,	4	,	67	,	0	>
<1539	,	58	,	9	,	6	,	67	,	2	>
<1540	,	58	,	9	,	7	,	67	,	0	>
<1541	,	58	,	9	,	9	,	67	,	2	>
<1542	,	59	,	2	,	1	,	69	,	0	>
<1543	,	59	,	2	,	6	,	69	,	6	>
<1544	,	59	,	2	,	7	,	69	,	0	>
<1545	,	59	,	2	,	10	,	69	,	6	>
<1546	,	59	,	6	,	1	,	94	,	0	>
<1547	,	59	,	6	,	6	,	94	,	8	>
<1548	,	59	,	6	,	7	,	94	,	0	>
<1549	,	59	,	6	,	10	,	94	,	8	>
<1550	,	59	,	7	,	1	,	78	,	0	>
<1551	,	59	,	7	,	6	,	78	,	6	>
<1552	,	59	,	7	,	7	,	78	,	0	>
<1553	,	59	,	7	,	10	,	78	,	6	>
<1554	,	59	,	8	,	1	,	82	,	0	>
<1555	,	59	,	8	,	6	,	82	,	7	>
<1556	,	59	,	8	,	7	,	82	,	0	>
<1557	,	59	,	8	,	10	,	82	,	7	>
<1558	,	59	,	9	,	1	,	75	,	0	>
<1559	,	59	,	9	,	6	,	75	,	6	>
<1560	,	59	,	9	,	7	,	75	,	0	>
<1561	,	59	,	9	,	10	,	75	,	6	>
<1562	,	60	,	1	,	2	,	96	,	0	>
<1563	,	60	,	1	,	7	,	96	,	8	>
<1564	,	60	,	1	,	8	,	96	,	0	>
<1565	,	60	,	1	,	9	,	96	,	8	>
<1566	,	60	,	2	,	2	,	96	,	0	>
<1567	,	60	,	2	,	7	,	96	,	8	>
<1568	,	60	,	2	,	8	,	96	,	0	>
<1569	,	60	,	2	,	9	,	96	,	8	>
<1570	,	60	,	3	,	2	,	91	,	0	>
<1571	,	60	,	3	,	7	,	91	,	8	>
<1572	,	60	,	3	,	8	,	91	,	0	>
<1573	,	60	,	3	,	9	,	91	,	8	>
<1574	,	60	,	4	,	2	,	99	,	0	>
<1575	,	60	,	4	,	7	,	99	,	8	>
<1576	,	60	,	4	,	8	,	99	,	0	>
<1577	,	60	,	4	,	9	,	99	,	8	>
<1578	,	60	,	5	,	2	,	90	,	0	>
<1579	,	60	,	5	,	7	,	90	,	7	>
<1580	,	60	,	5	,	8	,	90	,	0	>
<1581	,	60	,	5	,	9	,	90	,	7	>
<1582	,	60	,	9	,	2	,	96	,	0	>
<1583	,	60	,	9	,	7	,	96	,	8	>
<1584	,	60	,	9	,	8	,	96	,	0	>
<1585	,	60	,	9	,	9	,	96	,	8	>
<1586	,	61	,	2	,	1	,	50	,	0	>
<1587	,	61	,	2	,	3	,	50	,	2	>
<1588	,	61	,	2	,	5	,	50	,	0	>
<1589	,	61	,	2	,	7	,	50	,	2	>
<1590	,	61	,	2	,	8	,	50	,	0	>
<1591	,	61	,	2	,	9	,	50	,	2	>
<1592	,	61	,	3	,	1	,	70	,	0	>
<1593	,	61	,	3	,	3	,	70	,	3	>
<1594	,	61	,	3	,	5	,	70	,	0	>
<1595	,	61	,	3	,	7	,	70	,	3	>
<1596	,	61	,	3	,	8	,	70	,	0	>
<1597	,	61	,	3	,	9	,	70	,	3	>
<1598	,	61	,	5	,	1	,	44	,	0	>
<1599	,	61	,	5	,	3	,	44	,	2	>
<1600	,	61	,	5	,	5	,	44	,	0	>
<1601	,	61	,	5	,	7	,	44	,	2	>
<1602	,	61	,	5	,	8	,	44	,	0	>
<1603	,	61	,	5	,	9	,	44	,	2	>
<1604	,	61	,	6	,	1	,	88	,	0	>
<1605	,	61	,	6	,	3	,	88	,	3	>
<1606	,	61	,	6	,	5	,	88	,	0	>
<1607	,	61	,	6	,	7	,	88	,	3	>
<1608	,	61	,	6	,	8	,	88	,	0	>
<1609	,	61	,	6	,	9	,	88	,	3	>
<1610	,	62	,	1	,	1	,	28	,	0	>
<1611	,	62	,	1	,	3	,	28	,	2	>
<1612	,	62	,	1	,	6	,	28	,	0	>
<1613	,	62	,	1	,	8	,	28	,	2	>
<1614	,	62	,	1	,	10	,	28	,	0	>
<1615	,	62	,	3	,	1	,	32	,	0	>
<1616	,	62	,	3	,	3	,	32	,	2	>
<1617	,	62	,	3	,	6	,	32	,	0	>
<1618	,	62	,	3	,	8	,	32	,	2	>
<1619	,	62	,	3	,	10	,	32	,	0	>
<1620	,	62	,	4	,	1	,	46	,	0	>
<1621	,	62	,	4	,	3	,	46	,	3	>
<1622	,	62	,	4	,	6	,	46	,	0	>
<1623	,	62	,	4	,	8	,	46	,	3	>
<1624	,	62	,	4	,	10	,	46	,	0	>
<1625	,	62	,	5	,	1	,	59	,	0	>
<1626	,	62	,	5	,	3	,	59	,	3	>
<1627	,	62	,	5	,	6	,	59	,	0	>
<1628	,	62	,	5	,	8	,	59	,	3	>
<1629	,	62	,	5	,	10	,	59	,	0	>
<1630	,	62	,	6	,	1	,	54	,	0	>
<1631	,	62	,	6	,	3	,	54	,	3	>
<1632	,	62	,	6	,	6	,	54	,	0	>
<1633	,	62	,	6	,	8	,	54	,	3	>
<1634	,	62	,	6	,	10	,	54	,	0	>
<1635	,	63	,	1	,	3	,	92	,	0	>
<1636	,	63	,	1	,	5	,	92	,	12	>
<1637	,	63	,	1	,	7	,	92	,	0	>
<1638	,	63	,	4	,	3	,	73	,	0	>
<1639	,	63	,	4	,	5	,	73	,	9	>
<1640	,	63	,	4	,	7	,	73	,	0	>
<1641	,	63	,	5	,	3	,	82	,	0	>
<1642	,	63	,	5	,	5	,	82	,	11	>
<1643	,	63	,	5	,	7	,	82	,	0	>
<1644	,	63	,	6	,	3	,	60	,	0	>
<1645	,	63	,	6	,	5	,	60	,	8	>
<1646	,	63	,	6	,	7	,	60	,	0	>
<1647	,	63	,	8	,	3	,	52	,	0	>
<1648	,	63	,	8	,	5	,	52	,	7	>
<1649	,	63	,	8	,	7	,	52	,	0	>
<1650	,	63	,	9	,	3	,	96	,	0	>
<1651	,	63	,	9	,	5	,	96	,	12	>
<1652	,	63	,	9	,	7	,	96	,	0	>
<1653	,	64	,	4	,	2	,	71	,	0	>
<1654	,	64	,	4	,	6	,	71	,	6	>
<1655	,	64	,	4	,	7	,	71	,	0	>
<1656	,	64	,	4	,	10	,	71	,	6	>
<1657	,	64	,	5	,	2	,	40	,	0	>
<1658	,	64	,	5	,	6	,	40	,	3	>
<1659	,	64	,	5	,	7	,	40	,	0	>
<1660	,	64	,	5	,	10	,	40	,	3	>
<1661	,	64	,	6	,	2	,	89	,	0	>
<1662	,	64	,	6	,	6	,	89	,	7	>
<1663	,	64	,	6	,	7	,	89	,	0	>
<1664	,	64	,	6	,	10	,	89	,	7	>
<1665	,	64	,	7	,	2	,	67	,	0	>
<1666	,	64	,	7	,	6	,	67	,	6	>
<1667	,	64	,	7	,	7	,	67	,	0	>
<1668	,	64	,	7	,	10	,	67	,	6	>
<1669	,	64	,	8	,	2	,	85	,	0	>
<1670	,	64	,	8	,	6	,	85	,	7	>
<1671	,	64	,	8	,	7	,	85	,	0	>
<1672	,	64	,	8	,	10	,	85	,	7	>
<1673	,	65	,	2	,	1	,	5	,	0	>
<1674	,	65	,	2	,	2	,	5	,	0	>
<1675	,	65	,	2	,	3	,	5	,	0	>
<1676	,	65	,	2	,	8	,	5	,	0	>
<1677	,	65	,	3	,	1	,	6	,	0	>
<1678	,	65	,	3	,	2	,	6	,	0	>
<1679	,	65	,	3	,	3	,	6	,	0	>
<1680	,	65	,	3	,	8	,	6	,	0	>
<1681	,	65	,	4	,	1	,	2	,	0	>
<1682	,	65	,	4	,	2	,	2	,	0	>
<1683	,	65	,	4	,	3	,	2	,	0	>
<1684	,	65	,	4	,	8	,	2	,	0	>
<1685	,	65	,	6	,	1	,	2	,	0	>
<1686	,	65	,	6	,	2	,	2	,	0	>
<1687	,	65	,	6	,	3	,	2	,	0	>
<1688	,	65	,	6	,	8	,	2	,	0	>
<1689	,	65	,	7	,	1	,	5	,	0	>
<1690	,	65	,	7	,	2	,	5	,	0	>
<1691	,	65	,	7	,	3	,	5	,	0	>
<1692	,	65	,	7	,	8	,	5	,	0	>
<1693	,	66	,	2	,	3	,	26	,	0	>
<1694	,	66	,	2	,	4	,	26	,	2	>
<1695	,	66	,	2	,	5	,	26	,	0	>
<1696	,	66	,	2	,	6	,	26	,	2	>
<1697	,	66	,	3	,	3	,	61	,	0	>
<1698	,	66	,	3	,	4	,	61	,	5	>
<1699	,	66	,	3	,	5	,	61	,	0	>
<1700	,	66	,	3	,	6	,	61	,	5	>
<1701	,	66	,	4	,	3	,	62	,	0	>
<1702	,	66	,	4	,	4	,	62	,	5	>
<1703	,	66	,	4	,	5	,	62	,	0	>
<1704	,	66	,	4	,	6	,	62	,	5	>
<1705	,	66	,	5	,	3	,	65	,	0	>
<1706	,	66	,	5	,	4	,	65	,	5	>
<1707	,	66	,	5	,	5	,	65	,	0	>
<1708	,	66	,	5	,	6	,	65	,	5	>
<1709	,	66	,	6	,	3	,	37	,	0	>
<1710	,	66	,	6	,	4	,	37	,	3	>
<1711	,	66	,	6	,	5	,	37	,	0	>
<1712	,	66	,	6	,	6	,	37	,	3	>
<1713	,	66	,	8	,	3	,	22	,	0	>
<1714	,	66	,	8	,	4	,	22	,	2	>
<1715	,	66	,	8	,	5	,	22	,	0	>
<1716	,	66	,	8	,	6	,	22	,	2	>
<1717	,	67	,	1	,	2	,	73	,	0	>
<1718	,	67	,	1	,	3	,	73	,	2	>
<1719	,	67	,	1	,	4	,	73	,	0	>
<1720	,	67	,	1	,	6	,	73	,	2	>
<1721	,	67	,	1	,	8	,	73	,	0	>
<1722	,	67	,	1	,	9	,	73	,	2	>
<1723	,	67	,	1	,	10	,	73	,	0	>
<1724	,	67	,	4	,	2	,	64	,	0	>
<1725	,	67	,	4	,	3	,	64	,	2	>
<1726	,	67	,	4	,	4	,	64	,	0	>
<1727	,	67	,	4	,	6	,	64	,	2	>
<1728	,	67	,	4	,	8	,	64	,	0	>
<1729	,	67	,	4	,	9	,	64	,	2	>
<1730	,	67	,	4	,	10	,	64	,	0	>
<1731	,	67	,	6	,	2	,	64	,	0	>
<1732	,	67	,	6	,	3	,	64	,	2	>
<1733	,	67	,	6	,	4	,	64	,	0	>
<1734	,	67	,	6	,	6	,	64	,	2	>
<1735	,	67	,	6	,	8	,	64	,	0	>
<1736	,	67	,	6	,	9	,	64	,	2	>
<1737	,	67	,	6	,	10	,	64	,	0	>
<1738	,	67	,	8	,	2	,	29	,	0	>
<1739	,	67	,	8	,	3	,	29	,	1	>
<1740	,	67	,	8	,	4	,	29	,	0	>
<1741	,	67	,	8	,	6	,	29	,	1	>
<1742	,	67	,	8	,	8	,	29	,	0	>
<1743	,	67	,	8	,	9	,	29	,	1	>
<1744	,	67	,	8	,	10	,	29	,	0	>
<1745	,	68	,	2	,	3	,	95	,	0	>
<1746	,	68	,	2	,	4	,	95	,	5	>
<1747	,	68	,	2	,	5	,	95	,	0	>
<1748	,	68	,	2	,	7	,	95	,	5	>
<1749	,	68	,	2	,	9	,	95	,	0	>
<1750	,	68	,	3	,	3	,	95	,	0	>
<1751	,	68	,	3	,	4	,	95	,	5	>
<1752	,	68	,	3	,	5	,	95	,	0	>
<1753	,	68	,	3	,	7	,	95	,	5	>
<1754	,	68	,	3	,	9	,	95	,	0	>
<1755	,	68	,	4	,	3	,	96	,	0	>
<1756	,	68	,	4	,	4	,	96	,	5	>
<1757	,	68	,	4	,	5	,	96	,	0	>
<1758	,	68	,	4	,	7	,	96	,	5	>
<1759	,	68	,	4	,	9	,	96	,	0	>
<1760	,	68	,	6	,	3	,	95	,	0	>
<1761	,	68	,	6	,	4	,	95	,	5	>
<1762	,	68	,	6	,	5	,	95	,	0	>
<1763	,	68	,	6	,	7	,	95	,	5	>
<1764	,	68	,	6	,	9	,	95	,	0	>
<1765	,	68	,	7	,	3	,	95	,	0	>
<1766	,	68	,	7	,	4	,	95	,	5	>
<1767	,	68	,	7	,	5	,	95	,	0	>
<1768	,	68	,	7	,	7	,	95	,	5	>
<1769	,	68	,	7	,	9	,	95	,	0	>
<1770	,	68	,	8	,	3	,	96	,	0	>
<1771	,	68	,	8	,	4	,	96	,	5	>
<1772	,	68	,	8	,	5	,	96	,	0	>
<1773	,	68	,	8	,	7	,	96	,	5	>
<1774	,	68	,	8	,	9	,	96	,	0	>
<1775	,	69	,	1	,	2	,	59	,	0	>
<1776	,	69	,	1	,	4	,	59	,	5	>
<1777	,	69	,	1	,	5	,	59	,	0	>
<1778	,	69	,	1	,	6	,	59	,	5	>
<1779	,	69	,	2	,	2	,	54	,	0	>
<1780	,	69	,	2	,	4	,	54	,	4	>
<1781	,	69	,	2	,	5	,	54	,	0	>
<1782	,	69	,	2	,	6	,	54	,	4	>
<1783	,	69	,	3	,	2	,	65	,	0	>
<1784	,	69	,	3	,	4	,	65	,	5	>
<1785	,	69	,	3	,	5	,	65	,	0	>
<1786	,	69	,	3	,	6	,	65	,	5	>
<1787	,	69	,	5	,	2	,	30	,	0	>
<1788	,	69	,	5	,	4	,	30	,	2	>
<1789	,	69	,	5	,	5	,	30	,	0	>
<1790	,	69	,	5	,	6	,	30	,	2	>
<1791	,	69	,	8	,	2	,	72	,	0	>
<1792	,	69	,	8	,	4	,	72	,	6	>
<1793	,	69	,	8	,	5	,	72	,	0	>
<1794	,	69	,	8	,	6	,	72	,	6	>
<1795	,	69	,	9	,	2	,	57	,	0	>
<1796	,	69	,	9	,	4	,	57	,	5	>
<1797	,	69	,	9	,	5	,	57	,	0	>
<1798	,	69	,	9	,	6	,	57	,	5	>
<1799	,	70	,	1	,	3	,	56	,	0	>
<1800	,	70	,	1	,	6	,	56	,	7	>
<1801	,	70	,	1	,	7	,	56	,	0	>
<1802	,	70	,	2	,	3	,	96	,	0	>
<1803	,	70	,	2	,	6	,	96	,	12	>
<1804	,	70	,	2	,	7	,	96	,	0	>
<1805	,	70	,	3	,	3	,	85	,	0	>
<1806	,	70	,	3	,	6	,	85	,	11	>
<1807	,	70	,	3	,	7	,	85	,	0	>
<1808	,	70	,	4	,	3	,	55	,	0	>
<1809	,	70	,	4	,	6	,	55	,	7	>
<1810	,	70	,	4	,	7	,	55	,	0	>
<1811	,	70	,	6	,	3	,	66	,	0	>
<1812	,	70	,	6	,	6	,	66	,	8	>
<1813	,	70	,	6	,	7	,	66	,	0	>
<1814	,	70	,	7	,	3	,	83	,	0	>
<1815	,	70	,	7	,	6	,	83	,	11	>
<1816	,	70	,	7	,	7	,	83	,	0	>
<1817	,	71	,	1	,	2	,	98	,	0	>
<1818	,	71	,	1	,	3	,	98	,	2	>
<1819	,	71	,	1	,	4	,	98	,	0	>
<1820	,	71	,	1	,	5	,	98	,	2	>
<1821	,	71	,	1	,	7	,	98	,	0	>
<1822	,	71	,	1	,	9	,	98	,	2	>
<1823	,	71	,	1	,	10	,	98	,	0	>
<1824	,	71	,	2	,	2	,	60	,	0	>
<1825	,	71	,	2	,	3	,	60	,	1	>
<1826	,	71	,	2	,	4	,	60	,	0	>
<1827	,	71	,	2	,	5	,	60	,	1	>
<1828	,	71	,	2	,	7	,	60	,	0	>
<1829	,	71	,	2	,	9	,	60	,	1	>
<1830	,	71	,	2	,	10	,	60	,	0	>
<1831	,	71	,	5	,	2	,	88	,	0	>
<1832	,	71	,	5	,	3	,	88	,	2	>
<1833	,	71	,	5	,	4	,	88	,	0	>
<1834	,	71	,	5	,	5	,	88	,	2	>
<1835	,	71	,	5	,	7	,	88	,	0	>
<1836	,	71	,	5	,	9	,	88	,	2	>
<1837	,	71	,	5	,	10	,	88	,	0	>
<1838	,	71	,	6	,	2	,	73	,	0	>
<1839	,	71	,	6	,	3	,	73	,	2	>
<1840	,	71	,	6	,	4	,	73	,	0	>
<1841	,	71	,	6	,	5	,	73	,	2	>
<1842	,	71	,	6	,	7	,	73	,	0	>
<1843	,	71	,	6	,	9	,	73	,	2	>
<1844	,	71	,	6	,	10	,	73	,	0	>
<1845	,	71	,	7	,	2	,	75	,	0	>
<1846	,	71	,	7	,	3	,	75	,	2	>
<1847	,	71	,	7	,	4	,	75	,	0	>
<1848	,	71	,	7	,	5	,	75	,	2	>
<1849	,	71	,	7	,	7	,	75	,	0	>
<1850	,	71	,	7	,	9	,	75	,	2	>
<1851	,	71	,	7	,	10	,	75	,	0	>
<1852	,	71	,	8	,	2	,	59	,	0	>
<1853	,	71	,	8	,	3	,	59	,	1	>
<1854	,	71	,	8	,	4	,	59	,	0	>
<1855	,	71	,	8	,	5	,	59	,	1	>
<1856	,	71	,	8	,	7	,	59	,	0	>
<1857	,	71	,	8	,	9	,	59	,	1	>
<1858	,	71	,	8	,	10	,	59	,	0	>
<1859	,	72	,	2	,	2	,	67	,	0	>
<1860	,	72	,	2	,	4	,	67	,	6	>
<1861	,	72	,	2	,	8	,	67	,	0	>
<1862	,	72	,	2	,	9	,	67	,	6	>
<1863	,	72	,	4	,	2	,	67	,	0	>
<1864	,	72	,	4	,	4	,	67	,	6	>
<1865	,	72	,	4	,	8	,	67	,	0	>
<1866	,	72	,	4	,	9	,	67	,	6	>
<1867	,	72	,	7	,	2	,	89	,	0	>
<1868	,	72	,	7	,	4	,	89	,	7	>
<1869	,	72	,	7	,	8	,	89	,	0	>
<1870	,	72	,	7	,	9	,	89	,	7	>
<1871	,	72	,	8	,	2	,	96	,	0	>
<1872	,	72	,	8	,	4	,	96	,	8	>
<1873	,	72	,	8	,	8	,	96	,	0	>
<1874	,	72	,	8	,	9	,	96	,	8	>
<1875	,	72	,	9	,	2	,	95	,	0	>
<1876	,	72	,	9	,	4	,	95	,	8	>
<1877	,	72	,	9	,	8	,	95	,	0	>
<1878	,	72	,	9	,	9	,	95	,	8	>
<1879	,	73	,	1	,	1	,	55	,	0	>
<1880	,	73	,	1	,	2	,	55	,	3	>
<1881	,	73	,	1	,	6	,	55	,	0	>
<1882	,	73	,	1	,	7	,	55	,	3	>
<1883	,	73	,	1	,	10	,	55	,	0	>
<1884	,	73	,	3	,	1	,	19	,	0	>
<1885	,	73	,	3	,	2	,	19	,	1	>
<1886	,	73	,	3	,	6	,	19	,	0	>
<1887	,	73	,	3	,	7	,	19	,	1	>
<1888	,	73	,	3	,	10	,	19	,	0	>
<1889	,	73	,	6	,	1	,	46	,	0	>
<1890	,	73	,	6	,	2	,	46	,	3	>
<1891	,	73	,	6	,	6	,	46	,	0	>
<1892	,	73	,	6	,	7	,	46	,	3	>
<1893	,	73	,	6	,	10	,	46	,	0	>
<1894	,	73	,	7	,	1	,	45	,	0	>
<1895	,	73	,	7	,	2	,	45	,	2	>
<1896	,	73	,	7	,	6	,	45	,	0	>
<1897	,	73	,	7	,	7	,	45	,	2	>
<1898	,	73	,	7	,	10	,	45	,	0	>
<1899	,	73	,	8	,	1	,	34	,	0	>
<1900	,	73	,	8	,	2	,	34	,	2	>
<1901	,	73	,	8	,	6	,	34	,	0	>
<1902	,	73	,	8	,	7	,	34	,	2	>
<1903	,	73	,	8	,	10	,	34	,	0	>
<1904	,	73	,	9	,	1	,	39	,	0	>
<1905	,	73	,	9	,	2	,	39	,	2	>
<1906	,	73	,	9	,	6	,	39	,	0	>
<1907	,	73	,	9	,	7	,	39	,	2	>
<1908	,	73	,	9	,	10	,	39	,	0	>
<1909	,	74	,	3	,	1	,	39	,	0	>
<1910	,	74	,	3	,	4	,	39	,	3	>
<1911	,	74	,	3	,	5	,	39	,	0	>
<1912	,	74	,	3	,	9	,	39	,	3	>
<1913	,	74	,	4	,	1	,	73	,	0	>
<1914	,	74	,	4	,	4	,	73	,	6	>
<1915	,	74	,	4	,	5	,	73	,	0	>
<1916	,	74	,	4	,	9	,	73	,	6	>
<1917	,	74	,	5	,	1	,	81	,	0	>
<1918	,	74	,	5	,	4	,	81	,	7	>
<1919	,	74	,	5	,	5	,	81	,	0	>
<1920	,	74	,	5	,	9	,	81	,	7	>
<1921	,	74	,	7	,	1	,	29	,	0	>
<1922	,	74	,	7	,	4	,	29	,	2	>
<1923	,	74	,	7	,	5	,	29	,	0	>
<1924	,	74	,	7	,	9	,	29	,	2	>
<1925	,	74	,	9	,	1	,	80	,	0	>
<1926	,	74	,	9	,	4	,	80	,	7	>
<1927	,	74	,	9	,	5	,	80	,	0	>
<1928	,	74	,	9	,	9	,	80	,	7	>
<1929	,	75	,	2	,	4	,	55	,	0	>
<1930	,	75	,	2	,	6	,	55	,	5	>
<1931	,	75	,	2	,	8	,	55	,	0	>
<1932	,	75	,	2	,	9	,	55	,	5	>
<1933	,	75	,	3	,	4	,	74	,	0	>
<1934	,	75	,	3	,	6	,	74	,	6	>
<1935	,	75	,	3	,	8	,	74	,	0	>
<1936	,	75	,	3	,	9	,	74	,	6	>
<1937	,	75	,	5	,	4	,	45	,	0	>
<1938	,	75	,	5	,	6	,	45	,	4	>
<1939	,	75	,	5	,	8	,	45	,	0	>
<1940	,	75	,	5	,	9	,	45	,	4	>
<1941	,	75	,	6	,	4	,	88	,	0	>
<1942	,	75	,	6	,	6	,	88	,	7	>
<1943	,	75	,	6	,	8	,	88	,	0	>
<1944	,	75	,	6	,	9	,	88	,	7	>
<1945	,	75	,	7	,	4	,	82	,	0	>
<1946	,	75	,	7	,	6	,	82	,	7	>
<1947	,	75	,	7	,	8	,	82	,	0	>
<1948	,	75	,	7	,	9	,	82	,	7	>
<1949	,	76	,	1	,	1	,	68	,	0	>
<1950	,	76	,	1	,	4	,	68	,	6	>
<1951	,	76	,	1	,	8	,	68	,	0	>
<1952	,	76	,	1	,	9	,	68	,	6	>
<1953	,	76	,	2	,	1	,	56	,	0	>
<1954	,	76	,	2	,	4	,	56	,	5	>
<1955	,	76	,	2	,	8	,	56	,	0	>
<1956	,	76	,	2	,	9	,	56	,	5	>
<1957	,	76	,	3	,	1	,	53	,	0	>
<1958	,	76	,	3	,	4	,	53	,	4	>
<1959	,	76	,	3	,	8	,	53	,	0	>
<1960	,	76	,	3	,	9	,	53	,	4	>
<1961	,	76	,	6	,	1	,	53	,	0	>
<1962	,	76	,	6	,	4	,	53	,	4	>
<1963	,	76	,	6	,	8	,	53	,	0	>
<1964	,	76	,	6	,	9	,	53	,	4	>
<1965	,	76	,	7	,	1	,	86	,	0	>
<1966	,	76	,	7	,	4	,	86	,	7	>
<1967	,	76	,	7	,	8	,	86	,	0	>
<1968	,	76	,	7	,	9	,	86	,	7	>
<1969	,	76	,	8	,	1	,	84	,	0	>
<1970	,	76	,	8	,	4	,	84	,	7	>
<1971	,	76	,	8	,	8	,	84	,	0	>
<1972	,	76	,	8	,	9	,	84	,	7	>
<1973	,	77	,	1	,	3	,	74	,	0	>
<1974	,	77	,	1	,	4	,	74	,	3	>
<1975	,	77	,	1	,	5	,	74	,	0	>
<1976	,	77	,	1	,	6	,	74	,	3	>
<1977	,	77	,	1	,	7	,	74	,	0	>
<1978	,	77	,	1	,	8	,	74	,	3	>
<1979	,	77	,	4	,	3	,	76	,	0	>
<1980	,	77	,	4	,	4	,	76	,	3	>
<1981	,	77	,	4	,	5	,	76	,	0	>
<1982	,	77	,	4	,	6	,	76	,	3	>
<1983	,	77	,	4	,	7	,	76	,	0	>
<1984	,	77	,	4	,	8	,	76	,	3	>
<1985	,	77	,	6	,	3	,	90	,	0	>
<1986	,	77	,	6	,	4	,	90	,	3	>
<1987	,	77	,	6	,	5	,	90	,	0	>
<1988	,	77	,	6	,	6	,	90	,	3	>
<1989	,	77	,	6	,	7	,	90	,	0	>
<1990	,	77	,	6	,	8	,	90	,	3	>
<1991	,	77	,	7	,	3	,	79	,	0	>
<1992	,	77	,	7	,	4	,	79	,	3	>
<1993	,	77	,	7	,	5	,	79	,	0	>
<1994	,	77	,	7	,	6	,	79	,	3	>
<1995	,	77	,	7	,	7	,	79	,	0	>
<1996	,	77	,	7	,	8	,	79	,	3	>
<1997	,	78	,	2	,	3	,	94	,	0	>
<1998	,	78	,	2	,	4	,	94	,	12	>
<1999	,	78	,	2	,	7	,	94	,	0	>
<2000	,	78	,	3	,	3	,	86	,	0	>
<2001	,	78	,	3	,	4	,	86	,	11	>
<2002	,	78	,	3	,	7	,	86	,	0	>
<2003	,	78	,	4	,	3	,	97	,	0	>
<2004	,	78	,	4	,	4	,	97	,	12	>
<2005	,	78	,	4	,	7	,	97	,	0	>
<2006	,	78	,	6	,	3	,	91	,	0	>
<2007	,	78	,	6	,	4	,	91	,	12	>
<2008	,	78	,	6	,	7	,	91	,	0	>
<2009	,	78	,	7	,	3	,	88	,	0	>
<2010	,	78	,	7	,	4	,	88	,	11	>
<2011	,	78	,	7	,	7	,	88	,	0	>
<2012	,	78	,	9	,	3	,	98	,	0	>
<2013	,	78	,	9	,	4	,	98	,	13	>
<2014	,	78	,	9	,	7	,	98	,	0	>
<2015	,	79	,	1	,	2	,	7	,	0	>
<2016	,	79	,	1	,	3	,	7	,	1	>
<2017	,	79	,	1	,	8	,	7	,	0	>
<2018	,	79	,	2	,	2	,	12	,	0	>
<2019	,	79	,	2	,	3	,	12	,	2	>
<2020	,	79	,	2	,	8	,	12	,	0	>
<2021	,	79	,	3	,	2	,	4	,	0	>
<2022	,	79	,	3	,	3	,	4	,	1	>
<2023	,	79	,	3	,	8	,	4	,	0	>
<2024	,	79	,	6	,	2	,	4	,	0	>
<2025	,	79	,	6	,	3	,	4	,	1	>
<2026	,	79	,	6	,	8	,	4	,	0	>
<2027	,	79	,	8	,	2	,	7	,	0	>
<2028	,	79	,	8	,	3	,	7	,	1	>
<2029	,	79	,	8	,	8	,	7	,	0	>
<2030	,	80	,	3	,	2	,	89	,	0	>
<2031	,	80	,	3	,	4	,	89	,	5	>
<2032	,	80	,	3	,	5	,	89	,	0	>
<2033	,	80	,	3	,	8	,	89	,	5	>
<2034	,	80	,	3	,	10	,	89	,	0	>
<2035	,	80	,	5	,	2	,	64	,	0	>
<2036	,	80	,	5	,	4	,	64	,	4	>
<2037	,	80	,	5	,	5	,	64	,	0	>
<2038	,	80	,	5	,	8	,	64	,	4	>
<2039	,	80	,	5	,	10	,	64	,	0	>
<2040	,	80	,	6	,	2	,	56	,	0	>
<2041	,	80	,	6	,	4	,	56	,	3	>
<2042	,	80	,	6	,	5	,	56	,	0	>
<2043	,	80	,	6	,	8	,	56	,	3	>
<2044	,	80	,	6	,	10	,	56	,	0	>
<2045	,	80	,	8	,	2	,	53	,	0	>
<2046	,	80	,	8	,	4	,	53	,	3	>
<2047	,	80	,	8	,	5	,	53	,	0	>
<2048	,	80	,	8	,	8	,	53	,	3	>
<2049	,	80	,	8	,	10	,	53	,	0	>
<2050	,	80	,	9	,	2	,	80	,	0	>
<2051	,	80	,	9	,	4	,	80	,	4	>
<2052	,	80	,	9	,	5	,	80	,	0	>
<2053	,	80	,	9	,	8	,	80	,	4	>
<2054	,	80	,	9	,	10	,	80	,	0	>
<2055	,	81	,	3	,	5	,	36	,	0	>
<2056	,	81	,	3	,	7	,	36	,	5	>
<2057	,	81	,	3	,	9	,	36	,	0	>
<2058	,	81	,	4	,	5	,	68	,	0	>
<2059	,	81	,	4	,	7	,	68	,	9	>
<2060	,	81	,	4	,	9	,	68	,	0	>
<2061	,	81	,	5	,	5	,	44	,	0	>
<2062	,	81	,	5	,	7	,	44	,	6	>
<2063	,	81	,	5	,	9	,	44	,	0	>
<2064	,	81	,	8	,	5	,	92	,	0	>
<2065	,	81	,	8	,	7	,	92	,	12	>
<2066	,	81	,	8	,	9	,	92	,	0	>
<2067	,	81	,	9	,	5	,	73	,	0	>
<2068	,	81	,	9	,	7	,	73	,	9	>
<2069	,	81	,	9	,	9	,	73	,	0	>
<2070	,	82	,	1	,	2	,	15	,	0	>
<2071	,	82	,	1	,	4	,	15	,	0	>
<2072	,	82	,	1	,	6	,	15	,	0	>
<2073	,	82	,	1	,	7	,	15	,	0	>
<2074	,	82	,	1	,	8	,	15	,	0	>
<2075	,	82	,	1	,	9	,	15	,	0	>
<2076	,	82	,	1	,	10	,	15	,	0	>
<2077	,	82	,	2	,	2	,	30	,	0	>
<2078	,	82	,	2	,	4	,	30	,	1	>
<2079	,	82	,	2	,	6	,	30	,	0	>
<2080	,	82	,	2	,	7	,	30	,	1	>
<2081	,	82	,	2	,	8	,	30	,	0	>
<2082	,	82	,	2	,	9	,	30	,	1	>
<2083	,	82	,	2	,	10	,	30	,	0	>
<2084	,	82	,	4	,	2	,	18	,	0	>
<2085	,	82	,	4	,	4	,	18	,	0	>
<2086	,	82	,	4	,	6	,	18	,	0	>
<2087	,	82	,	4	,	7	,	18	,	0	>
<2088	,	82	,	4	,	8	,	18	,	0	>
<2089	,	82	,	4	,	9	,	18	,	0	>
<2090	,	82	,	4	,	10	,	18	,	0	>
<2091	,	82	,	7	,	2	,	14	,	0	>
<2092	,	82	,	7	,	4	,	14	,	0	>
<2093	,	82	,	7	,	6	,	14	,	0	>
<2094	,	82	,	7	,	7	,	14	,	0	>
<2095	,	82	,	7	,	8	,	14	,	0	>
<2096	,	82	,	7	,	9	,	14	,	0	>
<2097	,	82	,	7	,	10	,	14	,	0	>
<2098	,	82	,	8	,	2	,	13	,	0	>
<2099	,	82	,	8	,	4	,	13	,	0	>
<2100	,	82	,	8	,	6	,	13	,	0	>
<2101	,	82	,	8	,	7	,	13	,	0	>
<2102	,	82	,	8	,	8	,	13	,	0	>
<2103	,	82	,	8	,	9	,	13	,	0	>
<2104	,	82	,	8	,	10	,	13	,	0	>
<2105	,	82	,	9	,	2	,	25	,	0	>
<2106	,	82	,	9	,	4	,	25	,	1	>
<2107	,	82	,	9	,	6	,	25	,	0	>
<2108	,	82	,	9	,	7	,	25	,	1	>
<2109	,	82	,	9	,	8	,	25	,	0	>
<2110	,	82	,	9	,	9	,	25	,	1	>
<2111	,	82	,	9	,	10	,	25	,	0	>
<2112	,	83	,	6	,	3	,	6	,	0	>
<2113	,	83	,	6	,	7	,	6	,	0	>
<2114	,	83	,	6	,	9	,	6	,	0	>
<2115	,	83	,	6	,	10	,	6	,	0	>
<2116	,	83	,	7	,	3	,	10	,	0	>
<2117	,	83	,	7	,	7	,	10	,	1	>
<2118	,	83	,	7	,	9	,	10	,	0	>
<2119	,	83	,	7	,	10	,	10	,	1	>
<2120	,	83	,	8	,	3	,	5	,	0	>
<2121	,	83	,	8	,	7	,	5	,	0	>
<2122	,	83	,	8	,	9	,	5	,	0	>
<2123	,	83	,	8	,	10	,	5	,	0	>
<2124	,	83	,	9	,	3	,	9	,	0	>
<2125	,	83	,	9	,	7	,	9	,	1	>
<2126	,	83	,	9	,	9	,	9	,	0	>
<2127	,	83	,	9	,	10	,	9	,	1	>
<2128	,	84	,	1	,	2	,	69	,	0	>
<2129	,	84	,	1	,	3	,	69	,	4	>
<2130	,	84	,	1	,	5	,	69	,	0	>
<2131	,	84	,	1	,	7	,	69	,	4	>
<2132	,	84	,	1	,	9	,	69	,	0	>
<2133	,	84	,	2	,	2	,	63	,	0	>
<2134	,	84	,	2	,	3	,	63	,	3	>
<2135	,	84	,	2	,	5	,	63	,	0	>
<2136	,	84	,	2	,	7	,	63	,	3	>
<2137	,	84	,	2	,	9	,	63	,	0	>
<2138	,	84	,	5	,	2	,	84	,	0	>
<2139	,	84	,	5	,	3	,	84	,	5	>
<2140	,	84	,	5	,	5	,	84	,	0	>
<2141	,	84	,	5	,	7	,	84	,	5	>
<2142	,	84	,	5	,	9	,	84	,	0	>
<2143	,	84	,	6	,	2	,	83	,	0	>
<2144	,	84	,	6	,	3	,	83	,	5	>
<2145	,	84	,	6	,	5	,	83	,	0	>
<2146	,	84	,	6	,	7	,	83	,	5	>
<2147	,	84	,	6	,	9	,	83	,	0	>
<2148	,	84	,	7	,	2	,	75	,	0	>
<2149	,	84	,	7	,	3	,	75	,	4	>
<2150	,	84	,	7	,	5	,	75	,	0	>
<2151	,	84	,	7	,	7	,	75	,	4	>
<2152	,	84	,	7	,	9	,	75	,	0	>
<2153	,	84	,	9	,	2	,	61	,	0	>
<2154	,	84	,	9	,	3	,	61	,	3	>
<2155	,	84	,	9	,	5	,	61	,	0	>
<2156	,	84	,	9	,	7	,	61	,	3	>
<2157	,	84	,	9	,	9	,	61	,	0	>
<2158	,	85	,	2	,	1	,	93	,	0	>
<2159	,	85	,	2	,	3	,	93	,	2	>
<2160	,	85	,	2	,	4	,	93	,	0	>
<2161	,	85	,	2	,	5	,	93	,	2	>
<2162	,	85	,	2	,	7	,	93	,	0	>
<2163	,	85	,	2	,	8	,	93	,	2	>
<2164	,	85	,	2	,	10	,	93	,	0	>
<2165	,	85	,	3	,	1	,	84	,	0	>
<2166	,	85	,	3	,	3	,	84	,	2	>
<2167	,	85	,	3	,	4	,	84	,	0	>
<2168	,	85	,	3	,	5	,	84	,	2	>
<2169	,	85	,	3	,	7	,	84	,	0	>
<2170	,	85	,	3	,	8	,	84	,	2	>
<2171	,	85	,	3	,	10	,	84	,	0	>
<2172	,	85	,	4	,	1	,	96	,	0	>
<2173	,	85	,	4	,	3	,	96	,	2	>
<2174	,	85	,	4	,	4	,	96	,	0	>
<2175	,	85	,	4	,	5	,	96	,	2	>
<2176	,	85	,	4	,	7	,	96	,	0	>
<2177	,	85	,	4	,	8	,	96	,	2	>
<2178	,	85	,	4	,	10	,	96	,	0	>
<2179	,	85	,	5	,	1	,	91	,	0	>
<2180	,	85	,	5	,	3	,	91	,	2	>
<2181	,	85	,	5	,	4	,	91	,	0	>
<2182	,	85	,	5	,	5	,	91	,	2	>
<2183	,	85	,	5	,	7	,	91	,	0	>
<2184	,	85	,	5	,	8	,	91	,	2	>
<2185	,	85	,	5	,	10	,	91	,	0	>
<2186	,	85	,	9	,	1	,	94	,	0	>
<2187	,	85	,	9	,	3	,	94	,	2	>
<2188	,	85	,	9	,	4	,	94	,	0	>
<2189	,	85	,	9	,	5	,	94	,	2	>
<2190	,	85	,	9	,	7	,	94	,	0	>
<2191	,	85	,	9	,	8	,	94	,	2	>
<2192	,	85	,	9	,	10	,	94	,	0	>
<2193	,	86	,	2	,	3	,	90	,	0	>
<2194	,	86	,	2	,	4	,	90	,	3	>
<2195	,	86	,	2	,	5	,	90	,	0	>
<2196	,	86	,	2	,	7	,	90	,	3	>
<2197	,	86	,	2	,	8	,	90	,	0	>
<2198	,	86	,	2	,	9	,	90	,	3	>
<2199	,	86	,	5	,	3	,	80	,	0	>
<2200	,	86	,	5	,	4	,	80	,	3	>
<2201	,	86	,	5	,	5	,	80	,	0	>
<2202	,	86	,	5	,	7	,	80	,	3	>
<2203	,	86	,	5	,	8	,	80	,	0	>
<2204	,	86	,	5	,	9	,	80	,	3	>
<2205	,	86	,	7	,	3	,	88	,	0	>
<2206	,	86	,	7	,	4	,	88	,	3	>
<2207	,	86	,	7	,	5	,	88	,	0	>
<2208	,	86	,	7	,	7	,	88	,	3	>
<2209	,	86	,	7	,	8	,	88	,	0	>
<2210	,	86	,	7	,	9	,	88	,	3	>
<2211	,	86	,	8	,	3	,	99	,	0	>
<2212	,	86	,	8	,	4	,	99	,	4	>
<2213	,	86	,	8	,	5	,	99	,	0	>
<2214	,	86	,	8	,	7	,	99	,	4	>
<2215	,	86	,	8	,	8	,	99	,	0	>
<2216	,	86	,	8	,	9	,	99	,	4	>
<2217	,	86	,	9	,	3	,	96	,	0	>
<2218	,	86	,	9	,	4	,	96	,	4	>
<2219	,	86	,	9	,	5	,	96	,	0	>
<2220	,	86	,	9	,	7	,	96	,	4	>
<2221	,	86	,	9	,	8	,	96	,	0	>
<2222	,	86	,	9	,	9	,	96	,	4	>
<2223	,	87	,	1	,	2	,	13	,	0	>
<2224	,	87	,	1	,	3	,	13	,	0	>
<2225	,	87	,	1	,	5	,	13	,	0	>
<2226	,	87	,	1	,	6	,	13	,	0	>
<2227	,	87	,	1	,	7	,	13	,	0	>
<2228	,	87	,	1	,	9	,	13	,	0	>
<2229	,	87	,	1	,	10	,	13	,	0	>
<2230	,	87	,	2	,	2	,	11	,	0	>
<2231	,	87	,	2	,	3	,	11	,	0	>
<2232	,	87	,	2	,	5	,	11	,	0	>
<2233	,	87	,	2	,	6	,	11	,	0	>
<2234	,	87	,	2	,	7	,	11	,	0	>
<2235	,	87	,	2	,	9	,	11	,	0	>
<2236	,	87	,	2	,	10	,	11	,	0	>
<2237	,	87	,	3	,	2	,	22	,	0	>
<2238	,	87	,	3	,	3	,	22	,	1	>
<2239	,	87	,	3	,	5	,	22	,	0	>
<2240	,	87	,	3	,	6	,	22	,	1	>
<2241	,	87	,	3	,	7	,	22	,	0	>
<2242	,	87	,	3	,	9	,	22	,	1	>
<2243	,	87	,	3	,	10	,	22	,	0	>
<2244	,	87	,	6	,	2	,	27	,	0	>
<2245	,	87	,	6	,	3	,	27	,	1	>
<2246	,	87	,	6	,	5	,	27	,	0	>
<2247	,	87	,	6	,	6	,	27	,	1	>
<2248	,	87	,	6	,	7	,	27	,	0	>
<2249	,	87	,	6	,	9	,	27	,	1	>
<2250	,	87	,	6	,	10	,	27	,	0	>
<2251	,	88	,	4	,	2	,	99	,	0	>
<2252	,	88	,	4	,	5	,	99	,	8	>
<2253	,	88	,	4	,	6	,	99	,	0	>
<2254	,	88	,	4	,	7	,	99	,	8	>
<2255	,	88	,	5	,	2	,	94	,	0	>
<2256	,	88	,	5	,	5	,	94	,	8	>
<2257	,	88	,	5	,	6	,	94	,	0	>
<2258	,	88	,	5	,	7	,	94	,	8	>
<2259	,	88	,	7	,	2	,	96	,	0	>
<2260	,	88	,	7	,	5	,	96	,	8	>
<2261	,	88	,	7	,	6	,	96	,	0	>
<2262	,	88	,	7	,	7	,	96	,	8	>
<2263	,	88	,	9	,	2	,	98	,	0	>
<2264	,	88	,	9	,	5	,	98	,	8	>
<2265	,	88	,	9	,	6	,	98	,	0	>
<2266	,	88	,	9	,	7	,	98	,	8	>
<2267	,	89	,	1	,	4	,	38	,	0	>
<2268	,	89	,	1	,	6	,	38	,	5	>
<2269	,	89	,	1	,	7	,	38	,	0	>
<2270	,	89	,	2	,	4	,	35	,	0	>
<2271	,	89	,	2	,	6	,	35	,	4	>
<2272	,	89	,	2	,	7	,	35	,	0	>
<2273	,	89	,	4	,	4	,	35	,	0	>
<2274	,	89	,	4	,	6	,	35	,	4	>
<2275	,	89	,	4	,	7	,	35	,	0	>
<2276	,	89	,	9	,	4	,	66	,	0	>
<2277	,	89	,	9	,	6	,	66	,	8	>
<2278	,	89	,	9	,	7	,	66	,	0	>
<2279	,	90	,	1	,	3	,	60	,	0	>
<2280	,	90	,	1	,	4	,	60	,	2	>
<2281	,	90	,	1	,	5	,	60	,	0	>
<2282	,	90	,	1	,	6	,	60	,	2	>
<2283	,	90	,	1	,	8	,	60	,	0	>
<2284	,	90	,	1	,	10	,	60	,	2	>
<2285	,	90	,	2	,	3	,	74	,	0	>
<2286	,	90	,	2	,	4	,	74	,	3	>
<2287	,	90	,	2	,	5	,	74	,	0	>
<2288	,	90	,	2	,	6	,	74	,	3	>
<2289	,	90	,	2	,	8	,	74	,	0	>
<2290	,	90	,	2	,	10	,	74	,	3	>
<2291	,	90	,	7	,	3	,	74	,	0	>
<2292	,	90	,	7	,	4	,	74	,	3	>
<2293	,	90	,	7	,	5	,	74	,	0	>
<2294	,	90	,	7	,	6	,	74	,	3	>
<2295	,	90	,	7	,	8	,	74	,	0	>
<2296	,	90	,	7	,	10	,	74	,	3	>
<2297	,	90	,	8	,	3	,	73	,	0	>
<2298	,	90	,	8	,	4	,	73	,	3	>
<2299	,	90	,	8	,	5	,	73	,	0	>
<2300	,	90	,	8	,	6	,	73	,	3	>
<2301	,	90	,	8	,	8	,	73	,	0	>
<2302	,	90	,	8	,	10	,	73	,	3	>
<2303	,	90	,	9	,	3	,	68	,	0	>
<2304	,	90	,	9	,	4	,	68	,	2	>
<2305	,	90	,	9	,	5	,	68	,	0	>
<2306	,	90	,	9	,	6	,	68	,	2	>
<2307	,	90	,	9	,	8	,	68	,	0	>
<2308	,	90	,	9	,	10	,	68	,	2	>
<2309	,	91	,	6	,	1	,	76	,	0	>
<2310	,	91	,	6	,	2	,	76	,	2	>
<2311	,	91	,	6	,	4	,	76	,	0	>
<2312	,	91	,	6	,	7	,	76	,	2	>
<2313	,	91	,	6	,	8	,	76	,	0	>
<2314	,	91	,	6	,	9	,	76	,	2	>
<2315	,	91	,	6	,	10	,	76	,	0	>
<2316	,	91	,	7	,	1	,	51	,	0	>
<2317	,	91	,	7	,	2	,	51	,	1	>
<2318	,	91	,	7	,	4	,	51	,	0	>
<2319	,	91	,	7	,	7	,	51	,	1	>
<2320	,	91	,	7	,	8	,	51	,	0	>
<2321	,	91	,	7	,	9	,	51	,	1	>
<2322	,	91	,	7	,	10	,	51	,	0	>
<2323	,	91	,	8	,	1	,	88	,	0	>
<2324	,	91	,	8	,	2	,	88	,	2	>
<2325	,	91	,	8	,	4	,	88	,	0	>
<2326	,	91	,	8	,	7	,	88	,	2	>
<2327	,	91	,	8	,	8	,	88	,	0	>
<2328	,	91	,	8	,	9	,	88	,	2	>
<2329	,	91	,	8	,	10	,	88	,	0	>
<2330	,	91	,	9	,	1	,	58	,	0	>
<2331	,	91	,	9	,	2	,	58	,	1	>
<2332	,	91	,	9	,	4	,	58	,	0	>
<2333	,	91	,	9	,	7	,	58	,	1	>
<2334	,	91	,	9	,	8	,	58	,	0	>
<2335	,	91	,	9	,	9	,	58	,	1	>
<2336	,	91	,	9	,	10	,	58	,	0	>
<2337	,	92	,	3	,	3	,	29	,	0	>
<2338	,	92	,	3	,	6	,	29	,	4	>
<2339	,	92	,	3	,	7	,	29	,	0	>
<2340	,	92	,	4	,	3	,	49	,	0	>
<2341	,	92	,	4	,	6	,	49	,	6	>
<2342	,	92	,	4	,	7	,	49	,	0	>
<2343	,	92	,	5	,	3	,	27	,	0	>
<2344	,	92	,	5	,	6	,	27	,	3	>
<2345	,	92	,	5	,	7	,	27	,	0	>
<2346	,	92	,	6	,	3	,	57	,	0	>
<2347	,	92	,	6	,	6	,	57	,	7	>
<2348	,	92	,	6	,	7	,	57	,	0	>
<2349	,	92	,	8	,	3	,	36	,	0	>
<2350	,	92	,	8	,	6	,	36	,	5	>
<2351	,	92	,	8	,	7	,	36	,	0	>
};
