// XtraLGS y resolución directa deDRfjs22   hecho_DRC_DAFJS22:  1810 modos mks719 en 18192s
// 26mar25 09:17 ¿?¿?
IS_ALOBRUTO=1;
// DAFJS22... pero DRC  hecho_DRC_DAFJS22_W8tricky2_12_8_3_12_6_2inst1_116ops7m8w12jobs.txt
//        Ntaks, nMachs, nWORKERs
Params =   <116,  7, 8>;

precedences ={
<	1	,	2	,	0	>,
<	2	,	7	,	0	>,
<	3	,	4	,	0	>,
<	4	,	7	,	0	>,
<	5	,	6	,	0	>,
<	6	,	7	,	0	>,
<	7	,	8	,	0	>,
<	8	,	9	,	0	>,
<	10	,	11	,	0	>,
<	11	,	14	,	0	>,
<	12	,	13	,	0	>,
<	13	,	14	,	0	>,
<	14	,	15	,	0	>,
<	15	,	16	,	0	>,
<	16	,	17	,	0	>,
<	17	,	18	,	0	>,
<	19	,	20	,	0	>,
<	20	,	21	,	0	>,
<	21	,	22	,	0	>,
<	22	,	23	,	0	>,
<	23	,	24	,	0	>,
<	24	,	27	,	0	>,
<	23	,	25	,	0	>,
<	25	,	27	,	0	>,
<	23	,	26	,	0	>,
<	26	,	27	,	0	>,
<	28	,	29	,	0	>,
<	29	,	30	,	0	>,
<	30	,	32	,	0	>,
<	29	,	31	,	0	>,
<	31	,	32	,	0	>,
<	33	,	34	,	0	>,
<	34	,	39	,	0	>,
<	35	,	36	,	0	>,
<	36	,	39	,	0	>,
<	37	,	38	,	0	>,
<	38	,	39	,	0	>,
<	39	,	40	,	0	>,
<	41	,	42	,	0	>,
<	42	,	43	,	0	>,
<	43	,	44	,	0	>,
<	44	,	45	,	0	>,
<	45	,	56	,	0	>,
<	46	,	47	,	0	>,
<	47	,	48	,	0	>,
<	48	,	49	,	0	>,
<	49	,	50	,	0	>,
<	50	,	56	,	0	>,
<	51	,	52	,	0	>,
<	52	,	53	,	0	>,
<	53	,	54	,	0	>,
<	54	,	55	,	0	>,
<	55	,	56	,	0	>,
<	56	,	57	,	0	>,
<	58	,	59	,	0	>,
<	59	,	60	,	0	>,
<	60	,	67	,	0	>,
<	61	,	62	,	0	>,
<	62	,	63	,	0	>,
<	63	,	67	,	0	>,
<	64	,	65	,	0	>,
<	65	,	66	,	0	>,
<	66	,	67	,	0	>,
<	68	,	71	,	0	>,
<	69	,	71	,	0	>,
<	70	,	71	,	0	>,
<	71	,	72	,	0	>,
<	72	,	73	,	0	>,
<	73	,	74	,	0	>,
<	75	,	76	,	0	>,
<	76	,	77	,	0	>,
<	77	,	78	,	0	>,
<	78	,	79	,	0	>,
<	79	,	80	,	0	>,
<	78	,	81	,	0	>,
<	81	,	82	,	0	>,
<	83	,	84	,	0	>,
<	84	,	85	,	0	>,
<	85	,	86	,	0	>,
<	86	,	87	,	0	>,
<	87	,	88	,	0	>,
<	88	,	89	,	0	>,
<	84	,	90	,	0	>,
<	90	,	91	,	0	>,
<	91	,	92	,	0	>,
<	92	,	93	,	0	>,
<	93	,	94	,	0	>,
<	84	,	95	,	0	>,
<	95	,	96	,	0	>,
<	96	,	97	,	0	>,
<	97	,	98	,	0	>,
<	98	,	99	,	0	>,
<	100	,	101	,	0	>,
<	101	,	102	,	0	>,
<	102	,	109	,	0	>,
<	103	,	104	,	0	>,
<	104	,	105	,	0	>,
<	105	,	109	,	0	>,
<	106	,	107	,	0	>,
<	107	,	108	,	0	>,
<	108	,	109	,	0	>,
<	109	,	110	,	0	>,
<	111	,	112	,	0	>,
<	112	,	115	,	0	>,
<	111	,	113	,	0	>,
<	113	,	115	,	0	>,
<	111	,	114	,	0	>,
<	114	,	115	,	0	>,
<	115	,	116	,	0	>
};


Modes = {
<0	,	1	,	2	,	1	,	67	,	0	>
<1	,	1	,	2	,	4	,	67	,	5	>
<2	,	1	,	2	,	5	,	67	,	0	>
<3	,	1	,	2	,	6	,	67	,	5	>
<4	,	1	,	2	,	7	,	67	,	0	>
<5	,	1	,	4	,	1	,	83	,	0	>
<6	,	1	,	4	,	4	,	83	,	6	>
<7	,	1	,	4	,	5	,	83	,	0	>
<8	,	1	,	4	,	6	,	83	,	6	>
<9	,	1	,	4	,	7	,	83	,	0	>
<10	,	1	,	6	,	1	,	95	,	0	>
<11	,	1	,	6	,	4	,	95	,	7	>
<12	,	1	,	6	,	5	,	95	,	0	>
<13	,	1	,	6	,	6	,	95	,	7	>
<14	,	1	,	6	,	7	,	95	,	0	>
<15	,	1	,	7	,	1	,	86	,	0	>
<16	,	1	,	7	,	4	,	86	,	6	>
<17	,	1	,	7	,	5	,	86	,	0	>
<18	,	1	,	7	,	6	,	86	,	6	>
<19	,	1	,	7	,	7	,	86	,	0	>
<20	,	2	,	2	,	3	,	11	,	0	>
<21	,	2	,	2	,	4	,	11	,	2	>
<22	,	2	,	2	,	6	,	11	,	0	>
<23	,	2	,	6	,	3	,	32	,	0	>
<24	,	2	,	6	,	4	,	32	,	6	>
<25	,	2	,	6	,	6	,	32	,	0	>
<26	,	2	,	7	,	3	,	13	,	0	>
<27	,	2	,	7	,	4	,	13	,	3	>
<28	,	2	,	7	,	6	,	13	,	0	>
<29	,	3	,	2	,	2	,	48	,	0	>
<30	,	3	,	2	,	4	,	48	,	10	>
<31	,	3	,	2	,	7	,	48	,	0	>
<32	,	3	,	4	,	2	,	69	,	0	>
<33	,	3	,	4	,	4	,	69	,	14	>
<34	,	3	,	4	,	7	,	69	,	0	>
<35	,	3	,	5	,	2	,	61	,	0	>
<36	,	3	,	5	,	4	,	61	,	12	>
<37	,	3	,	5	,	7	,	61	,	0	>
<38	,	3	,	6	,	2	,	63	,	0	>
<39	,	3	,	6	,	4	,	63	,	13	>
<40	,	3	,	6	,	7	,	63	,	0	>
<41	,	3	,	7	,	2	,	47	,	0	>
<42	,	3	,	7	,	4	,	47	,	9	>
<43	,	3	,	7	,	7	,	47	,	0	>
<44	,	4	,	1	,	4	,	64	,	0	>
<45	,	4	,	1	,	5	,	64	,	13	>
<46	,	4	,	1	,	7	,	64	,	0	>
<47	,	4	,	2	,	4	,	82	,	0	>
<48	,	4	,	2	,	5	,	82	,	16	>
<49	,	4	,	2	,	7	,	82	,	0	>
<50	,	4	,	4	,	4	,	65	,	0	>
<51	,	4	,	4	,	5	,	65	,	13	>
<52	,	4	,	4	,	7	,	65	,	0	>
<53	,	4	,	6	,	4	,	91	,	0	>
<54	,	4	,	6	,	5	,	91	,	18	>
<55	,	4	,	6	,	7	,	91	,	0	>
<56	,	4	,	7	,	4	,	66	,	0	>
<57	,	4	,	7	,	5	,	66	,	13	>
<58	,	4	,	7	,	7	,	66	,	0	>
<59	,	5	,	1	,	2	,	24	,	0	>
<60	,	5	,	1	,	5	,	24	,	5	>
<61	,	5	,	1	,	8	,	24	,	0	>
<62	,	5	,	2	,	2	,	27	,	0	>
<63	,	5	,	2	,	5	,	27	,	5	>
<64	,	5	,	2	,	8	,	27	,	0	>
<65	,	5	,	3	,	2	,	10	,	0	>
<66	,	5	,	3	,	5	,	10	,	2	>
<67	,	5	,	3	,	8	,	10	,	0	>
<68	,	5	,	6	,	2	,	12	,	0	>
<69	,	5	,	6	,	5	,	12	,	2	>
<70	,	5	,	6	,	8	,	12	,	0	>
<71	,	5	,	7	,	2	,	13	,	0	>
<72	,	5	,	7	,	5	,	13	,	3	>
<73	,	5	,	7	,	8	,	13	,	0	>
<74	,	6	,	1	,	2	,	36	,	0	>
<75	,	6	,	1	,	6	,	36	,	7	>
<76	,	6	,	1	,	8	,	36	,	0	>
<77	,	6	,	4	,	2	,	36	,	0	>
<78	,	6	,	4	,	6	,	36	,	7	>
<79	,	6	,	4	,	8	,	36	,	0	>
<80	,	6	,	5	,	2	,	24	,	0	>
<81	,	6	,	5	,	6	,	24	,	5	>
<82	,	6	,	5	,	8	,	24	,	0	>
<83	,	6	,	6	,	2	,	59	,	0	>
<84	,	6	,	6	,	6	,	59	,	12	>
<85	,	6	,	6	,	8	,	59	,	0	>
<86	,	6	,	7	,	2	,	20	,	0	>
<87	,	6	,	7	,	6	,	20	,	4	>
<88	,	6	,	7	,	8	,	20	,	0	>
<89	,	7	,	1	,	1	,	71	,	0	>
<90	,	7	,	1	,	2	,	71	,	5	>
<91	,	7	,	1	,	3	,	71	,	0	>
<92	,	7	,	1	,	5	,	71	,	5	>
<93	,	7	,	1	,	6	,	71	,	0	>
<94	,	7	,	3	,	1	,	72	,	0	>
<95	,	7	,	3	,	2	,	72	,	5	>
<96	,	7	,	3	,	3	,	72	,	0	>
<97	,	7	,	3	,	5	,	72	,	5	>
<98	,	7	,	3	,	6	,	72	,	0	>
<99	,	7	,	6	,	1	,	64	,	0	>
<100	,	7	,	6	,	2	,	64	,	5	>
<101	,	7	,	6	,	3	,	64	,	0	>
<102	,	7	,	6	,	5	,	64	,	5	>
<103	,	7	,	6	,	6	,	64	,	0	>
<104	,	7	,	7	,	1	,	64	,	0	>
<105	,	7	,	7	,	2	,	64	,	5	>
<106	,	7	,	7	,	3	,	64	,	0	>
<107	,	7	,	7	,	5	,	64	,	5	>
<108	,	7	,	7	,	6	,	64	,	0	>
<109	,	8	,	1	,	2	,	77	,	0	>
<110	,	8	,	1	,	5	,	77	,	9	>
<111	,	8	,	1	,	7	,	77	,	0	>
<112	,	8	,	1	,	8	,	77	,	9	>
<113	,	8	,	3	,	2	,	83	,	0	>
<114	,	8	,	3	,	5	,	83	,	10	>
<115	,	8	,	3	,	7	,	83	,	0	>
<116	,	8	,	3	,	8	,	83	,	10	>
<117	,	8	,	5	,	2	,	82	,	0	>
<118	,	8	,	5	,	5	,	82	,	10	>
<119	,	8	,	5	,	7	,	82	,	0	>
<120	,	8	,	5	,	8	,	82	,	10	>
<121	,	8	,	7	,	2	,	75	,	0	>
<122	,	8	,	7	,	5	,	75	,	9	>
<123	,	8	,	7	,	7	,	75	,	0	>
<124	,	8	,	7	,	8	,	75	,	9	>
<125	,	9	,	1	,	1	,	20	,	0	>
<126	,	9	,	1	,	2	,	20	,	1	>
<127	,	9	,	1	,	4	,	20	,	0	>
<128	,	9	,	1	,	7	,	20	,	1	>
<129	,	9	,	1	,	8	,	20	,	0	>
<130	,	9	,	4	,	1	,	14	,	0	>
<131	,	9	,	4	,	2	,	14	,	1	>
<132	,	9	,	4	,	4	,	14	,	0	>
<133	,	9	,	4	,	7	,	14	,	1	>
<134	,	9	,	4	,	8	,	14	,	0	>
<135	,	9	,	7	,	1	,	36	,	0	>
<136	,	9	,	7	,	2	,	36	,	3	>
<137	,	9	,	7	,	4	,	36	,	0	>
<138	,	9	,	7	,	7	,	36	,	3	>
<139	,	9	,	7	,	8	,	36	,	0	>
<140	,	10	,	1	,	2	,	95	,	0	>
<141	,	10	,	1	,	3	,	95	,	7	>
<142	,	10	,	1	,	4	,	95	,	0	>
<143	,	10	,	1	,	5	,	95	,	7	>
<144	,	10	,	1	,	8	,	95	,	0	>
<145	,	10	,	2	,	2	,	46	,	0	>
<146	,	10	,	2	,	3	,	46	,	3	>
<147	,	10	,	2	,	4	,	46	,	0	>
<148	,	10	,	2	,	5	,	46	,	3	>
<149	,	10	,	2	,	8	,	46	,	0	>
<150	,	10	,	3	,	2	,	97	,	0	>
<151	,	10	,	3	,	3	,	97	,	7	>
<152	,	10	,	3	,	4	,	97	,	0	>
<153	,	10	,	3	,	5	,	97	,	7	>
<154	,	10	,	3	,	8	,	97	,	0	>
<155	,	10	,	5	,	2	,	58	,	0	>
<156	,	10	,	5	,	3	,	58	,	4	>
<157	,	10	,	5	,	4	,	58	,	0	>
<158	,	10	,	5	,	5	,	58	,	4	>
<159	,	10	,	5	,	8	,	58	,	0	>
<160	,	11	,	1	,	1	,	9	,	0	>
<161	,	11	,	1	,	2	,	9	,	1	>
<162	,	11	,	1	,	3	,	9	,	0	>
<163	,	11	,	1	,	8	,	9	,	1	>
<164	,	11	,	2	,	1	,	8	,	0	>
<165	,	11	,	2	,	2	,	8	,	1	>
<166	,	11	,	2	,	3	,	8	,	0	>
<167	,	11	,	2	,	8	,	8	,	1	>
<168	,	11	,	3	,	1	,	5	,	0	>
<169	,	11	,	3	,	2	,	5	,	1	>
<170	,	11	,	3	,	3	,	5	,	0	>
<171	,	11	,	3	,	8	,	5	,	1	>
<172	,	11	,	4	,	1	,	5	,	0	>
<173	,	11	,	4	,	2	,	5	,	1	>
<174	,	11	,	4	,	3	,	5	,	0	>
<175	,	11	,	4	,	8	,	5	,	1	>
<176	,	11	,	6	,	1	,	15	,	0	>
<177	,	11	,	6	,	2	,	15	,	2	>
<178	,	11	,	6	,	3	,	15	,	0	>
<179	,	11	,	6	,	8	,	15	,	2	>
<180	,	12	,	2	,	2	,	99	,	0	>
<181	,	12	,	2	,	5	,	99	,	20	>
<182	,	12	,	2	,	6	,	99	,	0	>
<183	,	12	,	3	,	2	,	99	,	0	>
<184	,	12	,	3	,	5	,	99	,	20	>
<185	,	12	,	3	,	6	,	99	,	0	>
<186	,	12	,	7	,	2	,	99	,	0	>
<187	,	12	,	7	,	5	,	99	,	20	>
<188	,	12	,	7	,	6	,	99	,	0	>
<189	,	13	,	1	,	1	,	54	,	0	>
<190	,	13	,	1	,	2	,	54	,	4	>
<191	,	13	,	1	,	3	,	54	,	0	>
<192	,	13	,	1	,	5	,	54	,	4	>
<193	,	13	,	1	,	6	,	54	,	0	>
<194	,	13	,	2	,	1	,	99	,	0	>
<195	,	13	,	2	,	2	,	99	,	7	>
<196	,	13	,	2	,	3	,	99	,	0	>
<197	,	13	,	2	,	5	,	99	,	7	>
<198	,	13	,	2	,	6	,	99	,	0	>
<199	,	13	,	3	,	1	,	61	,	0	>
<200	,	13	,	3	,	2	,	61	,	4	>
<201	,	13	,	3	,	3	,	61	,	0	>
<202	,	13	,	3	,	5	,	61	,	4	>
<203	,	13	,	3	,	6	,	61	,	0	>
<204	,	13	,	4	,	1	,	99	,	0	>
<205	,	13	,	4	,	2	,	99	,	7	>
<206	,	13	,	4	,	3	,	99	,	0	>
<207	,	13	,	4	,	5	,	99	,	7	>
<208	,	13	,	4	,	6	,	99	,	0	>
<209	,	13	,	5	,	1	,	70	,	0	>
<210	,	13	,	5	,	2	,	70	,	5	>
<211	,	13	,	5	,	3	,	70	,	0	>
<212	,	13	,	5	,	5	,	70	,	5	>
<213	,	13	,	5	,	6	,	70	,	0	>
<214	,	14	,	1	,	1	,	61	,	0	>
<215	,	14	,	1	,	3	,	61	,	7	>
<216	,	14	,	1	,	4	,	61	,	0	>
<217	,	14	,	1	,	7	,	61	,	7	>
<218	,	14	,	3	,	1	,	83	,	0	>
<219	,	14	,	3	,	3	,	83	,	10	>
<220	,	14	,	3	,	4	,	83	,	0	>
<221	,	14	,	3	,	7	,	83	,	10	>
<222	,	14	,	5	,	1	,	82	,	0	>
<223	,	14	,	5	,	3	,	82	,	10	>
<224	,	14	,	5	,	4	,	82	,	0	>
<225	,	14	,	5	,	7	,	82	,	10	>
<226	,	14	,	6	,	1	,	76	,	0	>
<227	,	14	,	6	,	3	,	76	,	9	>
<228	,	14	,	6	,	4	,	76	,	0	>
<229	,	14	,	6	,	7	,	76	,	9	>
<230	,	15	,	1	,	1	,	16	,	0	>
<231	,	15	,	1	,	3	,	16	,	1	>
<232	,	15	,	1	,	5	,	16	,	0	>
<233	,	15	,	1	,	6	,	16	,	1	>
<234	,	15	,	1	,	7	,	16	,	0	>
<235	,	15	,	2	,	1	,	48	,	0	>
<236	,	15	,	2	,	3	,	48	,	3	>
<237	,	15	,	2	,	5	,	48	,	0	>
<238	,	15	,	2	,	6	,	48	,	3	>
<239	,	15	,	2	,	7	,	48	,	0	>
<240	,	15	,	3	,	1	,	36	,	0	>
<241	,	15	,	3	,	3	,	36	,	3	>
<242	,	15	,	3	,	5	,	36	,	0	>
<243	,	15	,	3	,	6	,	36	,	3	>
<244	,	15	,	3	,	7	,	36	,	0	>
<245	,	15	,	7	,	1	,	44	,	0	>
<246	,	15	,	7	,	3	,	44	,	3	>
<247	,	15	,	7	,	5	,	44	,	0	>
<248	,	15	,	7	,	6	,	44	,	3	>
<249	,	15	,	7	,	7	,	44	,	0	>
<250	,	16	,	1	,	1	,	97	,	0	>
<251	,	16	,	1	,	3	,	97	,	12	>
<252	,	16	,	1	,	4	,	97	,	0	>
<253	,	16	,	1	,	6	,	97	,	12	>
<254	,	16	,	2	,	1	,	89	,	0	>
<255	,	16	,	2	,	3	,	89	,	11	>
<256	,	16	,	2	,	4	,	89	,	0	>
<257	,	16	,	2	,	6	,	89	,	11	>
<258	,	16	,	5	,	1	,	99	,	0	>
<259	,	16	,	5	,	3	,	99	,	12	>
<260	,	16	,	5	,	4	,	99	,	0	>
<261	,	16	,	5	,	6	,	99	,	12	>
<262	,	16	,	7	,	1	,	89	,	0	>
<263	,	16	,	7	,	3	,	89	,	11	>
<264	,	16	,	7	,	4	,	89	,	0	>
<265	,	16	,	7	,	6	,	89	,	11	>
<266	,	17	,	1	,	1	,	42	,	0	>
<267	,	17	,	1	,	2	,	42	,	3	>
<268	,	17	,	1	,	3	,	42	,	0	>
<269	,	17	,	1	,	5	,	42	,	3	>
<270	,	17	,	1	,	6	,	42	,	0	>
<271	,	17	,	4	,	1	,	82	,	0	>
<272	,	17	,	4	,	2	,	82	,	6	>
<273	,	17	,	4	,	3	,	82	,	0	>
<274	,	17	,	4	,	5	,	82	,	6	>
<275	,	17	,	4	,	6	,	82	,	0	>
<276	,	17	,	5	,	1	,	85	,	0	>
<277	,	17	,	5	,	2	,	85	,	6	>
<278	,	17	,	5	,	3	,	85	,	0	>
<279	,	17	,	5	,	5	,	85	,	6	>
<280	,	17	,	5	,	6	,	85	,	0	>
<281	,	17	,	6	,	1	,	52	,	0	>
<282	,	17	,	6	,	2	,	52	,	4	>
<283	,	17	,	6	,	3	,	52	,	0	>
<284	,	17	,	6	,	5	,	52	,	4	>
<285	,	17	,	6	,	6	,	52	,	0	>
<286	,	18	,	1	,	1	,	83	,	0	>
<287	,	18	,	1	,	2	,	83	,	6	>
<288	,	18	,	1	,	3	,	83	,	0	>
<289	,	18	,	1	,	7	,	83	,	6	>
<290	,	18	,	1	,	8	,	83	,	0	>
<291	,	18	,	4	,	1	,	56	,	0	>
<292	,	18	,	4	,	2	,	56	,	4	>
<293	,	18	,	4	,	3	,	56	,	0	>
<294	,	18	,	4	,	7	,	56	,	4	>
<295	,	18	,	4	,	8	,	56	,	0	>
<296	,	18	,	5	,	1	,	51	,	0	>
<297	,	18	,	5	,	2	,	51	,	4	>
<298	,	18	,	5	,	3	,	51	,	0	>
<299	,	18	,	5	,	7	,	51	,	4	>
<300	,	18	,	5	,	8	,	51	,	0	>
<301	,	18	,	7	,	1	,	62	,	0	>
<302	,	18	,	7	,	2	,	62	,	4	>
<303	,	18	,	7	,	3	,	62	,	0	>
<304	,	18	,	7	,	7	,	62	,	4	>
<305	,	18	,	7	,	8	,	62	,	0	>
<306	,	19	,	1	,	1	,	17	,	0	>
<307	,	19	,	1	,	2	,	17	,	2	>
<308	,	19	,	1	,	3	,	17	,	0	>
<309	,	19	,	1	,	5	,	17	,	2	>
<310	,	19	,	2	,	1	,	19	,	0	>
<311	,	19	,	2	,	2	,	19	,	2	>
<312	,	19	,	2	,	3	,	19	,	0	>
<313	,	19	,	2	,	5	,	19	,	2	>
<314	,	19	,	7	,	1	,	49	,	0	>
<315	,	19	,	7	,	2	,	49	,	6	>
<316	,	19	,	7	,	3	,	49	,	0	>
<317	,	19	,	7	,	5	,	49	,	6	>
<318	,	20	,	1	,	4	,	46	,	0	>
<319	,	20	,	1	,	7	,	46	,	9	>
<320	,	20	,	1	,	8	,	46	,	0	>
<321	,	20	,	2	,	4	,	89	,	0	>
<322	,	20	,	2	,	7	,	89	,	18	>
<323	,	20	,	2	,	8	,	89	,	0	>
<324	,	20	,	5	,	4	,	93	,	0	>
<325	,	20	,	5	,	7	,	93	,	19	>
<326	,	20	,	5	,	8	,	93	,	0	>
<327	,	20	,	6	,	4	,	80	,	0	>
<328	,	20	,	6	,	7	,	80	,	16	>
<329	,	20	,	6	,	8	,	80	,	0	>
<330	,	20	,	7	,	4	,	46	,	0	>
<331	,	20	,	7	,	7	,	46	,	9	>
<332	,	20	,	7	,	8	,	46	,	0	>
<333	,	21	,	1	,	4	,	95	,	0	>
<334	,	21	,	1	,	7	,	95	,	19	>
<335	,	21	,	1	,	8	,	95	,	0	>
<336	,	21	,	5	,	4	,	85	,	0	>
<337	,	21	,	5	,	7	,	85	,	17	>
<338	,	21	,	5	,	8	,	85	,	0	>
<339	,	21	,	6	,	4	,	76	,	0	>
<340	,	21	,	6	,	7	,	76	,	15	>
<341	,	21	,	6	,	8	,	76	,	0	>
<342	,	21	,	7	,	4	,	91	,	0	>
<343	,	21	,	7	,	7	,	91	,	18	>
<344	,	21	,	7	,	8	,	91	,	0	>
<345	,	22	,	4	,	3	,	95	,	0	>
<346	,	22	,	4	,	4	,	95	,	11	>
<347	,	22	,	4	,	7	,	95	,	0	>
<348	,	22	,	4	,	8	,	95	,	11	>
<349	,	22	,	5	,	3	,	91	,	0	>
<350	,	22	,	5	,	4	,	91	,	11	>
<351	,	22	,	5	,	7	,	91	,	0	>
<352	,	22	,	5	,	8	,	91	,	11	>
<353	,	22	,	6	,	3	,	65	,	0	>
<354	,	22	,	6	,	4	,	65	,	8	>
<355	,	22	,	6	,	7	,	65	,	0	>
<356	,	22	,	6	,	8	,	65	,	8	>
<357	,	23	,	2	,	3	,	93	,	0	>
<358	,	23	,	2	,	4	,	93	,	11	>
<359	,	23	,	2	,	6	,	93	,	0	>
<360	,	23	,	2	,	7	,	93	,	11	>
<361	,	23	,	5	,	3	,	92	,	0	>
<362	,	23	,	5	,	4	,	92	,	11	>
<363	,	23	,	5	,	6	,	92	,	0	>
<364	,	23	,	5	,	7	,	92	,	11	>
<365	,	23	,	7	,	3	,	83	,	0	>
<366	,	23	,	7	,	4	,	83	,	10	>
<367	,	23	,	7	,	6	,	83	,	0	>
<368	,	23	,	7	,	7	,	83	,	10	>
<369	,	24	,	1	,	2	,	34	,	0	>
<370	,	24	,	1	,	4	,	34	,	7	>
<371	,	24	,	1	,	7	,	34	,	0	>
<372	,	24	,	2	,	2	,	25	,	0	>
<373	,	24	,	2	,	4	,	25	,	5	>
<374	,	24	,	2	,	7	,	25	,	0	>
<375	,	24	,	6	,	2	,	57	,	0	>
<376	,	24	,	6	,	4	,	57	,	11	>
<377	,	24	,	6	,	7	,	57	,	0	>
<378	,	25	,	2	,	1	,	86	,	0	>
<379	,	25	,	2	,	2	,	86	,	6	>
<380	,	25	,	2	,	5	,	86	,	0	>
<381	,	25	,	2	,	6	,	86	,	6	>
<382	,	25	,	2	,	8	,	86	,	0	>
<383	,	25	,	3	,	1	,	90	,	0	>
<384	,	25	,	3	,	2	,	90	,	6	>
<385	,	25	,	3	,	5	,	90	,	0	>
<386	,	25	,	3	,	6	,	90	,	6	>
<387	,	25	,	3	,	8	,	90	,	0	>
<388	,	25	,	6	,	1	,	93	,	0	>
<389	,	25	,	6	,	2	,	93	,	7	>
<390	,	25	,	6	,	5	,	93	,	0	>
<391	,	25	,	6	,	6	,	93	,	7	>
<392	,	25	,	6	,	8	,	93	,	0	>
<393	,	26	,	1	,	1	,	98	,	0	>
<394	,	26	,	1	,	3	,	98	,	7	>
<395	,	26	,	1	,	5	,	98	,	0	>
<396	,	26	,	1	,	7	,	98	,	7	>
<397	,	26	,	1	,	8	,	98	,	0	>
<398	,	26	,	2	,	1	,	98	,	0	>
<399	,	26	,	2	,	3	,	98	,	7	>
<400	,	26	,	2	,	5	,	98	,	0	>
<401	,	26	,	2	,	7	,	98	,	7	>
<402	,	26	,	2	,	8	,	98	,	0	>
<403	,	26	,	3	,	1	,	99	,	0	>
<404	,	26	,	3	,	3	,	99	,	7	>
<405	,	26	,	3	,	5	,	99	,	0	>
<406	,	26	,	3	,	7	,	99	,	7	>
<407	,	26	,	3	,	8	,	99	,	0	>
<408	,	26	,	6	,	1	,	98	,	0	>
<409	,	26	,	6	,	3	,	98	,	7	>
<410	,	26	,	6	,	5	,	98	,	0	>
<411	,	26	,	6	,	7	,	98	,	7	>
<412	,	26	,	6	,	8	,	98	,	0	>
<413	,	26	,	7	,	1	,	98	,	0	>
<414	,	26	,	7	,	3	,	98	,	7	>
<415	,	26	,	7	,	5	,	98	,	0	>
<416	,	26	,	7	,	7	,	98	,	7	>
<417	,	26	,	7	,	8	,	98	,	0	>
<418	,	27	,	1	,	1	,	99	,	0	>
<419	,	27	,	1	,	3	,	99	,	7	>
<420	,	27	,	1	,	5	,	99	,	0	>
<421	,	27	,	1	,	6	,	99	,	7	>
<422	,	27	,	1	,	8	,	99	,	0	>
<423	,	27	,	3	,	1	,	84	,	0	>
<424	,	27	,	3	,	3	,	84	,	6	>
<425	,	27	,	3	,	5	,	84	,	0	>
<426	,	27	,	3	,	6	,	84	,	6	>
<427	,	27	,	3	,	8	,	84	,	0	>
<428	,	27	,	7	,	1	,	79	,	0	>
<429	,	27	,	7	,	3	,	79	,	6	>
<430	,	27	,	7	,	5	,	79	,	0	>
<431	,	27	,	7	,	6	,	79	,	6	>
<432	,	27	,	7	,	8	,	79	,	0	>
<433	,	28	,	1	,	2	,	95	,	0	>
<434	,	28	,	1	,	3	,	95	,	11	>
<435	,	28	,	1	,	4	,	95	,	0	>
<436	,	28	,	1	,	6	,	95	,	11	>
<437	,	28	,	3	,	2	,	96	,	0	>
<438	,	28	,	3	,	3	,	96	,	12	>
<439	,	28	,	3	,	4	,	96	,	0	>
<440	,	28	,	3	,	6	,	96	,	12	>
<441	,	28	,	4	,	2	,	93	,	0	>
<442	,	28	,	4	,	3	,	93	,	11	>
<443	,	28	,	4	,	4	,	93	,	0	>
<444	,	28	,	4	,	6	,	93	,	11	>
<445	,	28	,	7	,	2	,	69	,	0	>
<446	,	28	,	7	,	3	,	69	,	8	>
<447	,	28	,	7	,	4	,	69	,	0	>
<448	,	28	,	7	,	6	,	69	,	8	>
<449	,	29	,	1	,	1	,	86	,	0	>
<450	,	29	,	1	,	3	,	86	,	10	>
<451	,	29	,	1	,	6	,	86	,	0	>
<452	,	29	,	1	,	7	,	86	,	10	>
<453	,	29	,	2	,	1	,	86	,	0	>
<454	,	29	,	2	,	3	,	86	,	10	>
<455	,	29	,	2	,	6	,	86	,	0	>
<456	,	29	,	2	,	7	,	86	,	10	>
<457	,	29	,	5	,	1	,	93	,	0	>
<458	,	29	,	5	,	3	,	93	,	11	>
<459	,	29	,	5	,	6	,	93	,	0	>
<460	,	29	,	5	,	7	,	93	,	11	>
<461	,	29	,	6	,	1	,	40	,	0	>
<462	,	29	,	6	,	3	,	40	,	5	>
<463	,	29	,	6	,	6	,	40	,	0	>
<464	,	29	,	6	,	7	,	40	,	5	>
<465	,	30	,	5	,	1	,	68	,	0	>
<466	,	30	,	5	,	2	,	68	,	8	>
<467	,	30	,	5	,	4	,	68	,	0	>
<468	,	30	,	5	,	5	,	68	,	8	>
<469	,	30	,	6	,	1	,	78	,	0	>
<470	,	30	,	6	,	2	,	78	,	9	>
<471	,	30	,	6	,	4	,	78	,	0	>
<472	,	30	,	6	,	5	,	78	,	9	>
<473	,	30	,	7	,	1	,	76	,	0	>
<474	,	30	,	7	,	2	,	76	,	9	>
<475	,	30	,	7	,	4	,	76	,	0	>
<476	,	30	,	7	,	5	,	76	,	9	>
<477	,	31	,	2	,	2	,	54	,	0	>
<478	,	31	,	2	,	5	,	54	,	11	>
<479	,	31	,	2	,	8	,	54	,	0	>
<480	,	31	,	6	,	2	,	44	,	0	>
<481	,	31	,	6	,	5	,	44	,	9	>
<482	,	31	,	6	,	8	,	44	,	0	>
<483	,	31	,	7	,	2	,	53	,	0	>
<484	,	31	,	7	,	5	,	53	,	11	>
<485	,	31	,	7	,	8	,	53	,	0	>
<486	,	32	,	1	,	2	,	97	,	0	>
<487	,	32	,	1	,	3	,	97	,	19	>
<488	,	32	,	1	,	4	,	97	,	0	>
<489	,	32	,	3	,	2	,	63	,	0	>
<490	,	32	,	3	,	3	,	63	,	13	>
<491	,	32	,	3	,	4	,	63	,	0	>
<492	,	32	,	4	,	2	,	65	,	0	>
<493	,	32	,	4	,	3	,	65	,	13	>
<494	,	32	,	4	,	4	,	65	,	0	>
<495	,	32	,	5	,	2	,	84	,	0	>
<496	,	32	,	5	,	3	,	84	,	17	>
<497	,	32	,	5	,	4	,	84	,	0	>
<498	,	32	,	7	,	2	,	81	,	0	>
<499	,	32	,	7	,	3	,	81	,	16	>
<500	,	32	,	7	,	4	,	81	,	0	>
<501	,	33	,	1	,	1	,	35	,	0	>
<502	,	33	,	1	,	3	,	35	,	3	>
<503	,	33	,	1	,	4	,	35	,	0	>
<504	,	33	,	1	,	6	,	35	,	3	>
<505	,	33	,	1	,	7	,	35	,	0	>
<506	,	33	,	2	,	1	,	17	,	0	>
<507	,	33	,	2	,	3	,	17	,	1	>
<508	,	33	,	2	,	4	,	17	,	0	>
<509	,	33	,	2	,	6	,	17	,	1	>
<510	,	33	,	2	,	7	,	17	,	0	>
<511	,	33	,	3	,	1	,	35	,	0	>
<512	,	33	,	3	,	3	,	35	,	3	>
<513	,	33	,	3	,	4	,	35	,	0	>
<514	,	33	,	3	,	6	,	35	,	3	>
<515	,	33	,	3	,	7	,	35	,	0	>
<516	,	33	,	5	,	1	,	15	,	0	>
<517	,	33	,	5	,	3	,	15	,	1	>
<518	,	33	,	5	,	4	,	15	,	0	>
<519	,	33	,	5	,	6	,	15	,	1	>
<520	,	33	,	5	,	7	,	15	,	0	>
<521	,	33	,	6	,	1	,	36	,	0	>
<522	,	33	,	6	,	3	,	36	,	3	>
<523	,	33	,	6	,	4	,	36	,	0	>
<524	,	33	,	6	,	6	,	36	,	3	>
<525	,	33	,	6	,	7	,	36	,	0	>
<526	,	34	,	5	,	1	,	68	,	0	>
<527	,	34	,	5	,	2	,	68	,	5	>
<528	,	34	,	5	,	4	,	68	,	0	>
<529	,	34	,	5	,	6	,	68	,	5	>
<530	,	34	,	5	,	7	,	68	,	0	>
<531	,	34	,	6	,	1	,	27	,	0	>
<532	,	34	,	6	,	2	,	27	,	2	>
<533	,	34	,	6	,	4	,	27	,	0	>
<534	,	34	,	6	,	6	,	27	,	2	>
<535	,	34	,	6	,	7	,	27	,	0	>
<536	,	34	,	7	,	1	,	24	,	0	>
<537	,	34	,	7	,	2	,	24	,	2	>
<538	,	34	,	7	,	4	,	24	,	0	>
<539	,	34	,	7	,	6	,	24	,	2	>
<540	,	34	,	7	,	7	,	24	,	0	>
<541	,	35	,	1	,	1	,	22	,	0	>
<542	,	35	,	1	,	3	,	22	,	4	>
<543	,	35	,	1	,	4	,	22	,	0	>
<544	,	35	,	3	,	1	,	22	,	0	>
<545	,	35	,	3	,	3	,	22	,	4	>
<546	,	35	,	3	,	4	,	22	,	0	>
<547	,	35	,	4	,	1	,	40	,	0	>
<548	,	35	,	4	,	3	,	40	,	8	>
<549	,	35	,	4	,	4	,	40	,	0	>
<550	,	35	,	5	,	1	,	46	,	0	>
<551	,	35	,	5	,	3	,	46	,	9	>
<552	,	35	,	5	,	4	,	46	,	0	>
<553	,	35	,	6	,	1	,	25	,	0	>
<554	,	35	,	6	,	3	,	25	,	5	>
<555	,	35	,	6	,	4	,	25	,	0	>
<556	,	36	,	3	,	1	,	19	,	0	>
<557	,	36	,	3	,	3	,	19	,	2	>
<558	,	36	,	3	,	7	,	19	,	0	>
<559	,	36	,	3	,	8	,	19	,	2	>
<560	,	36	,	6	,	1	,	42	,	0	>
<561	,	36	,	6	,	3	,	42	,	5	>
<562	,	36	,	6	,	7	,	42	,	0	>
<563	,	36	,	6	,	8	,	42	,	5	>
<564	,	36	,	7	,	1	,	54	,	0	>
<565	,	36	,	7	,	3	,	54	,	6	>
<566	,	36	,	7	,	7	,	54	,	0	>
<567	,	36	,	7	,	8	,	54	,	6	>
<568	,	37	,	4	,	2	,	34	,	0	>
<569	,	37	,	4	,	4	,	34	,	4	>
<570	,	37	,	4	,	6	,	34	,	0	>
<571	,	37	,	4	,	7	,	34	,	4	>
<572	,	37	,	6	,	2	,	21	,	0	>
<573	,	37	,	6	,	4	,	21	,	3	>
<574	,	37	,	6	,	6	,	21	,	0	>
<575	,	37	,	6	,	7	,	21	,	3	>
<576	,	37	,	7	,	2	,	15	,	0	>
<577	,	37	,	7	,	4	,	15	,	2	>
<578	,	37	,	7	,	6	,	15	,	0	>
<579	,	37	,	7	,	7	,	15	,	2	>
<580	,	38	,	1	,	1	,	17	,	0	>
<581	,	38	,	1	,	4	,	17	,	1	>
<582	,	38	,	1	,	5	,	17	,	0	>
<583	,	38	,	1	,	6	,	17	,	1	>
<584	,	38	,	1	,	8	,	17	,	0	>
<585	,	38	,	3	,	1	,	6	,	0	>
<586	,	38	,	3	,	4	,	6	,	0	>
<587	,	38	,	3	,	5	,	6	,	0	>
<588	,	38	,	3	,	6	,	6	,	0	>
<589	,	38	,	3	,	8	,	6	,	0	>
<590	,	38	,	4	,	1	,	11	,	0	>
<591	,	38	,	4	,	4	,	11	,	1	>
<592	,	38	,	4	,	5	,	11	,	0	>
<593	,	38	,	4	,	6	,	11	,	1	>
<594	,	38	,	4	,	8	,	11	,	0	>
<595	,	39	,	1	,	1	,	5	,	0	>
<596	,	39	,	1	,	2	,	5	,	1	>
<597	,	39	,	1	,	5	,	5	,	0	>
<598	,	39	,	1	,	8	,	5	,	1	>
<599	,	39	,	2	,	1	,	4	,	0	>
<600	,	39	,	2	,	2	,	4	,	0	>
<601	,	39	,	2	,	5	,	4	,	0	>
<602	,	39	,	2	,	8	,	4	,	0	>
<603	,	39	,	4	,	1	,	5	,	0	>
<604	,	39	,	4	,	2	,	5	,	1	>
<605	,	39	,	4	,	5	,	5	,	0	>
<606	,	39	,	4	,	8	,	5	,	1	>
<607	,	39	,	5	,	1	,	3	,	0	>
<608	,	39	,	5	,	2	,	3	,	0	>
<609	,	39	,	5	,	5	,	3	,	0	>
<610	,	39	,	5	,	8	,	3	,	0	>
<611	,	39	,	7	,	1	,	4	,	0	>
<612	,	39	,	7	,	2	,	4	,	0	>
<613	,	39	,	7	,	5	,	4	,	0	>
<614	,	39	,	7	,	8	,	4	,	0	>
<615	,	40	,	1	,	2	,	76	,	0	>
<616	,	40	,	1	,	3	,	76	,	5	>
<617	,	40	,	1	,	4	,	76	,	0	>
<618	,	40	,	1	,	5	,	76	,	5	>
<619	,	40	,	1	,	6	,	76	,	0	>
<620	,	40	,	2	,	2	,	56	,	0	>
<621	,	40	,	2	,	3	,	56	,	4	>
<622	,	40	,	2	,	4	,	56	,	0	>
<623	,	40	,	2	,	5	,	56	,	4	>
<624	,	40	,	2	,	6	,	56	,	0	>
<625	,	40	,	3	,	2	,	54	,	0	>
<626	,	40	,	3	,	3	,	54	,	4	>
<627	,	40	,	3	,	4	,	54	,	0	>
<628	,	40	,	3	,	5	,	54	,	4	>
<629	,	40	,	3	,	6	,	54	,	0	>
<630	,	40	,	5	,	2	,	36	,	0	>
<631	,	40	,	5	,	3	,	36	,	3	>
<632	,	40	,	5	,	4	,	36	,	0	>
<633	,	40	,	5	,	5	,	36	,	3	>
<634	,	40	,	5	,	6	,	36	,	0	>
<635	,	41	,	1	,	1	,	11	,	0	>
<636	,	41	,	1	,	2	,	11	,	1	>
<637	,	41	,	1	,	3	,	11	,	0	>
<638	,	41	,	1	,	4	,	11	,	1	>
<639	,	41	,	1	,	8	,	11	,	0	>
<640	,	41	,	2	,	1	,	28	,	0	>
<641	,	41	,	2	,	2	,	28	,	2	>
<642	,	41	,	2	,	3	,	28	,	0	>
<643	,	41	,	2	,	4	,	28	,	2	>
<644	,	41	,	2	,	8	,	28	,	0	>
<645	,	41	,	3	,	1	,	22	,	0	>
<646	,	41	,	3	,	2	,	22	,	2	>
<647	,	41	,	3	,	3	,	22	,	0	>
<648	,	41	,	3	,	4	,	22	,	2	>
<649	,	41	,	3	,	8	,	22	,	0	>
<650	,	41	,	4	,	1	,	20	,	0	>
<651	,	41	,	4	,	2	,	20	,	1	>
<652	,	41	,	4	,	3	,	20	,	0	>
<653	,	41	,	4	,	4	,	20	,	1	>
<654	,	41	,	4	,	8	,	20	,	0	>
<655	,	41	,	7	,	1	,	28	,	0	>
<656	,	41	,	7	,	2	,	28	,	2	>
<657	,	41	,	7	,	3	,	28	,	0	>
<658	,	41	,	7	,	4	,	28	,	2	>
<659	,	41	,	7	,	8	,	28	,	0	>
<660	,	42	,	1	,	1	,	81	,	0	>
<661	,	42	,	1	,	3	,	81	,	10	>
<662	,	42	,	1	,	4	,	81	,	0	>
<663	,	42	,	1	,	5	,	81	,	10	>
<664	,	42	,	4	,	1	,	98	,	0	>
<665	,	42	,	4	,	3	,	98	,	12	>
<666	,	42	,	4	,	4	,	98	,	0	>
<667	,	42	,	4	,	5	,	98	,	12	>
<668	,	42	,	6	,	1	,	69	,	0	>
<669	,	42	,	6	,	3	,	69	,	8	>
<670	,	42	,	6	,	4	,	69	,	0	>
<671	,	42	,	6	,	5	,	69	,	8	>
<672	,	43	,	1	,	2	,	20	,	0	>
<673	,	43	,	1	,	5	,	20	,	1	>
<674	,	43	,	1	,	6	,	20	,	0	>
<675	,	43	,	1	,	7	,	20	,	1	>
<676	,	43	,	1	,	8	,	20	,	0	>
<677	,	43	,	2	,	2	,	17	,	0	>
<678	,	43	,	2	,	5	,	17	,	1	>
<679	,	43	,	2	,	6	,	17	,	0	>
<680	,	43	,	2	,	7	,	17	,	1	>
<681	,	43	,	2	,	8	,	17	,	0	>
<682	,	43	,	5	,	2	,	17	,	0	>
<683	,	43	,	5	,	5	,	17	,	1	>
<684	,	43	,	5	,	6	,	17	,	0	>
<685	,	43	,	5	,	7	,	17	,	1	>
<686	,	43	,	5	,	8	,	17	,	0	>
<687	,	43	,	6	,	2	,	8	,	0	>
<688	,	43	,	6	,	5	,	8	,	1	>
<689	,	43	,	6	,	6	,	8	,	0	>
<690	,	43	,	6	,	7	,	8	,	1	>
<691	,	43	,	6	,	8	,	8	,	0	>
<692	,	44	,	1	,	3	,	3	,	0	>
<693	,	44	,	1	,	4	,	3	,	0	>
<694	,	44	,	1	,	5	,	3	,	0	>
<695	,	44	,	1	,	6	,	3	,	0	>
<696	,	44	,	1	,	7	,	3	,	0	>
<697	,	44	,	3	,	3	,	3	,	0	>
<698	,	44	,	3	,	4	,	3	,	0	>
<699	,	44	,	3	,	5	,	3	,	0	>
<700	,	44	,	3	,	6	,	3	,	0	>
<701	,	44	,	3	,	7	,	3	,	0	>
<702	,	44	,	6	,	3	,	1	,	0	>
<703	,	44	,	6	,	4	,	1	,	0	>
<704	,	44	,	6	,	5	,	1	,	0	>
<705	,	44	,	6	,	6	,	1	,	0	>
<706	,	44	,	6	,	7	,	1	,	0	>
<707	,	45	,	2	,	1	,	43	,	0	>
<708	,	45	,	2	,	2	,	43	,	3	>
<709	,	45	,	2	,	4	,	43	,	0	>
<710	,	45	,	2	,	5	,	43	,	3	>
<711	,	45	,	2	,	8	,	43	,	0	>
<712	,	45	,	3	,	1	,	46	,	0	>
<713	,	45	,	3	,	2	,	46	,	3	>
<714	,	45	,	3	,	4	,	46	,	0	>
<715	,	45	,	3	,	5	,	46	,	3	>
<716	,	45	,	3	,	8	,	46	,	0	>
<717	,	45	,	4	,	1	,	40	,	0	>
<718	,	45	,	4	,	2	,	40	,	3	>
<719	,	45	,	4	,	4	,	40	,	0	>
<720	,	45	,	4	,	5	,	40	,	3	>
<721	,	45	,	4	,	8	,	40	,	0	>
<722	,	45	,	6	,	1	,	77	,	0	>
<723	,	45	,	6	,	2	,	77	,	6	>
<724	,	45	,	6	,	4	,	77	,	0	>
<725	,	45	,	6	,	5	,	77	,	6	>
<726	,	45	,	6	,	8	,	77	,	0	>
<727	,	46	,	1	,	1	,	53	,	0	>
<728	,	46	,	1	,	2	,	53	,	4	>
<729	,	46	,	1	,	5	,	53	,	0	>
<730	,	46	,	1	,	6	,	53	,	4	>
<731	,	46	,	1	,	7	,	53	,	0	>
<732	,	46	,	4	,	1	,	70	,	0	>
<733	,	46	,	4	,	2	,	70	,	5	>
<734	,	46	,	4	,	5	,	70	,	0	>
<735	,	46	,	4	,	6	,	70	,	5	>
<736	,	46	,	4	,	7	,	70	,	0	>
<737	,	46	,	6	,	1	,	48	,	0	>
<738	,	46	,	6	,	2	,	48	,	3	>
<739	,	46	,	6	,	5	,	48	,	0	>
<740	,	46	,	6	,	6	,	48	,	3	>
<741	,	46	,	6	,	7	,	48	,	0	>
<742	,	46	,	7	,	1	,	90	,	0	>
<743	,	46	,	7	,	2	,	90	,	6	>
<744	,	46	,	7	,	5	,	90	,	0	>
<745	,	46	,	7	,	6	,	90	,	6	>
<746	,	46	,	7	,	7	,	90	,	0	>
<747	,	47	,	1	,	2	,	6	,	0	>
<748	,	47	,	1	,	6	,	6	,	1	>
<749	,	47	,	1	,	8	,	6	,	0	>
<750	,	47	,	5	,	2	,	5	,	0	>
<751	,	47	,	5	,	6	,	5	,	1	>
<752	,	47	,	5	,	8	,	5	,	0	>
<753	,	47	,	7	,	2	,	2	,	0	>
<754	,	47	,	7	,	6	,	2	,	0	>
<755	,	47	,	7	,	8	,	2	,	0	>
<756	,	48	,	1	,	2	,	65	,	0	>
<757	,	48	,	1	,	3	,	65	,	13	>
<758	,	48	,	1	,	4	,	65	,	0	>
<759	,	48	,	2	,	2	,	33	,	0	>
<760	,	48	,	2	,	3	,	33	,	7	>
<761	,	48	,	2	,	4	,	33	,	0	>
<762	,	48	,	3	,	2	,	51	,	0	>
<763	,	48	,	3	,	3	,	51	,	10	>
<764	,	48	,	3	,	4	,	51	,	0	>
<765	,	48	,	5	,	2	,	27	,	0	>
<766	,	48	,	5	,	3	,	27	,	5	>
<767	,	48	,	5	,	4	,	27	,	0	>
<768	,	48	,	6	,	2	,	25	,	0	>
<769	,	48	,	6	,	3	,	25	,	5	>
<770	,	48	,	6	,	4	,	25	,	0	>
<771	,	49	,	1	,	3	,	11	,	0	>
<772	,	49	,	1	,	4	,	11	,	1	>
<773	,	49	,	1	,	5	,	11	,	0	>
<774	,	49	,	1	,	7	,	11	,	1	>
<775	,	49	,	1	,	8	,	11	,	0	>
<776	,	49	,	6	,	3	,	16	,	0	>
<777	,	49	,	6	,	4	,	16	,	1	>
<778	,	49	,	6	,	5	,	16	,	0	>
<779	,	49	,	6	,	7	,	16	,	1	>
<780	,	49	,	6	,	8	,	16	,	0	>
<781	,	49	,	7	,	3	,	6	,	0	>
<782	,	49	,	7	,	4	,	6	,	0	>
<783	,	49	,	7	,	5	,	6	,	0	>
<784	,	49	,	7	,	7	,	6	,	0	>
<785	,	49	,	7	,	8	,	6	,	0	>
<786	,	50	,	1	,	1	,	17	,	0	>
<787	,	50	,	1	,	3	,	17	,	3	>
<788	,	50	,	1	,	4	,	17	,	0	>
<789	,	50	,	5	,	1	,	41	,	0	>
<790	,	50	,	5	,	3	,	41	,	8	>
<791	,	50	,	5	,	4	,	41	,	0	>
<792	,	50	,	6	,	1	,	24	,	0	>
<793	,	50	,	6	,	3	,	24	,	5	>
<794	,	50	,	6	,	4	,	24	,	0	>
<795	,	50	,	7	,	1	,	47	,	0	>
<796	,	50	,	7	,	3	,	47	,	9	>
<797	,	50	,	7	,	4	,	47	,	0	>
<798	,	51	,	1	,	1	,	29	,	0	>
<799	,	51	,	1	,	3	,	29	,	2	>
<800	,	51	,	1	,	4	,	29	,	0	>
<801	,	51	,	1	,	6	,	29	,	2	>
<802	,	51	,	1	,	7	,	29	,	0	>
<803	,	51	,	3	,	1	,	23	,	0	>
<804	,	51	,	3	,	3	,	23	,	2	>
<805	,	51	,	3	,	4	,	23	,	0	>
<806	,	51	,	3	,	6	,	23	,	2	>
<807	,	51	,	3	,	7	,	23	,	0	>
<808	,	51	,	4	,	1	,	25	,	0	>
<809	,	51	,	4	,	3	,	25	,	2	>
<810	,	51	,	4	,	4	,	25	,	0	>
<811	,	51	,	4	,	6	,	25	,	2	>
<812	,	51	,	4	,	7	,	25	,	0	>
<813	,	51	,	5	,	1	,	67	,	0	>
<814	,	51	,	5	,	3	,	67	,	5	>
<815	,	51	,	5	,	4	,	67	,	0	>
<816	,	51	,	5	,	6	,	67	,	5	>
<817	,	51	,	5	,	7	,	67	,	0	>
<818	,	51	,	7	,	1	,	49	,	0	>
<819	,	51	,	7	,	3	,	49	,	4	>
<820	,	51	,	7	,	4	,	49	,	0	>
<821	,	51	,	7	,	6	,	49	,	4	>
<822	,	51	,	7	,	7	,	49	,	0	>
<823	,	52	,	1	,	2	,	27	,	0	>
<824	,	52	,	1	,	3	,	27	,	5	>
<825	,	52	,	1	,	8	,	27	,	0	>
<826	,	52	,	2	,	2	,	12	,	0	>
<827	,	52	,	2	,	3	,	12	,	2	>
<828	,	52	,	2	,	8	,	12	,	0	>
<829	,	52	,	3	,	2	,	9	,	0	>
<830	,	52	,	3	,	3	,	9	,	2	>
<831	,	52	,	3	,	8	,	9	,	0	>
<832	,	53	,	2	,	1	,	82	,	0	>
<833	,	53	,	2	,	4	,	82	,	10	>
<834	,	53	,	2	,	5	,	82	,	0	>
<835	,	53	,	2	,	8	,	82	,	10	>
<836	,	53	,	4	,	1	,	70	,	0	>
<837	,	53	,	4	,	4	,	70	,	8	>
<838	,	53	,	4	,	5	,	70	,	0	>
<839	,	53	,	4	,	8	,	70	,	8	>
<840	,	53	,	5	,	1	,	89	,	0	>
<841	,	53	,	5	,	4	,	89	,	11	>
<842	,	53	,	5	,	5	,	89	,	0	>
<843	,	53	,	5	,	8	,	89	,	11	>
<844	,	53	,	6	,	1	,	62	,	0	>
<845	,	53	,	6	,	4	,	62	,	7	>
<846	,	53	,	6	,	5	,	62	,	0	>
<847	,	53	,	6	,	8	,	62	,	7	>
<848	,	53	,	7	,	1	,	96	,	0	>
<849	,	53	,	7	,	4	,	96	,	12	>
<850	,	53	,	7	,	5	,	96	,	0	>
<851	,	53	,	7	,	8	,	96	,	12	>
<852	,	54	,	3	,	1	,	8	,	0	>
<853	,	54	,	3	,	2	,	8	,	1	>
<854	,	54	,	3	,	4	,	8	,	0	>
<855	,	54	,	3	,	5	,	8	,	1	>
<856	,	54	,	3	,	7	,	8	,	0	>
<857	,	54	,	6	,	1	,	7	,	0	>
<858	,	54	,	6	,	2	,	7	,	1	>
<859	,	54	,	6	,	4	,	7	,	0	>
<860	,	54	,	6	,	5	,	7	,	1	>
<861	,	54	,	6	,	7	,	7	,	0	>
<862	,	54	,	7	,	1	,	7	,	0	>
<863	,	54	,	7	,	2	,	7	,	1	>
<864	,	54	,	7	,	4	,	7	,	0	>
<865	,	54	,	7	,	5	,	7	,	1	>
<866	,	54	,	7	,	7	,	7	,	0	>
<867	,	55	,	3	,	2	,	6	,	0	>
<868	,	55	,	3	,	3	,	6	,	1	>
<869	,	55	,	3	,	7	,	6	,	0	>
<870	,	55	,	4	,	2	,	17	,	0	>
<871	,	55	,	4	,	3	,	17	,	3	>
<872	,	55	,	4	,	7	,	17	,	0	>
<873	,	55	,	6	,	2	,	6	,	0	>
<874	,	55	,	6	,	3	,	6	,	1	>
<875	,	55	,	6	,	7	,	6	,	0	>
<876	,	55	,	7	,	2	,	16	,	0	>
<877	,	55	,	7	,	3	,	16	,	3	>
<878	,	55	,	7	,	7	,	16	,	0	>
<879	,	56	,	1	,	2	,	98	,	0	>
<880	,	56	,	1	,	3	,	98	,	7	>
<881	,	56	,	1	,	4	,	98	,	0	>
<882	,	56	,	1	,	5	,	98	,	7	>
<883	,	56	,	1	,	8	,	98	,	0	>
<884	,	56	,	4	,	2	,	99	,	0	>
<885	,	56	,	4	,	3	,	99	,	7	>
<886	,	56	,	4	,	4	,	99	,	0	>
<887	,	56	,	4	,	5	,	99	,	7	>
<888	,	56	,	4	,	8	,	99	,	0	>
<889	,	56	,	5	,	2	,	95	,	0	>
<890	,	56	,	5	,	3	,	95	,	7	>
<891	,	56	,	5	,	4	,	95	,	0	>
<892	,	56	,	5	,	5	,	95	,	7	>
<893	,	56	,	5	,	8	,	95	,	0	>
<894	,	56	,	7	,	2	,	96	,	0	>
<895	,	56	,	7	,	3	,	96	,	7	>
<896	,	56	,	7	,	4	,	96	,	0	>
<897	,	56	,	7	,	5	,	96	,	7	>
<898	,	56	,	7	,	8	,	96	,	0	>
<899	,	57	,	3	,	2	,	28	,	0	>
<900	,	57	,	3	,	4	,	28	,	2	>
<901	,	57	,	3	,	5	,	28	,	0	>
<902	,	57	,	3	,	7	,	28	,	2	>
<903	,	57	,	3	,	8	,	28	,	0	>
<904	,	57	,	5	,	2	,	72	,	0	>
<905	,	57	,	5	,	4	,	72	,	5	>
<906	,	57	,	5	,	5	,	72	,	0	>
<907	,	57	,	5	,	7	,	72	,	5	>
<908	,	57	,	5	,	8	,	72	,	0	>
<909	,	57	,	6	,	2	,	37	,	0	>
<910	,	57	,	6	,	4	,	37	,	3	>
<911	,	57	,	6	,	5	,	37	,	0	>
<912	,	57	,	6	,	7	,	37	,	3	>
<913	,	57	,	6	,	8	,	37	,	0	>
<914	,	58	,	1	,	2	,	6	,	0	>
<915	,	58	,	1	,	4	,	6	,	1	>
<916	,	58	,	1	,	5	,	6	,	0	>
<917	,	58	,	1	,	6	,	6	,	1	>
<918	,	58	,	4	,	2	,	3	,	0	>
<919	,	58	,	4	,	4	,	3	,	0	>
<920	,	58	,	4	,	5	,	3	,	0	>
<921	,	58	,	4	,	6	,	3	,	0	>
<922	,	58	,	5	,	2	,	6	,	0	>
<923	,	58	,	5	,	4	,	6	,	1	>
<924	,	58	,	5	,	5	,	6	,	0	>
<925	,	58	,	5	,	6	,	6	,	1	>
<926	,	58	,	6	,	2	,	7	,	0	>
<927	,	58	,	6	,	4	,	7	,	1	>
<928	,	58	,	6	,	5	,	7	,	0	>
<929	,	58	,	6	,	6	,	7	,	1	>
<930	,	59	,	2	,	1	,	5	,	0	>
<931	,	59	,	2	,	2	,	5	,	0	>
<932	,	59	,	2	,	3	,	5	,	0	>
<933	,	59	,	2	,	4	,	5	,	0	>
<934	,	59	,	2	,	8	,	5	,	0	>
<935	,	59	,	3	,	1	,	4	,	0	>
<936	,	59	,	3	,	2	,	4	,	0	>
<937	,	59	,	3	,	3	,	4	,	0	>
<938	,	59	,	3	,	4	,	4	,	0	>
<939	,	59	,	3	,	8	,	4	,	0	>
<940	,	59	,	6	,	1	,	4	,	0	>
<941	,	59	,	6	,	2	,	4	,	0	>
<942	,	59	,	6	,	3	,	4	,	0	>
<943	,	59	,	6	,	4	,	4	,	0	>
<944	,	59	,	6	,	8	,	4	,	0	>
<945	,	60	,	1	,	1	,	97	,	0	>
<946	,	60	,	1	,	5	,	97	,	19	>
<947	,	60	,	1	,	6	,	97	,	0	>
<948	,	60	,	5	,	1	,	65	,	0	>
<949	,	60	,	5	,	5	,	65	,	13	>
<950	,	60	,	5	,	6	,	65	,	0	>
<951	,	60	,	7	,	1	,	47	,	0	>
<952	,	60	,	7	,	5	,	47	,	9	>
<953	,	60	,	7	,	6	,	47	,	0	>
<954	,	61	,	2	,	2	,	29	,	0	>
<955	,	61	,	2	,	4	,	29	,	2	>
<956	,	61	,	2	,	6	,	29	,	0	>
<957	,	61	,	2	,	7	,	29	,	2	>
<958	,	61	,	2	,	8	,	29	,	0	>
<959	,	61	,	3	,	2	,	41	,	0	>
<960	,	61	,	3	,	4	,	41	,	3	>
<961	,	61	,	3	,	6	,	41	,	0	>
<962	,	61	,	3	,	7	,	41	,	3	>
<963	,	61	,	3	,	8	,	41	,	0	>
<964	,	61	,	6	,	2	,	14	,	0	>
<965	,	61	,	6	,	4	,	14	,	1	>
<966	,	61	,	6	,	6	,	14	,	0	>
<967	,	61	,	6	,	7	,	14	,	1	>
<968	,	61	,	6	,	8	,	14	,	0	>
<969	,	62	,	1	,	3	,	89	,	0	>
<970	,	62	,	1	,	4	,	89	,	18	>
<971	,	62	,	1	,	5	,	89	,	0	>
<972	,	62	,	3	,	3	,	84	,	0	>
<973	,	62	,	3	,	4	,	84	,	17	>
<974	,	62	,	3	,	5	,	84	,	0	>
<975	,	62	,	4	,	3	,	84	,	0	>
<976	,	62	,	4	,	4	,	84	,	17	>
<977	,	62	,	4	,	5	,	84	,	0	>
<978	,	62	,	6	,	3	,	98	,	0	>
<979	,	62	,	6	,	4	,	98	,	20	>
<980	,	62	,	6	,	5	,	98	,	0	>
<981	,	62	,	7	,	3	,	84	,	0	>
<982	,	62	,	7	,	4	,	84	,	17	>
<983	,	62	,	7	,	5	,	84	,	0	>
<984	,	63	,	2	,	5	,	1	,	0	>
<985	,	63	,	2	,	7	,	1	,	0	>
<986	,	63	,	2	,	8	,	1	,	0	>
<987	,	63	,	3	,	5	,	2	,	0	>
<988	,	63	,	3	,	7	,	2	,	0	>
<989	,	63	,	3	,	8	,	2	,	0	>
<990	,	63	,	5	,	5	,	1	,	0	>
<991	,	63	,	5	,	7	,	1	,	0	>
<992	,	63	,	5	,	8	,	1	,	0	>
<993	,	63	,	6	,	5	,	2	,	0	>
<994	,	63	,	6	,	7	,	2	,	0	>
<995	,	63	,	6	,	8	,	2	,	0	>
<996	,	64	,	1	,	1	,	67	,	0	>
<997	,	64	,	1	,	2	,	67	,	13	>
<998	,	64	,	1	,	7	,	67	,	0	>
<999	,	64	,	2	,	1	,	98	,	0	>
<1000	,	64	,	2	,	2	,	98	,	20	>
<1001	,	64	,	2	,	7	,	98	,	0	>
<1002	,	64	,	4	,	1	,	91	,	0	>
<1003	,	64	,	4	,	2	,	91	,	18	>
<1004	,	64	,	4	,	7	,	91	,	0	>
<1005	,	65	,	2	,	1	,	3	,	0	>
<1006	,	65	,	2	,	2	,	3	,	0	>
<1007	,	65	,	2	,	6	,	3	,	0	>
<1008	,	65	,	2	,	8	,	3	,	0	>
<1009	,	65	,	4	,	1	,	3	,	0	>
<1010	,	65	,	4	,	2	,	3	,	0	>
<1011	,	65	,	4	,	6	,	3	,	0	>
<1012	,	65	,	4	,	8	,	3	,	0	>
<1013	,	65	,	5	,	1	,	7	,	0	>
<1014	,	65	,	5	,	2	,	7	,	1	>
<1015	,	65	,	5	,	6	,	7	,	0	>
<1016	,	65	,	5	,	8	,	7	,	1	>
<1017	,	65	,	6	,	1	,	5	,	0	>
<1018	,	65	,	6	,	2	,	5	,	1	>
<1019	,	65	,	6	,	6	,	5	,	0	>
<1020	,	65	,	6	,	8	,	5	,	1	>
<1021	,	66	,	2	,	2	,	16	,	0	>
<1022	,	66	,	2	,	3	,	16	,	1	>
<1023	,	66	,	2	,	4	,	16	,	0	>
<1024	,	66	,	2	,	6	,	16	,	1	>
<1025	,	66	,	2	,	7	,	16	,	0	>
<1026	,	66	,	3	,	2	,	6	,	0	>
<1027	,	66	,	3	,	3	,	6	,	0	>
<1028	,	66	,	3	,	4	,	6	,	0	>
<1029	,	66	,	3	,	6	,	6	,	0	>
<1030	,	66	,	3	,	7	,	6	,	0	>
<1031	,	66	,	4	,	2	,	7	,	0	>
<1032	,	66	,	4	,	3	,	7	,	1	>
<1033	,	66	,	4	,	4	,	7	,	0	>
<1034	,	66	,	4	,	6	,	7	,	1	>
<1035	,	66	,	4	,	7	,	7	,	0	>
<1036	,	66	,	5	,	2	,	11	,	0	>
<1037	,	66	,	5	,	3	,	11	,	1	>
<1038	,	66	,	5	,	4	,	11	,	0	>
<1039	,	66	,	5	,	6	,	11	,	1	>
<1040	,	66	,	5	,	7	,	11	,	0	>
<1041	,	66	,	7	,	2	,	17	,	0	>
<1042	,	66	,	7	,	3	,	17	,	1	>
<1043	,	66	,	7	,	4	,	17	,	0	>
<1044	,	66	,	7	,	6	,	17	,	1	>
<1045	,	66	,	7	,	7	,	17	,	0	>
<1046	,	67	,	3	,	2	,	29	,	0	>
<1047	,	67	,	3	,	7	,	29	,	6	>
<1048	,	67	,	3	,	8	,	29	,	0	>
<1049	,	67	,	4	,	2	,	78	,	0	>
<1050	,	67	,	4	,	7	,	78	,	16	>
<1051	,	67	,	4	,	8	,	78	,	0	>
<1052	,	67	,	7	,	2	,	42	,	0	>
<1053	,	67	,	7	,	7	,	42	,	8	>
<1054	,	67	,	7	,	8	,	42	,	0	>
<1055	,	68	,	1	,	1	,	89	,	0	>
<1056	,	68	,	1	,	2	,	89	,	6	>
<1057	,	68	,	1	,	3	,	89	,	0	>
<1058	,	68	,	1	,	7	,	89	,	6	>
<1059	,	68	,	1	,	8	,	89	,	0	>
<1060	,	68	,	3	,	1	,	79	,	0	>
<1061	,	68	,	3	,	2	,	79	,	6	>
<1062	,	68	,	3	,	3	,	79	,	0	>
<1063	,	68	,	3	,	7	,	79	,	6	>
<1064	,	68	,	3	,	8	,	79	,	0	>
<1065	,	68	,	5	,	1	,	77	,	0	>
<1066	,	68	,	5	,	2	,	77	,	6	>
<1067	,	68	,	5	,	3	,	77	,	0	>
<1068	,	68	,	5	,	7	,	77	,	6	>
<1069	,	68	,	5	,	8	,	77	,	0	>
<1070	,	68	,	6	,	1	,	86	,	0	>
<1071	,	68	,	6	,	2	,	86	,	6	>
<1072	,	68	,	6	,	3	,	86	,	0	>
<1073	,	68	,	6	,	7	,	86	,	6	>
<1074	,	68	,	6	,	8	,	86	,	0	>
<1075	,	68	,	7	,	1	,	81	,	0	>
<1076	,	68	,	7	,	2	,	81	,	6	>
<1077	,	68	,	7	,	3	,	81	,	0	>
<1078	,	68	,	7	,	7	,	81	,	6	>
<1079	,	68	,	7	,	8	,	81	,	0	>
<1080	,	69	,	2	,	1	,	57	,	0	>
<1081	,	69	,	2	,	3	,	57	,	4	>
<1082	,	69	,	2	,	5	,	57	,	0	>
<1083	,	69	,	2	,	6	,	57	,	4	>
<1084	,	69	,	2	,	7	,	57	,	0	>
<1085	,	69	,	3	,	1	,	61	,	0	>
<1086	,	69	,	3	,	3	,	61	,	4	>
<1087	,	69	,	3	,	5	,	61	,	0	>
<1088	,	69	,	3	,	6	,	61	,	4	>
<1089	,	69	,	3	,	7	,	61	,	0	>
<1090	,	69	,	4	,	1	,	41	,	0	>
<1091	,	69	,	4	,	3	,	41	,	3	>
<1092	,	69	,	4	,	5	,	41	,	0	>
<1093	,	69	,	4	,	6	,	41	,	3	>
<1094	,	69	,	4	,	7	,	41	,	0	>
<1095	,	70	,	5	,	1	,	67	,	0	>
<1096	,	70	,	5	,	2	,	67	,	5	>
<1097	,	70	,	5	,	3	,	67	,	0	>
<1098	,	70	,	5	,	5	,	67	,	5	>
<1099	,	70	,	5	,	8	,	67	,	0	>
<1100	,	70	,	6	,	1	,	38	,	0	>
<1101	,	70	,	6	,	2	,	38	,	3	>
<1102	,	70	,	6	,	3	,	38	,	0	>
<1103	,	70	,	6	,	5	,	38	,	3	>
<1104	,	70	,	6	,	8	,	38	,	0	>
<1105	,	70	,	7	,	1	,	45	,	0	>
<1106	,	70	,	7	,	2	,	45	,	3	>
<1107	,	70	,	7	,	3	,	45	,	0	>
<1108	,	70	,	7	,	5	,	45	,	3	>
<1109	,	70	,	7	,	8	,	45	,	0	>
<1110	,	71	,	2	,	1	,	97	,	0	>
<1111	,	71	,	2	,	4	,	97	,	7	>
<1112	,	71	,	2	,	5	,	97	,	0	>
<1113	,	71	,	2	,	7	,	97	,	7	>
<1114	,	71	,	2	,	8	,	97	,	0	>
<1115	,	71	,	4	,	1	,	92	,	0	>
<1116	,	71	,	4	,	4	,	92	,	7	>
<1117	,	71	,	4	,	5	,	92	,	0	>
<1118	,	71	,	4	,	7	,	92	,	7	>
<1119	,	71	,	4	,	8	,	92	,	0	>
<1120	,	71	,	6	,	1	,	88	,	0	>
<1121	,	71	,	6	,	4	,	88	,	6	>
<1122	,	71	,	6	,	5	,	88	,	0	>
<1123	,	71	,	6	,	7	,	88	,	6	>
<1124	,	71	,	6	,	8	,	88	,	0	>
<1125	,	71	,	7	,	1	,	86	,	0	>
<1126	,	71	,	7	,	4	,	86	,	6	>
<1127	,	71	,	7	,	5	,	86	,	0	>
<1128	,	71	,	7	,	7	,	86	,	6	>
<1129	,	71	,	7	,	8	,	86	,	0	>
<1130	,	72	,	2	,	1	,	69	,	0	>
<1131	,	72	,	2	,	2	,	69	,	5	>
<1132	,	72	,	2	,	5	,	69	,	0	>
<1133	,	72	,	2	,	6	,	69	,	5	>
<1134	,	72	,	2	,	8	,	69	,	0	>
<1135	,	72	,	4	,	1	,	70	,	0	>
<1136	,	72	,	4	,	2	,	70	,	5	>
<1137	,	72	,	4	,	5	,	70	,	0	>
<1138	,	72	,	4	,	6	,	70	,	5	>
<1139	,	72	,	4	,	8	,	70	,	0	>
<1140	,	72	,	6	,	1	,	72	,	0	>
<1141	,	72	,	6	,	2	,	72	,	5	>
<1142	,	72	,	6	,	5	,	72	,	0	>
<1143	,	72	,	6	,	6	,	72	,	5	>
<1144	,	72	,	6	,	8	,	72	,	0	>
<1145	,	73	,	1	,	1	,	32	,	0	>
<1146	,	73	,	1	,	3	,	32	,	2	>
<1147	,	73	,	1	,	5	,	32	,	0	>
<1148	,	73	,	1	,	6	,	32	,	2	>
<1149	,	73	,	1	,	7	,	32	,	0	>
<1150	,	73	,	2	,	1	,	49	,	0	>
<1151	,	73	,	2	,	3	,	49	,	4	>
<1152	,	73	,	2	,	5	,	49	,	0	>
<1153	,	73	,	2	,	6	,	49	,	4	>
<1154	,	73	,	2	,	7	,	49	,	0	>
<1155	,	73	,	3	,	1	,	26	,	0	>
<1156	,	73	,	3	,	3	,	26	,	2	>
<1157	,	73	,	3	,	5	,	26	,	0	>
<1158	,	73	,	3	,	6	,	26	,	2	>
<1159	,	73	,	3	,	7	,	26	,	0	>
<1160	,	73	,	5	,	1	,	45	,	0	>
<1161	,	73	,	5	,	3	,	45	,	3	>
<1162	,	73	,	5	,	5	,	45	,	0	>
<1163	,	73	,	5	,	6	,	45	,	3	>
<1164	,	73	,	5	,	7	,	45	,	0	>
<1165	,	73	,	7	,	1	,	31	,	0	>
<1166	,	73	,	7	,	3	,	31	,	2	>
<1167	,	73	,	7	,	5	,	31	,	0	>
<1168	,	73	,	7	,	6	,	31	,	2	>
<1169	,	73	,	7	,	7	,	31	,	0	>
<1170	,	74	,	1	,	2	,	42	,	0	>
<1171	,	74	,	1	,	3	,	42	,	5	>
<1172	,	74	,	1	,	5	,	42	,	0	>
<1173	,	74	,	1	,	7	,	42	,	5	>
<1174	,	74	,	2	,	2	,	43	,	0	>
<1175	,	74	,	2	,	3	,	43	,	5	>
<1176	,	74	,	2	,	5	,	43	,	0	>
<1177	,	74	,	2	,	7	,	43	,	5	>
<1178	,	74	,	3	,	2	,	31	,	0	>
<1179	,	74	,	3	,	3	,	31	,	4	>
<1180	,	74	,	3	,	5	,	31	,	0	>
<1181	,	74	,	3	,	7	,	31	,	4	>
<1182	,	75	,	1	,	1	,	56	,	0	>
<1183	,	75	,	1	,	3	,	56	,	11	>
<1184	,	75	,	1	,	4	,	56	,	0	>
<1185	,	75	,	2	,	1	,	28	,	0	>
<1186	,	75	,	2	,	3	,	28	,	6	>
<1187	,	75	,	2	,	4	,	28	,	0	>
<1188	,	75	,	5	,	1	,	34	,	0	>
<1189	,	75	,	5	,	3	,	34	,	7	>
<1190	,	75	,	5	,	4	,	34	,	0	>
<1191	,	75	,	7	,	1	,	20	,	0	>
<1192	,	75	,	7	,	3	,	20	,	4	>
<1193	,	75	,	7	,	4	,	20	,	0	>
<1194	,	76	,	1	,	1	,	98	,	0	>
<1195	,	76	,	1	,	2	,	98	,	7	>
<1196	,	76	,	1	,	4	,	98	,	0	>
<1197	,	76	,	1	,	5	,	98	,	7	>
<1198	,	76	,	1	,	7	,	98	,	0	>
<1199	,	76	,	3	,	1	,	97	,	0	>
<1200	,	76	,	3	,	2	,	97	,	7	>
<1201	,	76	,	3	,	4	,	97	,	0	>
<1202	,	76	,	3	,	5	,	97	,	7	>
<1203	,	76	,	3	,	7	,	97	,	0	>
<1204	,	76	,	5	,	1	,	98	,	0	>
<1205	,	76	,	5	,	2	,	98	,	7	>
<1206	,	76	,	5	,	4	,	98	,	0	>
<1207	,	76	,	5	,	5	,	98	,	7	>
<1208	,	76	,	5	,	7	,	98	,	0	>
<1209	,	77	,	1	,	1	,	53	,	0	>
<1210	,	77	,	1	,	3	,	53	,	4	>
<1211	,	77	,	1	,	4	,	53	,	0	>
<1212	,	77	,	1	,	5	,	53	,	4	>
<1213	,	77	,	1	,	7	,	53	,	0	>
<1214	,	77	,	2	,	1	,	92	,	0	>
<1215	,	77	,	2	,	3	,	92	,	7	>
<1216	,	77	,	2	,	4	,	92	,	0	>
<1217	,	77	,	2	,	5	,	92	,	7	>
<1218	,	77	,	2	,	7	,	92	,	0	>
<1219	,	77	,	4	,	1	,	51	,	0	>
<1220	,	77	,	4	,	3	,	51	,	4	>
<1221	,	77	,	4	,	4	,	51	,	0	>
<1222	,	77	,	4	,	5	,	51	,	4	>
<1223	,	77	,	4	,	7	,	51	,	0	>
<1224	,	77	,	5	,	1	,	64	,	0	>
<1225	,	77	,	5	,	3	,	64	,	5	>
<1226	,	77	,	5	,	4	,	64	,	0	>
<1227	,	77	,	5	,	5	,	64	,	5	>
<1228	,	77	,	5	,	7	,	64	,	0	>
<1229	,	77	,	6	,	1	,	51	,	0	>
<1230	,	77	,	6	,	3	,	51	,	4	>
<1231	,	77	,	6	,	4	,	51	,	0	>
<1232	,	77	,	6	,	5	,	51	,	4	>
<1233	,	77	,	6	,	7	,	51	,	0	>
<1234	,	78	,	1	,	1	,	25	,	0	>
<1235	,	78	,	1	,	2	,	25	,	3	>
<1236	,	78	,	1	,	5	,	25	,	0	>
<1237	,	78	,	1	,	7	,	25	,	3	>
<1238	,	78	,	2	,	1	,	48	,	0	>
<1239	,	78	,	2	,	2	,	48	,	6	>
<1240	,	78	,	2	,	5	,	48	,	0	>
<1241	,	78	,	2	,	7	,	48	,	6	>
<1242	,	78	,	4	,	1	,	74	,	0	>
<1243	,	78	,	4	,	2	,	74	,	9	>
<1244	,	78	,	4	,	5	,	74	,	0	>
<1245	,	78	,	4	,	7	,	74	,	9	>
<1246	,	78	,	6	,	1	,	35	,	0	>
<1247	,	78	,	6	,	2	,	35	,	4	>
<1248	,	78	,	6	,	5	,	35	,	0	>
<1249	,	78	,	6	,	7	,	35	,	4	>
<1250	,	79	,	1	,	2	,	16	,	0	>
<1251	,	79	,	1	,	4	,	16	,	3	>
<1252	,	79	,	1	,	7	,	16	,	0	>
<1253	,	79	,	3	,	2	,	38	,	0	>
<1254	,	79	,	3	,	4	,	38	,	8	>
<1255	,	79	,	3	,	7	,	38	,	0	>
<1256	,	79	,	4	,	2	,	22	,	0	>
<1257	,	79	,	4	,	4	,	22	,	4	>
<1258	,	79	,	4	,	7	,	22	,	0	>
<1259	,	79	,	5	,	2	,	45	,	0	>
<1260	,	79	,	5	,	4	,	45	,	9	>
<1261	,	79	,	5	,	7	,	45	,	0	>
<1262	,	79	,	6	,	2	,	26	,	0	>
<1263	,	79	,	6	,	4	,	26	,	5	>
<1264	,	79	,	6	,	7	,	26	,	0	>
<1265	,	80	,	1	,	1	,	91	,	0	>
<1266	,	80	,	1	,	2	,	91	,	7	>
<1267	,	80	,	1	,	3	,	91	,	0	>
<1268	,	80	,	1	,	5	,	91	,	7	>
<1269	,	80	,	1	,	6	,	91	,	0	>
<1270	,	80	,	2	,	1	,	81	,	0	>
<1271	,	80	,	2	,	2	,	81	,	6	>
<1272	,	80	,	2	,	3	,	81	,	0	>
<1273	,	80	,	2	,	5	,	81	,	6	>
<1274	,	80	,	2	,	6	,	81	,	0	>
<1275	,	80	,	4	,	1	,	51	,	0	>
<1276	,	80	,	4	,	2	,	51	,	4	>
<1277	,	80	,	4	,	3	,	51	,	0	>
<1278	,	80	,	4	,	5	,	51	,	4	>
<1279	,	80	,	4	,	6	,	51	,	0	>
<1280	,	80	,	5	,	1	,	59	,	0	>
<1281	,	80	,	5	,	2	,	59	,	4	>
<1282	,	80	,	5	,	3	,	59	,	0	>
<1283	,	80	,	5	,	5	,	59	,	4	>
<1284	,	80	,	5	,	6	,	59	,	0	>
<1285	,	80	,	7	,	1	,	53	,	0	>
<1286	,	80	,	7	,	2	,	53	,	4	>
<1287	,	80	,	7	,	3	,	53	,	0	>
<1288	,	80	,	7	,	5	,	53	,	4	>
<1289	,	80	,	7	,	6	,	53	,	0	>
<1290	,	81	,	1	,	1	,	57	,	0	>
<1291	,	81	,	1	,	2	,	57	,	4	>
<1292	,	81	,	1	,	3	,	57	,	0	>
<1293	,	81	,	1	,	5	,	57	,	4	>
<1294	,	81	,	1	,	6	,	57	,	0	>
<1295	,	81	,	4	,	1	,	92	,	0	>
<1296	,	81	,	4	,	2	,	92	,	7	>
<1297	,	81	,	4	,	3	,	92	,	0	>
<1298	,	81	,	4	,	5	,	92	,	7	>
<1299	,	81	,	4	,	6	,	92	,	0	>
<1300	,	81	,	5	,	1	,	75	,	0	>
<1301	,	81	,	5	,	2	,	75	,	5	>
<1302	,	81	,	5	,	3	,	75	,	0	>
<1303	,	81	,	5	,	5	,	75	,	5	>
<1304	,	81	,	5	,	6	,	75	,	0	>
<1305	,	82	,	4	,	1	,	21	,	0	>
<1306	,	82	,	4	,	2	,	21	,	3	>
<1307	,	82	,	4	,	4	,	21	,	0	>
<1308	,	82	,	4	,	8	,	21	,	3	>
<1309	,	82	,	5	,	1	,	17	,	0	>
<1310	,	82	,	5	,	2	,	17	,	2	>
<1311	,	82	,	5	,	4	,	17	,	0	>
<1312	,	82	,	5	,	8	,	17	,	2	>
<1313	,	82	,	7	,	1	,	26	,	0	>
<1314	,	82	,	7	,	2	,	26	,	3	>
<1315	,	82	,	7	,	4	,	26	,	0	>
<1316	,	82	,	7	,	8	,	26	,	3	>
<1317	,	83	,	1	,	2	,	58	,	0	>
<1318	,	83	,	1	,	6	,	58	,	12	>
<1319	,	83	,	1	,	7	,	58	,	0	>
<1320	,	83	,	2	,	2	,	95	,	0	>
<1321	,	83	,	2	,	6	,	95	,	19	>
<1322	,	83	,	2	,	7	,	95	,	0	>
<1323	,	83	,	4	,	2	,	89	,	0	>
<1324	,	83	,	4	,	6	,	89	,	18	>
<1325	,	83	,	4	,	7	,	89	,	0	>
<1326	,	83	,	5	,	2	,	99	,	0	>
<1327	,	83	,	5	,	6	,	99	,	20	>
<1328	,	83	,	5	,	7	,	99	,	0	>
<1329	,	84	,	1	,	1	,	2	,	0	>
<1330	,	84	,	1	,	5	,	2	,	0	>
<1331	,	84	,	1	,	6	,	2	,	0	>
<1332	,	84	,	1	,	8	,	2	,	0	>
<1333	,	84	,	2	,	1	,	6	,	0	>
<1334	,	84	,	2	,	5	,	6	,	1	>
<1335	,	84	,	2	,	6	,	6	,	0	>
<1336	,	84	,	2	,	8	,	6	,	1	>
<1337	,	84	,	6	,	1	,	4	,	0	>
<1338	,	84	,	6	,	5	,	4	,	0	>
<1339	,	84	,	6	,	6	,	4	,	0	>
<1340	,	84	,	6	,	8	,	4	,	0	>
<1341	,	85	,	2	,	2	,	16	,	0	>
<1342	,	85	,	2	,	4	,	16	,	3	>
<1343	,	85	,	2	,	6	,	16	,	0	>
<1344	,	85	,	4	,	2	,	47	,	0	>
<1345	,	85	,	4	,	4	,	47	,	9	>
<1346	,	85	,	4	,	6	,	47	,	0	>
<1347	,	85	,	5	,	2	,	17	,	0	>
<1348	,	85	,	5	,	4	,	17	,	3	>
<1349	,	85	,	5	,	6	,	17	,	0	>
<1350	,	85	,	6	,	2	,	21	,	0	>
<1351	,	85	,	6	,	4	,	21	,	4	>
<1352	,	85	,	6	,	6	,	21	,	0	>
<1353	,	85	,	7	,	2	,	38	,	0	>
<1354	,	85	,	7	,	4	,	38	,	8	>
<1355	,	85	,	7	,	6	,	38	,	0	>
<1356	,	86	,	1	,	1	,	99	,	0	>
<1357	,	86	,	1	,	4	,	99	,	12	>
<1358	,	86	,	1	,	5	,	99	,	0	>
<1359	,	86	,	1	,	8	,	99	,	12	>
<1360	,	86	,	3	,	1	,	99	,	0	>
<1361	,	86	,	3	,	4	,	99	,	12	>
<1362	,	86	,	3	,	5	,	99	,	0	>
<1363	,	86	,	3	,	8	,	99	,	12	>
<1364	,	86	,	4	,	1	,	99	,	0	>
<1365	,	86	,	4	,	4	,	99	,	12	>
<1366	,	86	,	4	,	5	,	99	,	0	>
<1367	,	86	,	4	,	8	,	99	,	12	>
<1368	,	86	,	5	,	1	,	99	,	0	>
<1369	,	86	,	5	,	4	,	99	,	12	>
<1370	,	86	,	5	,	5	,	99	,	0	>
<1371	,	86	,	5	,	8	,	99	,	12	>
<1372	,	86	,	6	,	1	,	99	,	0	>
<1373	,	86	,	6	,	4	,	99	,	12	>
<1374	,	86	,	6	,	5	,	99	,	0	>
<1375	,	86	,	6	,	8	,	99	,	12	>
<1376	,	87	,	2	,	5	,	72	,	0	>
<1377	,	87	,	2	,	6	,	72	,	14	>
<1378	,	87	,	2	,	7	,	72	,	0	>
<1379	,	87	,	3	,	5	,	27	,	0	>
<1380	,	87	,	3	,	6	,	27	,	5	>
<1381	,	87	,	3	,	7	,	27	,	0	>
<1382	,	87	,	5	,	5	,	38	,	0	>
<1383	,	87	,	5	,	6	,	38	,	8	>
<1384	,	87	,	5	,	7	,	38	,	0	>
<1385	,	87	,	6	,	5	,	55	,	0	>
<1386	,	87	,	6	,	6	,	55	,	11	>
<1387	,	87	,	6	,	7	,	55	,	0	>
<1388	,	87	,	7	,	5	,	67	,	0	>
<1389	,	87	,	7	,	6	,	67	,	13	>
<1390	,	87	,	7	,	7	,	67	,	0	>
<1391	,	88	,	2	,	1	,	77	,	0	>
<1392	,	88	,	2	,	2	,	77	,	9	>
<1393	,	88	,	2	,	4	,	77	,	0	>
<1394	,	88	,	2	,	7	,	77	,	9	>
<1395	,	88	,	3	,	1	,	36	,	0	>
<1396	,	88	,	3	,	2	,	36	,	4	>
<1397	,	88	,	3	,	4	,	36	,	0	>
<1398	,	88	,	3	,	7	,	36	,	4	>
<1399	,	88	,	4	,	1	,	59	,	0	>
<1400	,	88	,	4	,	2	,	59	,	7	>
<1401	,	88	,	4	,	4	,	59	,	0	>
<1402	,	88	,	4	,	7	,	59	,	7	>
<1403	,	89	,	1	,	4	,	78	,	0	>
<1404	,	89	,	1	,	7	,	78	,	16	>
<1405	,	89	,	1	,	8	,	78	,	0	>
<1406	,	89	,	4	,	4	,	98	,	0	>
<1407	,	89	,	4	,	7	,	98	,	20	>
<1408	,	89	,	4	,	8	,	98	,	0	>
<1409	,	89	,	5	,	4	,	78	,	0	>
<1410	,	89	,	5	,	7	,	78	,	16	>
<1411	,	89	,	5	,	8	,	78	,	0	>
<1412	,	90	,	1	,	4	,	11	,	0	>
<1413	,	90	,	1	,	5	,	11	,	2	>
<1414	,	90	,	1	,	7	,	11	,	0	>
<1415	,	90	,	2	,	4	,	6	,	0	>
<1416	,	90	,	2	,	5	,	6	,	1	>
<1417	,	90	,	2	,	7	,	6	,	0	>
<1418	,	90	,	5	,	4	,	12	,	0	>
<1419	,	90	,	5	,	5	,	12	,	2	>
<1420	,	90	,	5	,	7	,	12	,	0	>
<1421	,	90	,	6	,	4	,	6	,	0	>
<1422	,	90	,	6	,	5	,	6	,	1	>
<1423	,	90	,	6	,	7	,	6	,	0	>
<1424	,	90	,	7	,	4	,	7	,	0	>
<1425	,	90	,	7	,	5	,	7	,	1	>
<1426	,	90	,	7	,	7	,	7	,	0	>
<1427	,	91	,	1	,	1	,	80	,	0	>
<1428	,	91	,	1	,	2	,	80	,	10	>
<1429	,	91	,	1	,	5	,	80	,	0	>
<1430	,	91	,	1	,	8	,	80	,	10	>
<1431	,	91	,	3	,	1	,	96	,	0	>
<1432	,	91	,	3	,	2	,	96	,	12	>
<1433	,	91	,	3	,	5	,	96	,	0	>
<1434	,	91	,	3	,	8	,	96	,	12	>
<1435	,	91	,	5	,	1	,	94	,	0	>
<1436	,	91	,	5	,	2	,	94	,	11	>
<1437	,	91	,	5	,	5	,	94	,	0	>
<1438	,	91	,	5	,	8	,	94	,	11	>
<1439	,	91	,	6	,	1	,	87	,	0	>
<1440	,	91	,	6	,	2	,	87	,	10	>
<1441	,	91	,	6	,	5	,	87	,	0	>
<1442	,	91	,	6	,	8	,	87	,	10	>
<1443	,	91	,	7	,	1	,	50	,	0	>
<1444	,	91	,	7	,	2	,	50	,	6	>
<1445	,	91	,	7	,	5	,	50	,	0	>
<1446	,	91	,	7	,	8	,	50	,	6	>
<1447	,	92	,	2	,	1	,	75	,	0	>
<1448	,	92	,	2	,	2	,	75	,	15	>
<1449	,	92	,	2	,	6	,	75	,	0	>
<1450	,	92	,	3	,	1	,	26	,	0	>
<1451	,	92	,	3	,	2	,	26	,	5	>
<1452	,	92	,	3	,	6	,	26	,	0	>
<1453	,	92	,	6	,	1	,	28	,	0	>
<1454	,	92	,	6	,	2	,	28	,	6	>
<1455	,	92	,	6	,	6	,	28	,	0	>
<1456	,	92	,	7	,	1	,	63	,	0	>
<1457	,	92	,	7	,	2	,	63	,	13	>
<1458	,	92	,	7	,	6	,	63	,	0	>
<1459	,	93	,	1	,	3	,	25	,	0	>
<1460	,	93	,	1	,	4	,	25	,	5	>
<1461	,	93	,	1	,	8	,	25	,	0	>
<1462	,	93	,	3	,	3	,	13	,	0	>
<1463	,	93	,	3	,	4	,	13	,	3	>
<1464	,	93	,	3	,	8	,	13	,	0	>
<1465	,	93	,	5	,	3	,	30	,	0	>
<1466	,	93	,	5	,	4	,	30	,	6	>
<1467	,	93	,	5	,	8	,	30	,	0	>
<1468	,	93	,	6	,	3	,	33	,	0	>
<1469	,	93	,	6	,	4	,	33	,	7	>
<1470	,	93	,	6	,	8	,	33	,	0	>
<1471	,	93	,	7	,	3	,	23	,	0	>
<1472	,	93	,	7	,	4	,	23	,	5	>
<1473	,	93	,	7	,	8	,	23	,	0	>
<1474	,	94	,	1	,	1	,	46	,	0	>
<1475	,	94	,	1	,	3	,	46	,	3	>
<1476	,	94	,	1	,	6	,	46	,	0	>
<1477	,	94	,	1	,	7	,	46	,	3	>
<1478	,	94	,	1	,	8	,	46	,	0	>
<1479	,	94	,	2	,	1	,	54	,	0	>
<1480	,	94	,	2	,	3	,	54	,	4	>
<1481	,	94	,	2	,	6	,	54	,	0	>
<1482	,	94	,	2	,	7	,	54	,	4	>
<1483	,	94	,	2	,	8	,	54	,	0	>
<1484	,	94	,	5	,	1	,	91	,	0	>
<1485	,	94	,	5	,	3	,	91	,	7	>
<1486	,	94	,	5	,	6	,	91	,	0	>
<1487	,	94	,	5	,	7	,	91	,	7	>
<1488	,	94	,	5	,	8	,	91	,	0	>
<1489	,	94	,	7	,	1	,	53	,	0	>
<1490	,	94	,	7	,	3	,	53	,	4	>
<1491	,	94	,	7	,	6	,	53	,	0	>
<1492	,	94	,	7	,	7	,	53	,	4	>
<1493	,	94	,	7	,	8	,	53	,	0	>
<1494	,	95	,	3	,	4	,	15	,	0	>
<1495	,	95	,	3	,	5	,	15	,	2	>
<1496	,	95	,	3	,	6	,	15	,	0	>
<1497	,	95	,	3	,	7	,	15	,	2	>
<1498	,	95	,	4	,	4	,	12	,	0	>
<1499	,	95	,	4	,	5	,	12	,	1	>
<1500	,	95	,	4	,	6	,	12	,	0	>
<1501	,	95	,	4	,	7	,	12	,	1	>
<1502	,	95	,	6	,	4	,	24	,	0	>
<1503	,	95	,	6	,	5	,	24	,	3	>
<1504	,	95	,	6	,	6	,	24	,	0	>
<1505	,	95	,	6	,	7	,	24	,	3	>
<1506	,	95	,	7	,	4	,	22	,	0	>
<1507	,	95	,	7	,	5	,	22	,	3	>
<1508	,	95	,	7	,	6	,	22	,	0	>
<1509	,	95	,	7	,	7	,	22	,	3	>
<1510	,	96	,	2	,	3	,	4	,	0	>
<1511	,	96	,	2	,	4	,	4	,	1	>
<1512	,	96	,	2	,	7	,	4	,	0	>
<1513	,	96	,	3	,	3	,	8	,	0	>
<1514	,	96	,	3	,	4	,	8	,	2	>
<1515	,	96	,	3	,	7	,	8	,	0	>
<1516	,	96	,	5	,	3	,	4	,	0	>
<1517	,	96	,	5	,	4	,	4	,	1	>
<1518	,	96	,	5	,	7	,	4	,	0	>
<1519	,	96	,	6	,	3	,	9	,	0	>
<1520	,	96	,	6	,	4	,	9	,	2	>
<1521	,	96	,	6	,	7	,	9	,	0	>
<1522	,	96	,	7	,	3	,	10	,	0	>
<1523	,	96	,	7	,	4	,	10	,	2	>
<1524	,	96	,	7	,	7	,	10	,	0	>
<1525	,	97	,	4	,	1	,	21	,	0	>
<1526	,	97	,	4	,	5	,	21	,	4	>
<1527	,	97	,	4	,	6	,	21	,	0	>
<1528	,	97	,	5	,	1	,	7	,	0	>
<1529	,	97	,	5	,	5	,	7	,	1	>
<1530	,	97	,	5	,	6	,	7	,	0	>
<1531	,	97	,	7	,	1	,	8	,	0	>
<1532	,	97	,	7	,	5	,	8	,	2	>
<1533	,	97	,	7	,	6	,	8	,	0	>
<1534	,	98	,	5	,	1	,	23	,	0	>
<1535	,	98	,	5	,	3	,	23	,	3	>
<1536	,	98	,	5	,	7	,	23	,	0	>
<1537	,	98	,	5	,	8	,	23	,	3	>
<1538	,	98	,	6	,	1	,	33	,	0	>
<1539	,	98	,	6	,	3	,	33	,	4	>
<1540	,	98	,	6	,	7	,	33	,	0	>
<1541	,	98	,	6	,	8	,	33	,	4	>
<1542	,	98	,	7	,	1	,	21	,	0	>
<1543	,	98	,	7	,	3	,	21	,	3	>
<1544	,	98	,	7	,	7	,	21	,	0	>
<1545	,	98	,	7	,	8	,	21	,	3	>
<1546	,	99	,	1	,	2	,	40	,	0	>
<1547	,	99	,	1	,	3	,	40	,	5	>
<1548	,	99	,	1	,	4	,	40	,	0	>
<1549	,	99	,	1	,	6	,	40	,	5	>
<1550	,	99	,	2	,	2	,	24	,	0	>
<1551	,	99	,	2	,	3	,	24	,	3	>
<1552	,	99	,	2	,	4	,	24	,	0	>
<1553	,	99	,	2	,	6	,	24	,	3	>
<1554	,	99	,	4	,	2	,	27	,	0	>
<1555	,	99	,	4	,	3	,	27	,	3	>
<1556	,	99	,	4	,	4	,	27	,	0	>
<1557	,	99	,	4	,	6	,	27	,	3	>
<1558	,	99	,	6	,	2	,	41	,	0	>
<1559	,	99	,	6	,	3	,	41	,	5	>
<1560	,	99	,	6	,	4	,	41	,	0	>
<1561	,	99	,	6	,	6	,	41	,	5	>
<1562	,	99	,	7	,	2	,	63	,	0	>
<1563	,	99	,	7	,	3	,	63	,	8	>
<1564	,	99	,	7	,	4	,	63	,	0	>
<1565	,	99	,	7	,	6	,	63	,	8	>
<1566	,	100	,	1	,	1	,	10	,	0	>
<1567	,	100	,	1	,	3	,	10	,	1	>
<1568	,	100	,	1	,	4	,	10	,	0	>
<1569	,	100	,	1	,	5	,	10	,	1	>
<1570	,	100	,	1	,	8	,	10	,	0	>
<1571	,	100	,	2	,	1	,	26	,	0	>
<1572	,	100	,	2	,	3	,	26	,	2	>
<1573	,	100	,	2	,	4	,	26	,	0	>
<1574	,	100	,	2	,	5	,	26	,	2	>
<1575	,	100	,	2	,	8	,	26	,	0	>
<1576	,	100	,	7	,	1	,	21	,	0	>
<1577	,	100	,	7	,	3	,	21	,	2	>
<1578	,	100	,	7	,	4	,	21	,	0	>
<1579	,	100	,	7	,	5	,	21	,	2	>
<1580	,	100	,	7	,	8	,	21	,	0	>
<1581	,	101	,	1	,	1	,	37	,	0	>
<1582	,	101	,	1	,	5	,	37	,	7	>
<1583	,	101	,	1	,	7	,	37	,	0	>
<1584	,	101	,	3	,	1	,	52	,	0	>
<1585	,	101	,	3	,	5	,	52	,	10	>
<1586	,	101	,	3	,	7	,	52	,	0	>
<1587	,	101	,	7	,	1	,	21	,	0	>
<1588	,	101	,	7	,	5	,	21	,	4	>
<1589	,	101	,	7	,	7	,	21	,	0	>
<1590	,	102	,	1	,	1	,	96	,	0	>
<1591	,	102	,	1	,	5	,	96	,	12	>
<1592	,	102	,	1	,	7	,	96	,	0	>
<1593	,	102	,	1	,	8	,	96	,	12	>
<1594	,	102	,	3	,	1	,	82	,	0	>
<1595	,	102	,	3	,	5	,	82	,	10	>
<1596	,	102	,	3	,	7	,	82	,	0	>
<1597	,	102	,	3	,	8	,	82	,	10	>
<1598	,	102	,	4	,	1	,	53	,	0	>
<1599	,	102	,	4	,	5	,	53	,	6	>
<1600	,	102	,	4	,	7	,	53	,	0	>
<1601	,	102	,	4	,	8	,	53	,	6	>
<1602	,	102	,	5	,	1	,	51	,	0	>
<1603	,	102	,	5	,	5	,	51	,	6	>
<1604	,	102	,	5	,	7	,	51	,	0	>
<1605	,	102	,	5	,	8	,	51	,	6	>
<1606	,	103	,	4	,	4	,	80	,	0	>
<1607	,	103	,	4	,	5	,	80	,	16	>
<1608	,	103	,	4	,	8	,	80	,	0	>
<1609	,	103	,	5	,	4	,	52	,	0	>
<1610	,	103	,	5	,	5	,	52	,	10	>
<1611	,	103	,	5	,	8	,	52	,	0	>
<1612	,	103	,	7	,	4	,	59	,	0	>
<1613	,	103	,	7	,	5	,	59	,	12	>
<1614	,	103	,	7	,	8	,	59	,	0	>
<1615	,	104	,	3	,	2	,	93	,	0	>
<1616	,	104	,	3	,	3	,	93	,	11	>
<1617	,	104	,	3	,	4	,	93	,	0	>
<1618	,	104	,	3	,	7	,	93	,	11	>
<1619	,	104	,	5	,	2	,	39	,	0	>
<1620	,	104	,	5	,	3	,	39	,	5	>
<1621	,	104	,	5	,	4	,	39	,	0	>
<1622	,	104	,	5	,	7	,	39	,	5	>
<1623	,	104	,	7	,	2	,	73	,	0	>
<1624	,	104	,	7	,	3	,	73	,	9	>
<1625	,	104	,	7	,	4	,	73	,	0	>
<1626	,	104	,	7	,	7	,	73	,	9	>
<1627	,	105	,	1	,	4	,	91	,	0	>
<1628	,	105	,	1	,	5	,	91	,	18	>
<1629	,	105	,	1	,	8	,	91	,	0	>
<1630	,	105	,	2	,	4	,	96	,	0	>
<1631	,	105	,	2	,	5	,	96	,	19	>
<1632	,	105	,	2	,	8	,	96	,	0	>
<1633	,	105	,	3	,	4	,	89	,	0	>
<1634	,	105	,	3	,	5	,	89	,	18	>
<1635	,	105	,	3	,	8	,	89	,	0	>
<1636	,	106	,	1	,	3	,	99	,	0	>
<1637	,	106	,	1	,	4	,	99	,	20	>
<1638	,	106	,	1	,	7	,	99	,	0	>
<1639	,	106	,	3	,	3	,	99	,	0	>
<1640	,	106	,	3	,	4	,	99	,	20	>
<1641	,	106	,	3	,	7	,	99	,	0	>
<1642	,	106	,	6	,	3	,	99	,	0	>
<1643	,	106	,	6	,	4	,	99	,	20	>
<1644	,	106	,	6	,	7	,	99	,	0	>
<1645	,	107	,	2	,	2	,	99	,	0	>
<1646	,	107	,	2	,	3	,	99	,	12	>
<1647	,	107	,	2	,	4	,	99	,	0	>
<1648	,	107	,	2	,	6	,	99	,	12	>
<1649	,	107	,	4	,	2	,	79	,	0	>
<1650	,	107	,	4	,	3	,	79	,	9	>
<1651	,	107	,	4	,	4	,	79	,	0	>
<1652	,	107	,	4	,	6	,	79	,	9	>
<1653	,	107	,	5	,	2	,	95	,	0	>
<1654	,	107	,	5	,	3	,	95	,	11	>
<1655	,	107	,	5	,	4	,	95	,	0	>
<1656	,	107	,	5	,	6	,	95	,	11	>
<1657	,	107	,	7	,	2	,	80	,	0	>
<1658	,	107	,	7	,	3	,	80	,	10	>
<1659	,	107	,	7	,	4	,	80	,	0	>
<1660	,	107	,	7	,	6	,	80	,	10	>
<1661	,	108	,	3	,	1	,	4	,	0	>
<1662	,	108	,	3	,	3	,	4	,	0	>
<1663	,	108	,	3	,	4	,	4	,	0	>
<1664	,	108	,	3	,	5	,	4	,	0	>
<1665	,	108	,	3	,	7	,	4	,	0	>
<1666	,	108	,	4	,	1	,	6	,	0	>
<1667	,	108	,	4	,	3	,	6	,	0	>
<1668	,	108	,	4	,	4	,	6	,	0	>
<1669	,	108	,	4	,	5	,	6	,	0	>
<1670	,	108	,	4	,	7	,	6	,	0	>
<1671	,	108	,	5	,	1	,	6	,	0	>
<1672	,	108	,	5	,	3	,	6	,	0	>
<1673	,	108	,	5	,	4	,	6	,	0	>
<1674	,	108	,	5	,	5	,	6	,	0	>
<1675	,	108	,	5	,	7	,	6	,	0	>
<1676	,	108	,	6	,	1	,	2	,	0	>
<1677	,	108	,	6	,	3	,	2	,	0	>
<1678	,	108	,	6	,	4	,	2	,	0	>
<1679	,	108	,	6	,	5	,	2	,	0	>
<1680	,	108	,	6	,	7	,	2	,	0	>
<1681	,	108	,	7	,	1	,	2	,	0	>
<1682	,	108	,	7	,	3	,	2	,	0	>
<1683	,	108	,	7	,	4	,	2	,	0	>
<1684	,	108	,	7	,	5	,	2	,	0	>
<1685	,	108	,	7	,	7	,	2	,	0	>
<1686	,	109	,	1	,	1	,	4	,	0	>
<1687	,	109	,	1	,	2	,	4	,	0	>
<1688	,	109	,	1	,	7	,	4	,	0	>
<1689	,	109	,	1	,	8	,	4	,	0	>
<1690	,	109	,	2	,	1	,	4	,	0	>
<1691	,	109	,	2	,	2	,	4	,	0	>
<1692	,	109	,	2	,	7	,	4	,	0	>
<1693	,	109	,	2	,	8	,	4	,	0	>
<1694	,	109	,	5	,	1	,	10	,	0	>
<1695	,	109	,	5	,	2	,	10	,	1	>
<1696	,	109	,	5	,	7	,	10	,	0	>
<1697	,	109	,	5	,	8	,	10	,	1	>
<1698	,	109	,	6	,	1	,	12	,	0	>
<1699	,	109	,	6	,	2	,	12	,	1	>
<1700	,	109	,	6	,	7	,	12	,	0	>
<1701	,	109	,	6	,	8	,	12	,	1	>
<1702	,	110	,	1	,	2	,	48	,	0	>
<1703	,	110	,	1	,	4	,	48	,	6	>
<1704	,	110	,	1	,	5	,	48	,	0	>
<1705	,	110	,	1	,	6	,	48	,	6	>
<1706	,	110	,	4	,	2	,	56	,	0	>
<1707	,	110	,	4	,	4	,	56	,	7	>
<1708	,	110	,	4	,	5	,	56	,	0	>
<1709	,	110	,	4	,	6	,	56	,	7	>
<1710	,	110	,	5	,	2	,	96	,	0	>
<1711	,	110	,	5	,	4	,	96	,	12	>
<1712	,	110	,	5	,	5	,	96	,	0	>
<1713	,	110	,	5	,	6	,	96	,	12	>
<1714	,	110	,	7	,	2	,	72	,	0	>
<1715	,	110	,	7	,	4	,	72	,	9	>
<1716	,	110	,	7	,	5	,	72	,	0	>
<1717	,	110	,	7	,	6	,	72	,	9	>
<1718	,	111	,	1	,	3	,	70	,	0	>
<1719	,	111	,	1	,	6	,	70	,	14	>
<1720	,	111	,	1	,	8	,	70	,	0	>
<1721	,	111	,	3	,	3	,	75	,	0	>
<1722	,	111	,	3	,	6	,	75	,	15	>
<1723	,	111	,	3	,	8	,	75	,	0	>
<1724	,	111	,	5	,	3	,	82	,	0	>
<1725	,	111	,	5	,	6	,	82	,	16	>
<1726	,	111	,	5	,	8	,	82	,	0	>
<1727	,	111	,	6	,	3	,	97	,	0	>
<1728	,	111	,	6	,	6	,	97	,	19	>
<1729	,	111	,	6	,	8	,	97	,	0	>
<1730	,	111	,	7	,	3	,	93	,	0	>
<1731	,	111	,	7	,	6	,	93	,	19	>
<1732	,	111	,	7	,	8	,	93	,	0	>
<1733	,	112	,	1	,	1	,	75	,	0	>
<1734	,	112	,	1	,	4	,	75	,	15	>
<1735	,	112	,	1	,	6	,	75	,	0	>
<1736	,	112	,	2	,	1	,	67	,	0	>
<1737	,	112	,	2	,	4	,	67	,	13	>
<1738	,	112	,	2	,	6	,	67	,	0	>
<1739	,	112	,	5	,	1	,	87	,	0	>
<1740	,	112	,	5	,	4	,	87	,	17	>
<1741	,	112	,	5	,	6	,	87	,	0	>
<1742	,	113	,	5	,	2	,	16	,	0	>
<1743	,	113	,	5	,	4	,	16	,	2	>
<1744	,	113	,	5	,	6	,	16	,	0	>
<1745	,	113	,	5	,	7	,	16	,	2	>
<1746	,	113	,	6	,	2	,	35	,	0	>
<1747	,	113	,	6	,	4	,	35	,	4	>
<1748	,	113	,	6	,	6	,	35	,	0	>
<1749	,	113	,	6	,	7	,	35	,	4	>
<1750	,	113	,	7	,	2	,	16	,	0	>
<1751	,	113	,	7	,	4	,	16	,	2	>
<1752	,	113	,	7	,	6	,	16	,	0	>
<1753	,	113	,	7	,	7	,	16	,	2	>
<1754	,	114	,	1	,	3	,	28	,	0	>
<1755	,	114	,	1	,	5	,	28	,	3	>
<1756	,	114	,	1	,	6	,	28	,	0	>
<1757	,	114	,	1	,	8	,	28	,	3	>
<1758	,	114	,	3	,	3	,	37	,	0	>
<1759	,	114	,	3	,	5	,	37	,	4	>
<1760	,	114	,	3	,	6	,	37	,	0	>
<1761	,	114	,	3	,	8	,	37	,	4	>
<1762	,	114	,	5	,	3	,	21	,	0	>
<1763	,	114	,	5	,	5	,	21	,	3	>
<1764	,	114	,	5	,	6	,	21	,	0	>
<1765	,	114	,	5	,	8	,	21	,	3	>
<1766	,	114	,	6	,	3	,	47	,	0	>
<1767	,	114	,	6	,	5	,	47	,	6	>
<1768	,	114	,	6	,	6	,	47	,	0	>
<1769	,	114	,	6	,	8	,	47	,	6	>
<1770	,	115	,	1	,	1	,	90	,	0	>
<1771	,	115	,	1	,	2	,	90	,	6	>
<1772	,	115	,	1	,	3	,	90	,	0	>
<1773	,	115	,	1	,	6	,	90	,	6	>
<1774	,	115	,	1	,	7	,	90	,	0	>
<1775	,	115	,	2	,	1	,	44	,	0	>
<1776	,	115	,	2	,	2	,	44	,	3	>
<1777	,	115	,	2	,	3	,	44	,	0	>
<1778	,	115	,	2	,	6	,	44	,	3	>
<1779	,	115	,	2	,	7	,	44	,	0	>
<1780	,	115	,	3	,	1	,	54	,	0	>
<1781	,	115	,	3	,	2	,	54	,	4	>
<1782	,	115	,	3	,	3	,	54	,	0	>
<1783	,	115	,	3	,	6	,	54	,	4	>
<1784	,	115	,	3	,	7	,	54	,	0	>
<1785	,	115	,	4	,	1	,	38	,	0	>
<1786	,	115	,	4	,	2	,	38	,	3	>
<1787	,	115	,	4	,	3	,	38	,	0	>
<1788	,	115	,	4	,	6	,	38	,	3	>
<1789	,	115	,	4	,	7	,	38	,	0	>
<1790	,	116	,	1	,	1	,	60	,	0	>
<1791	,	116	,	1	,	2	,	60	,	4	>
<1792	,	116	,	1	,	3	,	60	,	0	>
<1793	,	116	,	1	,	7	,	60	,	4	>
<1794	,	116	,	1	,	8	,	60	,	0	>
<1795	,	116	,	2	,	1	,	78	,	0	>
<1796	,	116	,	2	,	2	,	78	,	6	>
<1797	,	116	,	2	,	3	,	78	,	0	>
<1798	,	116	,	2	,	7	,	78	,	6	>
<1799	,	116	,	2	,	8	,	78	,	0	>
<1800	,	116	,	5	,	1	,	51	,	0	>
<1801	,	116	,	5	,	2	,	51	,	4	>
<1802	,	116	,	5	,	3	,	51	,	0	>
<1803	,	116	,	5	,	7	,	51	,	4	>
<1804	,	116	,	5	,	8	,	51	,	0	>
<1805	,	116	,	7	,	1	,	57	,	0	>
<1806	,	116	,	7	,	2	,	57	,	4	>
<1807	,	116	,	7	,	3	,	57	,	0	>
<1808	,	116	,	7	,	7	,	57	,	4	>
<1809	,	116	,	7	,	8	,	57	,	0	>
};