// XtraLGS y resolución directa de hechoDRC_DAFJS25_w6_vamos5_123ops9m6w10jobs.txt:  1821 modos  mks1094 en 12h 1minuto
// 23mar25 10:25 
IS_ALOBRUTO=1;


// DAFJS25 pero DCR:  hechoDRC_DAFJS25_w6_vamos5_123ops9m6w10jobs.txt
//        Ntaks, nMachs, nWORKERs
Params = 	<123,9, 6>;

precedences ={
<	1	,	2	,	0	>,
<	2	,	7	,	0	>,
<	3	,	4	,	0	>,
<	4	,	7	,	0	>,
<	5	,	6	,	0	>,
<	6	,	7	,	0	>,
<	7	,	8	,	0	>,
<	8	,	9	,	0	>,
<	9	,	10	,	0	>,
<	11	,	12	,	0	>,
<	12	,	13	,	0	>,
<	13	,	14	,	0	>,
<	14	,	15	,	0	>,
<	15	,	16	,	0	>,
<	16	,	17	,	0	>,
<	17	,	18	,	0	>,
<	11	,	19	,	0	>,
<	19	,	20	,	0	>,
<	20	,	21	,	0	>,
<	21	,	22	,	0	>,
<	22	,	23	,	0	>,
<	23	,	24	,	0	>,
<	24	,	25	,	0	>,
<	26	,	27	,	0	>,
<	27	,	28	,	0	>,
<	28	,	29	,	0	>,
<	29	,	30	,	0	>,
<	30	,	31	,	0	>,
<	31	,	32	,	0	>,
<	32	,	39	,	0	>,
<	26	,	33	,	0	>,
<	33	,	34	,	0	>,
<	34	,	35	,	0	>,
<	35	,	36	,	0	>,
<	36	,	37	,	0	>,
<	37	,	38	,	0	>,
<	38	,	39	,	0	>,
<	40	,	41	,	0	>,
<	41	,	42	,	0	>,
<	42	,	43	,	0	>,
<	43	,	44	,	0	>,
<	44	,	45	,	0	>,
<	45	,	46	,	0	>,
<	46	,	47	,	0	>,
<	45	,	48	,	0	>,
<	48	,	49	,	0	>,
<	45	,	50	,	0	>,
<	50	,	51	,	0	>,
<	52	,	53	,	0	>,
<	53	,	54	,	0	>,
<	54	,	55	,	0	>,
<	55	,	64	,	0	>,
<	56	,	57	,	0	>,
<	57	,	58	,	0	>,
<	58	,	59	,	0	>,
<	59	,	64	,	0	>,
<	60	,	61	,	0	>,
<	61	,	62	,	0	>,
<	62	,	63	,	0	>,
<	63	,	64	,	0	>,
<	64	,	65	,	0	>,
<	66	,	67	,	0	>,
<	67	,	68	,	0	>,
<	68	,	69	,	0	>,
<	69	,	70	,	0	>,
<	70	,	73	,	0	>,
<	68	,	71	,	0	>,
<	71	,	72	,	0	>,
<	72	,	73	,	0	>,
<	73	,	74	,	0	>,
<	75	,	76	,	0	>,
<	76	,	77	,	0	>,
<	77	,	78	,	0	>,
<	78	,	79	,	0	>,
<	79	,	82	,	0	>,
<	78	,	80	,	0	>,
<	80	,	82	,	0	>,
<	78	,	81	,	0	>,
<	81	,	82	,	0	>,
<	82	,	83	,	0	>,
<	83	,	84	,	0	>,
<	85	,	86	,	0	>,
<	86	,	87	,	0	>,
<	87	,	88	,	0	>,
<	88	,	89	,	0	>,
<	89	,	90	,	0	>,
<	90	,	91	,	0	>,
<	90	,	92	,	0	>,
<	90	,	93	,	0	>,
<	94	,	95	,	0	>,
<	95	,	96	,	0	>,
<	96	,	97	,	0	>,
<	97	,	98	,	0	>,
<	98	,	99	,	0	>,
<	99	,	100	,	0	>,
<	100	,	111	,	0	>,
<	95	,	101	,	0	>,
<	101	,	102	,	0	>,
<	102	,	103	,	0	>,
<	103	,	104	,	0	>,
<	104	,	105	,	0	>,
<	105	,	111	,	0	>,
<	95	,	106	,	0	>,
<	106	,	107	,	0	>,
<	107	,	108	,	0	>,
<	108	,	109	,	0	>,
<	109	,	110	,	0	>,
<	110	,	111	,	0	>,
<	111	,	112	,	0	>,
<	113	,	114	,	0	>,
<	114	,	115	,	0	>,
<	115	,	116	,	0	>,
<	116	,	117	,	0	>,
<	117	,	118	,	0	>,
<	118	,	119	,	0	>,
<	119	,	120	,	0	>,
<	120	,	121	,	0	>,
<	120	,	122	,	0	>,
<	120	,	123	,	0	>
};


Modes = {
<0	,	1	,	1	,	1	,	75	,	0	>
<1	,	1	,	1	,	2	,	75	,	3	>
<2	,	1	,	1	,	4	,	75	,	0	>
<3	,	1	,	1	,	5	,	75	,	3	>
<4	,	1	,	4	,	1	,	75	,	0	>
<5	,	1	,	4	,	2	,	75	,	3	>
<6	,	1	,	4	,	4	,	75	,	0	>
<7	,	1	,	4	,	5	,	75	,	3	>
<8	,	1	,	8	,	1	,	79	,	0	>
<9	,	1	,	8	,	2	,	79	,	3	>
<10	,	1	,	8	,	4	,	79	,	0	>
<11	,	1	,	8	,	5	,	79	,	3	>
<12	,	1	,	9	,	1	,	80	,	0	>
<13	,	1	,	9	,	2	,	80	,	3	>
<14	,	1	,	9	,	4	,	80	,	0	>
<15	,	1	,	9	,	5	,	80	,	3	>
<16	,	2	,	1	,	1	,	4	,	0	>
<17	,	2	,	1	,	2	,	4	,	0	>
<18	,	2	,	1	,	3	,	4	,	0	>
<19	,	2	,	1	,	6	,	4	,	0	>
<20	,	2	,	2	,	1	,	3	,	0	>
<21	,	2	,	2	,	2	,	3	,	0	>
<22	,	2	,	2	,	3	,	3	,	0	>
<23	,	2	,	2	,	6	,	3	,	0	>
<24	,	2	,	4	,	1	,	2	,	0	>
<25	,	2	,	4	,	2	,	2	,	0	>
<26	,	2	,	4	,	3	,	2	,	0	>
<27	,	2	,	4	,	6	,	2	,	0	>
<28	,	2	,	5	,	1	,	5	,	0	>
<29	,	2	,	5	,	2	,	5	,	0	>
<30	,	2	,	5	,	3	,	5	,	0	>
<31	,	2	,	5	,	6	,	5	,	0	>
<32	,	2	,	7	,	1	,	4	,	0	>
<33	,	2	,	7	,	2	,	4	,	0	>
<34	,	2	,	7	,	3	,	4	,	0	>
<35	,	2	,	7	,	6	,	4	,	0	>
<36	,	2	,	8	,	1	,	4	,	0	>
<37	,	2	,	8	,	2	,	4	,	0	>
<38	,	2	,	8	,	3	,	4	,	0	>
<39	,	2	,	8	,	6	,	4	,	0	>
<40	,	3	,	1	,	1	,	98	,	0	>
<41	,	3	,	1	,	2	,	98	,	4	>
<42	,	3	,	1	,	3	,	98	,	0	>
<43	,	3	,	1	,	6	,	98	,	4	>
<44	,	3	,	4	,	1	,	87	,	0	>
<45	,	3	,	4	,	2	,	87	,	3	>
<46	,	3	,	4	,	3	,	87	,	0	>
<47	,	3	,	4	,	6	,	87	,	3	>
<48	,	3	,	5	,	1	,	68	,	0	>
<49	,	3	,	5	,	2	,	68	,	3	>
<50	,	3	,	5	,	3	,	68	,	0	>
<51	,	3	,	5	,	6	,	68	,	3	>
<52	,	3	,	6	,	1	,	63	,	0	>
<53	,	3	,	6	,	2	,	63	,	2	>
<54	,	3	,	6	,	3	,	63	,	0	>
<55	,	3	,	6	,	6	,	63	,	2	>
<56	,	3	,	8	,	1	,	94	,	0	>
<57	,	3	,	8	,	2	,	94	,	4	>
<58	,	3	,	8	,	3	,	94	,	0	>
<59	,	3	,	8	,	6	,	94	,	4	>
<60	,	4	,	1	,	2	,	57	,	0	>
<61	,	4	,	1	,	5	,	57	,	4	>
<62	,	4	,	1	,	6	,	57	,	0	>
<63	,	4	,	3	,	2	,	89	,	0	>
<64	,	4	,	3	,	5	,	89	,	7	>
<65	,	4	,	3	,	6	,	89	,	0	>
<66	,	4	,	4	,	2	,	77	,	0	>
<67	,	4	,	4	,	5	,	77	,	6	>
<68	,	4	,	4	,	6	,	77	,	0	>
<69	,	4	,	7	,	2	,	59	,	0	>
<70	,	4	,	7	,	5	,	59	,	4	>
<71	,	4	,	7	,	6	,	59	,	0	>
<72	,	4	,	8	,	2	,	91	,	0	>
<73	,	4	,	8	,	5	,	91	,	7	>
<74	,	4	,	8	,	6	,	91	,	0	>
<75	,	4	,	9	,	2	,	99	,	0	>
<76	,	4	,	9	,	5	,	99	,	7	>
<77	,	4	,	9	,	6	,	99	,	0	>
<78	,	5	,	2	,	1	,	77	,	0	>
<79	,	5	,	2	,	6	,	77	,	12	>
<80	,	5	,	4	,	1	,	79	,	0	>
<81	,	5	,	4	,	6	,	79	,	12	>
<82	,	5	,	5	,	1	,	77	,	0	>
<83	,	5	,	5	,	6	,	77	,	12	>
<84	,	5	,	6	,	1	,	97	,	0	>
<85	,	5	,	6	,	6	,	97	,	15	>
<86	,	6	,	3	,	3	,	78	,	0	>
<87	,	6	,	3	,	5	,	78	,	6	>
<88	,	6	,	3	,	6	,	78	,	0	>
<89	,	6	,	6	,	3	,	87	,	0	>
<90	,	6	,	6	,	5	,	87	,	7	>
<91	,	6	,	6	,	6	,	87	,	0	>
<92	,	6	,	8	,	3	,	84	,	0	>
<93	,	6	,	8	,	5	,	84	,	6	>
<94	,	6	,	8	,	6	,	84	,	0	>
<95	,	6	,	9	,	3	,	97	,	0	>
<96	,	6	,	9	,	5	,	97	,	7	>
<97	,	6	,	9	,	6	,	97	,	0	>
<98	,	7	,	1	,	1	,	25	,	0	>
<99	,	7	,	1	,	2	,	25	,	2	>
<100	,	7	,	1	,	5	,	25	,	0	>
<101	,	7	,	6	,	1	,	35	,	0	>
<102	,	7	,	6	,	2	,	35	,	3	>
<103	,	7	,	6	,	5	,	35	,	0	>
<104	,	7	,	7	,	1	,	37	,	0	>
<105	,	7	,	7	,	2	,	37	,	3	>
<106	,	7	,	7	,	5	,	37	,	0	>
<107	,	7	,	8	,	1	,	25	,	0	>
<108	,	7	,	8	,	2	,	25	,	2	>
<109	,	7	,	8	,	5	,	25	,	0	>
<110	,	7	,	9	,	1	,	61	,	0	>
<111	,	7	,	9	,	2	,	61	,	5	>
<112	,	7	,	9	,	5	,	61	,	0	>
<113	,	8	,	1	,	2	,	86	,	0	>
<114	,	8	,	1	,	4	,	86	,	3	>
<115	,	8	,	1	,	5	,	86	,	0	>
<116	,	8	,	1	,	6	,	86	,	3	>
<117	,	8	,	2	,	2	,	80	,	0	>
<118	,	8	,	2	,	4	,	80	,	3	>
<119	,	8	,	2	,	5	,	80	,	0	>
<120	,	8	,	2	,	6	,	80	,	3	>
<121	,	8	,	4	,	2	,	44	,	0	>
<122	,	8	,	4	,	4	,	44	,	2	>
<123	,	8	,	4	,	5	,	44	,	0	>
<124	,	8	,	4	,	6	,	44	,	2	>
<125	,	8	,	6	,	2	,	77	,	0	>
<126	,	8	,	6	,	4	,	77	,	3	>
<127	,	8	,	6	,	5	,	77	,	0	>
<128	,	8	,	6	,	6	,	77	,	3	>
<129	,	8	,	8	,	2	,	83	,	0	>
<130	,	8	,	8	,	4	,	83	,	3	>
<131	,	8	,	8	,	5	,	83	,	0	>
<132	,	8	,	8	,	6	,	83	,	3	>
<133	,	8	,	9	,	2	,	85	,	0	>
<134	,	8	,	9	,	4	,	85	,	3	>
<135	,	8	,	9	,	5	,	85	,	0	>
<136	,	8	,	9	,	6	,	85	,	3	>
<137	,	9	,	3	,	5	,	13	,	0	>
<138	,	9	,	3	,	6	,	13	,	2	>
<139	,	9	,	4	,	5	,	11	,	0	>
<140	,	9	,	4	,	6	,	11	,	2	>
<141	,	9	,	7	,	5	,	5	,	0	>
<142	,	9	,	7	,	6	,	5	,	1	>
<143	,	9	,	8	,	5	,	7	,	0	>
<144	,	9	,	8	,	6	,	7	,	1	>
<145	,	9	,	9	,	5	,	10	,	0	>
<146	,	9	,	9	,	6	,	10	,	2	>
<147	,	10	,	1	,	2	,	13	,	0	>
<148	,	10	,	1	,	5	,	13	,	2	>
<149	,	10	,	3	,	2	,	10	,	0	>
<150	,	10	,	3	,	5	,	10	,	2	>
<151	,	10	,	6	,	2	,	9	,	0	>
<152	,	10	,	6	,	5	,	9	,	1	>
<153	,	10	,	7	,	2	,	8	,	0	>
<154	,	10	,	7	,	5	,	8	,	1	>
<155	,	10	,	8	,	2	,	5	,	0	>
<156	,	10	,	8	,	5	,	5	,	1	>
<157	,	11	,	1	,	1	,	95	,	0	>
<158	,	11	,	1	,	2	,	95	,	7	>
<159	,	11	,	1	,	4	,	95	,	0	>
<160	,	11	,	2	,	1	,	76	,	0	>
<161	,	11	,	2	,	2	,	76	,	6	>
<162	,	11	,	2	,	4	,	76	,	0	>
<163	,	11	,	5	,	1	,	98	,	0	>
<164	,	11	,	5	,	2	,	98	,	7	>
<165	,	11	,	5	,	4	,	98	,	0	>
<166	,	11	,	6	,	1	,	83	,	0	>
<167	,	11	,	6	,	2	,	83	,	6	>
<168	,	11	,	6	,	4	,	83	,	0	>
<169	,	11	,	7	,	1	,	91	,	0	>
<170	,	11	,	7	,	2	,	91	,	7	>
<171	,	11	,	7	,	4	,	91	,	0	>
<172	,	11	,	9	,	1	,	80	,	0	>
<173	,	11	,	9	,	2	,	80	,	6	>
<174	,	11	,	9	,	4	,	80	,	0	>
<175	,	12	,	2	,	1	,	96	,	0	>
<176	,	12	,	2	,	3	,	96	,	4	>
<177	,	12	,	2	,	4	,	96	,	0	>
<178	,	12	,	2	,	5	,	96	,	4	>
<179	,	12	,	3	,	1	,	99	,	0	>
<180	,	12	,	3	,	3	,	99	,	4	>
<181	,	12	,	3	,	4	,	99	,	0	>
<182	,	12	,	3	,	5	,	99	,	4	>
<183	,	12	,	6	,	1	,	96	,	0	>
<184	,	12	,	6	,	3	,	96	,	4	>
<185	,	12	,	6	,	4	,	96	,	0	>
<186	,	12	,	6	,	5	,	96	,	4	>
<187	,	12	,	7	,	1	,	94	,	0	>
<188	,	12	,	7	,	3	,	94	,	4	>
<189	,	12	,	7	,	4	,	94	,	0	>
<190	,	12	,	7	,	5	,	94	,	4	>
<191	,	12	,	8	,	1	,	96	,	0	>
<192	,	12	,	8	,	3	,	96	,	4	>
<193	,	12	,	8	,	4	,	96	,	0	>
<194	,	12	,	8	,	5	,	96	,	4	>
<195	,	12	,	9	,	1	,	97	,	0	>
<196	,	12	,	9	,	3	,	97	,	4	>
<197	,	12	,	9	,	4	,	97	,	0	>
<198	,	12	,	9	,	5	,	97	,	4	>
<199	,	13	,	3	,	1	,	45	,	0	>
<200	,	13	,	3	,	4	,	45	,	7	>
<201	,	13	,	4	,	1	,	52	,	0	>
<202	,	13	,	4	,	4	,	52	,	8	>
<203	,	13	,	6	,	1	,	19	,	0	>
<204	,	13	,	6	,	4	,	19	,	3	>
<205	,	13	,	8	,	1	,	39	,	0	>
<206	,	13	,	8	,	4	,	39	,	6	>
<207	,	14	,	2	,	1	,	14	,	0	>
<208	,	14	,	2	,	2	,	14	,	1	>
<209	,	14	,	2	,	4	,	14	,	0	>
<210	,	14	,	2	,	6	,	14	,	1	>
<211	,	14	,	4	,	1	,	23	,	0	>
<212	,	14	,	4	,	2	,	23	,	1	>
<213	,	14	,	4	,	4	,	23	,	0	>
<214	,	14	,	4	,	6	,	23	,	1	>
<215	,	14	,	5	,	1	,	27	,	0	>
<216	,	14	,	5	,	2	,	27	,	1	>
<217	,	14	,	5	,	4	,	27	,	0	>
<218	,	14	,	5	,	6	,	27	,	1	>
<219	,	14	,	6	,	1	,	27	,	0	>
<220	,	14	,	6	,	2	,	27	,	1	>
<221	,	14	,	6	,	4	,	27	,	0	>
<222	,	14	,	6	,	6	,	27	,	1	>
<223	,	14	,	7	,	1	,	22	,	0	>
<224	,	14	,	7	,	2	,	22	,	1	>
<225	,	14	,	7	,	4	,	22	,	0	>
<226	,	14	,	7	,	6	,	22	,	1	>
<227	,	14	,	8	,	1	,	28	,	0	>
<228	,	14	,	8	,	2	,	28	,	1	>
<229	,	14	,	8	,	4	,	28	,	0	>
<230	,	14	,	8	,	6	,	28	,	1	>
<231	,	15	,	1	,	2	,	84	,	0	>
<232	,	15	,	1	,	4	,	84	,	6	>
<233	,	15	,	1	,	5	,	84	,	0	>
<234	,	15	,	3	,	2	,	33	,	0	>
<235	,	15	,	3	,	4	,	33	,	2	>
<236	,	15	,	3	,	5	,	33	,	0	>
<237	,	15	,	5	,	2	,	63	,	0	>
<238	,	15	,	5	,	4	,	63	,	5	>
<239	,	15	,	5	,	5	,	63	,	0	>
<240	,	15	,	8	,	2	,	43	,	0	>
<241	,	15	,	8	,	4	,	43	,	3	>
<242	,	15	,	8	,	5	,	43	,	0	>
<243	,	16	,	2	,	1	,	11	,	0	>
<244	,	16	,	2	,	3	,	11	,	2	>
<245	,	16	,	4	,	1	,	5	,	0	>
<246	,	16	,	4	,	3	,	5	,	1	>
<247	,	16	,	8	,	1	,	13	,	0	>
<248	,	16	,	8	,	3	,	13	,	2	>
<249	,	16	,	9	,	1	,	5	,	0	>
<250	,	16	,	9	,	3	,	5	,	1	>
<251	,	17	,	1	,	4	,	28	,	0	>
<252	,	17	,	1	,	6	,	28	,	4	>
<253	,	17	,	3	,	4	,	25	,	0	>
<254	,	17	,	3	,	6	,	25	,	4	>
<255	,	17	,	4	,	4	,	45	,	0	>
<256	,	17	,	4	,	6	,	45	,	7	>
<257	,	17	,	5	,	4	,	26	,	0	>
<258	,	17	,	5	,	6	,	26	,	4	>
<259	,	17	,	7	,	4	,	29	,	0	>
<260	,	17	,	7	,	6	,	29	,	4	>
<261	,	18	,	1	,	1	,	91	,	0	>
<262	,	18	,	1	,	4	,	91	,	7	>
<263	,	18	,	1	,	6	,	91	,	0	>
<264	,	18	,	2	,	1	,	52	,	0	>
<265	,	18	,	2	,	4	,	52	,	4	>
<266	,	18	,	2	,	6	,	52	,	0	>
<267	,	18	,	4	,	1	,	77	,	0	>
<268	,	18	,	4	,	4	,	77	,	6	>
<269	,	18	,	4	,	6	,	77	,	0	>
<270	,	18	,	5	,	1	,	64	,	0	>
<271	,	18	,	5	,	4	,	64	,	5	>
<272	,	18	,	5	,	6	,	64	,	0	>
<273	,	18	,	6	,	1	,	32	,	0	>
<274	,	18	,	6	,	4	,	32	,	2	>
<275	,	18	,	6	,	6	,	32	,	0	>
<276	,	18	,	7	,	1	,	79	,	0	>
<277	,	18	,	7	,	4	,	79	,	6	>
<278	,	18	,	7	,	6	,	79	,	0	>
<279	,	19	,	1	,	1	,	89	,	0	>
<280	,	19	,	1	,	3	,	89	,	13	>
<281	,	19	,	2	,	1	,	44	,	0	>
<282	,	19	,	2	,	3	,	44	,	7	>
<283	,	19	,	7	,	1	,	71	,	0	>
<284	,	19	,	7	,	3	,	71	,	11	>
<285	,	19	,	8	,	1	,	97	,	0	>
<286	,	19	,	8	,	3	,	97	,	15	>
<287	,	20	,	1	,	1	,	14	,	0	>
<288	,	20	,	1	,	2	,	14	,	1	>
<289	,	20	,	1	,	4	,	14	,	0	>
<290	,	20	,	1	,	5	,	14	,	1	>
<291	,	20	,	2	,	1	,	34	,	0	>
<292	,	20	,	2	,	2	,	34	,	1	>
<293	,	20	,	2	,	4	,	34	,	0	>
<294	,	20	,	2	,	5	,	34	,	1	>
<295	,	20	,	6	,	1	,	33	,	0	>
<296	,	20	,	6	,	2	,	33	,	1	>
<297	,	20	,	6	,	4	,	33	,	0	>
<298	,	20	,	6	,	5	,	33	,	1	>
<299	,	20	,	7	,	1	,	34	,	0	>
<300	,	20	,	7	,	2	,	34	,	1	>
<301	,	20	,	7	,	4	,	34	,	0	>
<302	,	20	,	7	,	5	,	34	,	1	>
<303	,	21	,	1	,	3	,	84	,	0	>
<304	,	21	,	1	,	4	,	84	,	13	>
<305	,	21	,	3	,	3	,	69	,	0	>
<306	,	21	,	3	,	4	,	69	,	10	>
<307	,	21	,	4	,	3	,	52	,	0	>
<308	,	21	,	4	,	4	,	52	,	8	>
<309	,	21	,	5	,	3	,	72	,	0	>
<310	,	21	,	5	,	4	,	72	,	11	>
<311	,	21	,	9	,	3	,	52	,	0	>
<312	,	21	,	9	,	4	,	52	,	8	>
<313	,	22	,	1	,	3	,	41	,	0	>
<314	,	22	,	1	,	4	,	41	,	6	>
<315	,	22	,	4	,	3	,	64	,	0	>
<316	,	22	,	4	,	4	,	64	,	10	>
<317	,	22	,	5	,	3	,	88	,	0	>
<318	,	22	,	5	,	4	,	88	,	13	>
<319	,	22	,	7	,	3	,	79	,	0	>
<320	,	22	,	7	,	4	,	79	,	12	>
<321	,	23	,	4	,	4	,	24	,	0	>
<322	,	23	,	4	,	6	,	24	,	4	>
<323	,	23	,	6	,	4	,	9	,	0	>
<324	,	23	,	6	,	6	,	9	,	1	>
<325	,	23	,	7	,	4	,	20	,	0	>
<326	,	23	,	7	,	6	,	20	,	3	>
<327	,	23	,	8	,	4	,	9	,	0	>
<328	,	23	,	8	,	6	,	9	,	1	>
<329	,	24	,	1	,	2	,	72	,	0	>
<330	,	24	,	1	,	3	,	72	,	11	>
<331	,	24	,	3	,	2	,	78	,	0	>
<332	,	24	,	3	,	3	,	78	,	12	>
<333	,	24	,	4	,	2	,	75	,	0	>
<334	,	24	,	4	,	3	,	75	,	11	>
<335	,	24	,	6	,	2	,	70	,	0	>
<336	,	24	,	6	,	3	,	70	,	10	>
<337	,	24	,	8	,	2	,	97	,	0	>
<338	,	24	,	8	,	3	,	97	,	15	>
<339	,	24	,	9	,	2	,	74	,	0	>
<340	,	24	,	9	,	3	,	74	,	11	>
<341	,	25	,	2	,	1	,	83	,	0	>
<342	,	25	,	2	,	3	,	83	,	6	>
<343	,	25	,	2	,	6	,	83	,	0	>
<344	,	25	,	4	,	1	,	83	,	0	>
<345	,	25	,	4	,	3	,	83	,	6	>
<346	,	25	,	4	,	6	,	83	,	0	>
<347	,	25	,	5	,	1	,	69	,	0	>
<348	,	25	,	5	,	3	,	69	,	5	>
<349	,	25	,	5	,	6	,	69	,	0	>
<350	,	25	,	6	,	1	,	64	,	0	>
<351	,	25	,	6	,	3	,	64	,	5	>
<352	,	25	,	6	,	6	,	64	,	0	>
<353	,	26	,	5	,	4	,	98	,	0	>
<354	,	26	,	5	,	5	,	98	,	15	>
<355	,	26	,	7	,	4	,	84	,	0	>
<356	,	26	,	7	,	5	,	84	,	13	>
<357	,	26	,	8	,	4	,	65	,	0	>
<358	,	26	,	8	,	5	,	65	,	10	>
<359	,	26	,	9	,	4	,	65	,	0	>
<360	,	26	,	9	,	5	,	65	,	10	>
<361	,	27	,	2	,	1	,	99	,	0	>
<362	,	27	,	2	,	4	,	99	,	15	>
<363	,	27	,	3	,	1	,	98	,	0	>
<364	,	27	,	3	,	4	,	98	,	15	>
<365	,	27	,	4	,	1	,	93	,	0	>
<366	,	27	,	4	,	4	,	93	,	14	>
<367	,	27	,	6	,	1	,	95	,	0	>
<368	,	27	,	6	,	4	,	95	,	14	>
<369	,	27	,	9	,	1	,	95	,	0	>
<370	,	27	,	9	,	4	,	95	,	14	>
<371	,	28	,	1	,	1	,	11	,	0	>
<372	,	28	,	1	,	2	,	11	,	0	>
<373	,	28	,	1	,	4	,	11	,	0	>
<374	,	28	,	1	,	5	,	11	,	0	>
<375	,	28	,	2	,	1	,	20	,	0	>
<376	,	28	,	2	,	2	,	20	,	1	>
<377	,	28	,	2	,	4	,	20	,	0	>
<378	,	28	,	2	,	5	,	20	,	1	>
<379	,	28	,	6	,	1	,	24	,	0	>
<380	,	28	,	6	,	2	,	24	,	1	>
<381	,	28	,	6	,	4	,	24	,	0	>
<382	,	28	,	6	,	5	,	24	,	1	>
<383	,	28	,	7	,	1	,	8	,	0	>
<384	,	28	,	7	,	2	,	8	,	0	>
<385	,	28	,	7	,	4	,	8	,	0	>
<386	,	28	,	7	,	5	,	8	,	0	>
<387	,	28	,	8	,	1	,	12	,	0	>
<388	,	28	,	8	,	2	,	12	,	0	>
<389	,	28	,	8	,	4	,	12	,	0	>
<390	,	28	,	8	,	5	,	12	,	0	>
<391	,	29	,	2	,	1	,	71	,	0	>
<392	,	29	,	2	,	3	,	71	,	5	>
<393	,	29	,	2	,	5	,	71	,	0	>
<394	,	29	,	4	,	1	,	95	,	0	>
<395	,	29	,	4	,	3	,	95	,	7	>
<396	,	29	,	4	,	5	,	95	,	0	>
<397	,	29	,	7	,	1	,	98	,	0	>
<398	,	29	,	7	,	3	,	98	,	7	>
<399	,	29	,	7	,	5	,	98	,	0	>
<400	,	29	,	8	,	1	,	85	,	0	>
<401	,	29	,	8	,	3	,	85	,	6	>
<402	,	29	,	8	,	5	,	85	,	0	>
<403	,	29	,	9	,	1	,	77	,	0	>
<404	,	29	,	9	,	3	,	77	,	6	>
<405	,	29	,	9	,	5	,	77	,	0	>
<406	,	30	,	3	,	1	,	74	,	0	>
<407	,	30	,	3	,	4	,	74	,	11	>
<408	,	30	,	5	,	1	,	71	,	0	>
<409	,	30	,	5	,	4	,	71	,	11	>
<410	,	30	,	6	,	1	,	94	,	0	>
<411	,	30	,	6	,	4	,	94	,	14	>
<412	,	30	,	8	,	1	,	78	,	0	>
<413	,	30	,	8	,	4	,	78	,	12	>
<414	,	30	,	9	,	1	,	59	,	0	>
<415	,	30	,	9	,	4	,	59	,	9	>
<416	,	31	,	1	,	1	,	98	,	0	>
<417	,	31	,	1	,	2	,	98	,	4	>
<418	,	31	,	1	,	3	,	98	,	0	>
<419	,	31	,	1	,	5	,	98	,	4	>
<420	,	31	,	3	,	1	,	99	,	0	>
<421	,	31	,	3	,	2	,	99	,	4	>
<422	,	31	,	3	,	3	,	99	,	0	>
<423	,	31	,	3	,	5	,	99	,	4	>
<424	,	31	,	4	,	1	,	98	,	0	>
<425	,	31	,	4	,	2	,	98	,	4	>
<426	,	31	,	4	,	3	,	98	,	0	>
<427	,	31	,	4	,	5	,	98	,	4	>
<428	,	31	,	8	,	1	,	98	,	0	>
<429	,	31	,	8	,	2	,	98	,	4	>
<430	,	31	,	8	,	3	,	98	,	0	>
<431	,	31	,	8	,	5	,	98	,	4	>
<432	,	32	,	2	,	1	,	98	,	0	>
<433	,	32	,	2	,	4	,	98	,	4	>
<434	,	32	,	2	,	5	,	98	,	0	>
<435	,	32	,	2	,	6	,	98	,	4	>
<436	,	32	,	3	,	1	,	97	,	0	>
<437	,	32	,	3	,	4	,	97	,	4	>
<438	,	32	,	3	,	5	,	97	,	0	>
<439	,	32	,	3	,	6	,	97	,	4	>
<440	,	32	,	4	,	1	,	98	,	0	>
<441	,	32	,	4	,	4	,	98	,	4	>
<442	,	32	,	4	,	5	,	98	,	0	>
<443	,	32	,	4	,	6	,	98	,	4	>
<444	,	32	,	7	,	1	,	99	,	0	>
<445	,	32	,	7	,	4	,	99	,	4	>
<446	,	32	,	7	,	5	,	99	,	0	>
<447	,	32	,	7	,	6	,	99	,	4	>
<448	,	32	,	8	,	1	,	98	,	0	>
<449	,	32	,	8	,	4	,	98	,	4	>
<450	,	32	,	8	,	5	,	98	,	0	>
<451	,	32	,	8	,	6	,	98	,	4	>
<452	,	33	,	1	,	1	,	74	,	0	>
<453	,	33	,	1	,	5	,	74	,	11	>
<454	,	33	,	4	,	1	,	98	,	0	>
<455	,	33	,	4	,	5	,	98	,	15	>
<456	,	33	,	5	,	1	,	48	,	0	>
<457	,	33	,	5	,	5	,	48	,	7	>
<458	,	33	,	8	,	1	,	71	,	0	>
<459	,	33	,	8	,	5	,	71	,	11	>
<460	,	34	,	3	,	1	,	53	,	0	>
<461	,	34	,	3	,	6	,	53	,	8	>
<462	,	34	,	6	,	1	,	58	,	0	>
<463	,	34	,	6	,	6	,	58	,	9	>
<464	,	34	,	7	,	1	,	80	,	0	>
<465	,	34	,	7	,	6	,	80	,	12	>
<466	,	34	,	8	,	1	,	88	,	0	>
<467	,	34	,	8	,	6	,	88	,	13	>
<468	,	34	,	9	,	1	,	45	,	0	>
<469	,	34	,	9	,	6	,	45	,	7	>
<470	,	35	,	6	,	1	,	83	,	0	>
<471	,	35	,	6	,	3	,	83	,	6	>
<472	,	35	,	6	,	6	,	83	,	0	>
<473	,	35	,	7	,	1	,	90	,	0	>
<474	,	35	,	7	,	3	,	90	,	7	>
<475	,	35	,	7	,	6	,	90	,	0	>
<476	,	35	,	8	,	1	,	70	,	0	>
<477	,	35	,	8	,	3	,	70	,	5	>
<478	,	35	,	8	,	6	,	70	,	0	>
<479	,	35	,	9	,	1	,	98	,	0	>
<480	,	35	,	9	,	3	,	98	,	7	>
<481	,	35	,	9	,	6	,	98	,	0	>
<482	,	36	,	3	,	2	,	20	,	0	>
<483	,	36	,	3	,	5	,	20	,	3	>
<484	,	36	,	4	,	2	,	51	,	0	>
<485	,	36	,	4	,	5	,	51	,	8	>
<486	,	36	,	6	,	2	,	23	,	0	>
<487	,	36	,	6	,	5	,	23	,	3	>
<488	,	36	,	7	,	2	,	20	,	0	>
<489	,	36	,	7	,	5	,	20	,	3	>
<490	,	36	,	9	,	2	,	46	,	0	>
<491	,	36	,	9	,	5	,	46	,	7	>
<492	,	37	,	2	,	1	,	82	,	0	>
<493	,	37	,	2	,	2	,	82	,	6	>
<494	,	37	,	2	,	5	,	82	,	0	>
<495	,	37	,	4	,	1	,	87	,	0	>
<496	,	37	,	4	,	2	,	87	,	7	>
<497	,	37	,	4	,	5	,	87	,	0	>
<498	,	37	,	5	,	1	,	81	,	0	>
<499	,	37	,	5	,	2	,	81	,	6	>
<500	,	37	,	5	,	5	,	81	,	0	>
<501	,	37	,	6	,	1	,	80	,	0	>
<502	,	37	,	6	,	2	,	80	,	6	>
<503	,	37	,	6	,	5	,	80	,	0	>
<504	,	37	,	7	,	1	,	92	,	0	>
<505	,	37	,	7	,	2	,	92	,	7	>
<506	,	37	,	7	,	5	,	92	,	0	>
<507	,	37	,	8	,	1	,	97	,	0	>
<508	,	37	,	8	,	2	,	97	,	7	>
<509	,	37	,	8	,	5	,	97	,	0	>
<510	,	38	,	4	,	1	,	85	,	0	>
<511	,	38	,	4	,	3	,	85	,	13	>
<512	,	38	,	7	,	1	,	52	,	0	>
<513	,	38	,	7	,	3	,	52	,	8	>
<514	,	38	,	8	,	1	,	40	,	0	>
<515	,	38	,	8	,	3	,	40	,	6	>
<516	,	38	,	9	,	1	,	88	,	0	>
<517	,	38	,	9	,	3	,	88	,	13	>
<518	,	39	,	1	,	5	,	94	,	0	>
<519	,	39	,	1	,	6	,	94	,	14	>
<520	,	39	,	2	,	5	,	96	,	0	>
<521	,	39	,	2	,	6	,	96	,	14	>
<522	,	39	,	3	,	5	,	93	,	0	>
<523	,	39	,	3	,	6	,	93	,	14	>
<524	,	39	,	9	,	5	,	94	,	0	>
<525	,	39	,	9	,	6	,	94	,	14	>
<526	,	40	,	2	,	2	,	50	,	0	>
<527	,	40	,	2	,	3	,	50	,	4	>
<528	,	40	,	2	,	4	,	50	,	0	>
<529	,	40	,	3	,	2	,	78	,	0	>
<530	,	40	,	3	,	3	,	78	,	6	>
<531	,	40	,	3	,	4	,	78	,	0	>
<532	,	40	,	5	,	2	,	74	,	0	>
<533	,	40	,	5	,	3	,	74	,	6	>
<534	,	40	,	5	,	4	,	74	,	0	>
<535	,	40	,	6	,	2	,	46	,	0	>
<536	,	40	,	6	,	3	,	46	,	3	>
<537	,	40	,	6	,	4	,	46	,	0	>
<538	,	40	,	7	,	2	,	55	,	0	>
<539	,	40	,	7	,	3	,	55	,	4	>
<540	,	40	,	7	,	4	,	55	,	0	>
<541	,	40	,	9	,	2	,	47	,	0	>
<542	,	40	,	9	,	3	,	47	,	4	>
<543	,	40	,	9	,	4	,	47	,	0	>
<544	,	41	,	2	,	1	,	12	,	0	>
<545	,	41	,	2	,	3	,	12	,	1	>
<546	,	41	,	2	,	5	,	12	,	0	>
<547	,	41	,	3	,	1	,	5	,	0	>
<548	,	41	,	3	,	3	,	5	,	0	>
<549	,	41	,	3	,	5	,	5	,	0	>
<550	,	41	,	4	,	1	,	10	,	0	>
<551	,	41	,	4	,	3	,	10	,	1	>
<552	,	41	,	4	,	5	,	10	,	0	>
<553	,	41	,	6	,	1	,	12	,	0	>
<554	,	41	,	6	,	3	,	12	,	1	>
<555	,	41	,	6	,	5	,	12	,	0	>
<556	,	41	,	7	,	1	,	4	,	0	>
<557	,	41	,	7	,	3	,	4	,	0	>
<558	,	41	,	7	,	5	,	4	,	0	>
<559	,	41	,	9	,	1	,	6	,	0	>
<560	,	41	,	9	,	3	,	6	,	0	>
<561	,	41	,	9	,	5	,	6	,	0	>
<562	,	42	,	2	,	1	,	76	,	0	>
<563	,	42	,	2	,	4	,	76	,	11	>
<564	,	42	,	3	,	1	,	82	,	0	>
<565	,	42	,	3	,	4	,	82	,	12	>
<566	,	42	,	4	,	1	,	84	,	0	>
<567	,	42	,	4	,	4	,	84	,	13	>
<568	,	42	,	7	,	1	,	82	,	0	>
<569	,	42	,	7	,	4	,	82	,	12	>
<570	,	42	,	9	,	1	,	72	,	0	>
<571	,	42	,	9	,	4	,	72	,	11	>
<572	,	43	,	3	,	1	,	88	,	0	>
<573	,	43	,	3	,	3	,	88	,	7	>
<574	,	43	,	3	,	6	,	88	,	0	>
<575	,	43	,	4	,	1	,	82	,	0	>
<576	,	43	,	4	,	3	,	82	,	6	>
<577	,	43	,	4	,	6	,	82	,	0	>
<578	,	43	,	7	,	1	,	61	,	0	>
<579	,	43	,	7	,	3	,	61	,	5	>
<580	,	43	,	7	,	6	,	61	,	0	>
<581	,	43	,	8	,	1	,	67	,	0	>
<582	,	43	,	8	,	3	,	67	,	5	>
<583	,	43	,	8	,	6	,	67	,	0	>
<584	,	44	,	1	,	1	,	35	,	0	>
<585	,	44	,	1	,	4	,	35	,	3	>
<586	,	44	,	1	,	6	,	35	,	0	>
<587	,	44	,	2	,	1	,	59	,	0	>
<588	,	44	,	2	,	4	,	59	,	4	>
<589	,	44	,	2	,	6	,	59	,	0	>
<590	,	44	,	4	,	1	,	28	,	0	>
<591	,	44	,	4	,	4	,	28	,	2	>
<592	,	44	,	4	,	6	,	28	,	0	>
<593	,	44	,	6	,	1	,	84	,	0	>
<594	,	44	,	6	,	4	,	84	,	6	>
<595	,	44	,	6	,	6	,	84	,	0	>
<596	,	44	,	7	,	1	,	33	,	0	>
<597	,	44	,	7	,	4	,	33	,	2	>
<598	,	44	,	7	,	6	,	33	,	0	>
<599	,	44	,	9	,	1	,	40	,	0	>
<600	,	44	,	9	,	4	,	40	,	3	>
<601	,	44	,	9	,	6	,	40	,	0	>
<602	,	45	,	3	,	1	,	3	,	0	>
<603	,	45	,	3	,	2	,	3	,	0	>
<604	,	45	,	3	,	4	,	3	,	0	>
<605	,	45	,	3	,	5	,	3	,	0	>
<606	,	45	,	4	,	1	,	5	,	0	>
<607	,	45	,	4	,	2	,	5	,	0	>
<608	,	45	,	4	,	4	,	5	,	0	>
<609	,	45	,	4	,	5	,	5	,	0	>
<610	,	45	,	6	,	1	,	5	,	0	>
<611	,	45	,	6	,	2	,	5	,	0	>
<612	,	45	,	6	,	4	,	5	,	0	>
<613	,	45	,	6	,	5	,	5	,	0	>
<614	,	45	,	8	,	1	,	3	,	0	>
<615	,	45	,	8	,	2	,	3	,	0	>
<616	,	45	,	8	,	4	,	3	,	0	>
<617	,	45	,	8	,	5	,	3	,	0	>
<618	,	46	,	1	,	1	,	96	,	0	>
<619	,	46	,	1	,	3	,	96	,	7	>
<620	,	46	,	1	,	6	,	96	,	0	>
<621	,	46	,	2	,	1	,	99	,	0	>
<622	,	46	,	2	,	3	,	99	,	7	>
<623	,	46	,	2	,	6	,	99	,	0	>
<624	,	46	,	4	,	1	,	98	,	0	>
<625	,	46	,	4	,	3	,	98	,	7	>
<626	,	46	,	4	,	6	,	98	,	0	>
<627	,	46	,	6	,	1	,	95	,	0	>
<628	,	46	,	6	,	3	,	95	,	7	>
<629	,	46	,	6	,	6	,	95	,	0	>
<630	,	46	,	8	,	1	,	97	,	0	>
<631	,	46	,	8	,	3	,	97	,	7	>
<632	,	46	,	8	,	6	,	97	,	0	>
<633	,	46	,	9	,	1	,	94	,	0	>
<634	,	46	,	9	,	3	,	94	,	7	>
<635	,	46	,	9	,	6	,	94	,	0	>
<636	,	47	,	4	,	1	,	80	,	0	>
<637	,	47	,	4	,	6	,	80	,	12	>
<638	,	47	,	5	,	1	,	79	,	0	>
<639	,	47	,	5	,	6	,	79	,	12	>
<640	,	47	,	7	,	1	,	91	,	0	>
<641	,	47	,	7	,	6	,	91	,	14	>
<642	,	47	,	9	,	1	,	95	,	0	>
<643	,	47	,	9	,	6	,	95	,	14	>
<644	,	48	,	2	,	1	,	70	,	0	>
<645	,	48	,	2	,	3	,	70	,	5	>
<646	,	48	,	2	,	6	,	70	,	0	>
<647	,	48	,	5	,	1	,	26	,	0	>
<648	,	48	,	5	,	3	,	26	,	2	>
<649	,	48	,	5	,	6	,	26	,	0	>
<650	,	48	,	6	,	1	,	50	,	0	>
<651	,	48	,	6	,	3	,	50	,	4	>
<652	,	48	,	6	,	6	,	50	,	0	>
<653	,	48	,	7	,	1	,	39	,	0	>
<654	,	48	,	7	,	3	,	39	,	3	>
<655	,	48	,	7	,	6	,	39	,	0	>
<656	,	48	,	8	,	1	,	28	,	0	>
<657	,	48	,	8	,	3	,	28	,	2	>
<658	,	48	,	8	,	6	,	28	,	0	>
<659	,	49	,	1	,	4	,	12	,	0	>
<660	,	49	,	1	,	6	,	12	,	2	>
<661	,	49	,	2	,	4	,	6	,	0	>
<662	,	49	,	2	,	6	,	6	,	1	>
<663	,	49	,	3	,	4	,	16	,	0	>
<664	,	49	,	3	,	6	,	16	,	2	>
<665	,	49	,	4	,	4	,	14	,	0	>
<666	,	49	,	4	,	6	,	14	,	2	>
<667	,	49	,	7	,	4	,	15	,	0	>
<668	,	49	,	7	,	6	,	15	,	2	>
<669	,	49	,	8	,	4	,	7	,	0	>
<670	,	49	,	8	,	6	,	7	,	1	>
<671	,	50	,	1	,	1	,	89	,	0	>
<672	,	50	,	1	,	2	,	89	,	7	>
<673	,	50	,	1	,	6	,	89	,	0	>
<674	,	50	,	2	,	1	,	96	,	0	>
<675	,	50	,	2	,	2	,	96	,	7	>
<676	,	50	,	2	,	6	,	96	,	0	>
<677	,	50	,	6	,	1	,	90	,	0	>
<678	,	50	,	6	,	2	,	90	,	7	>
<679	,	50	,	6	,	6	,	90	,	0	>
<680	,	50	,	7	,	1	,	94	,	0	>
<681	,	50	,	7	,	2	,	94	,	7	>
<682	,	50	,	7	,	6	,	94	,	0	>
<683	,	50	,	8	,	1	,	89	,	0	>
<684	,	50	,	8	,	2	,	89	,	7	>
<685	,	50	,	8	,	6	,	89	,	0	>
<686	,	50	,	9	,	1	,	85	,	0	>
<687	,	50	,	9	,	2	,	85	,	6	>
<688	,	50	,	9	,	6	,	85	,	0	>
<689	,	51	,	1	,	2	,	12	,	0	>
<690	,	51	,	1	,	3	,	12	,	1	>
<691	,	51	,	1	,	6	,	12	,	0	>
<692	,	51	,	2	,	2	,	18	,	0	>
<693	,	51	,	2	,	3	,	18	,	1	>
<694	,	51	,	2	,	6	,	18	,	0	>
<695	,	51	,	4	,	2	,	16	,	0	>
<696	,	51	,	4	,	3	,	16	,	1	>
<697	,	51	,	4	,	6	,	16	,	0	>
<698	,	51	,	5	,	2	,	24	,	0	>
<699	,	51	,	5	,	3	,	24	,	2	>
<700	,	51	,	5	,	6	,	24	,	0	>
<701	,	51	,	6	,	2	,	17	,	0	>
<702	,	51	,	6	,	3	,	17	,	1	>
<703	,	51	,	6	,	6	,	17	,	0	>
<704	,	51	,	7	,	2	,	22	,	0	>
<705	,	51	,	7	,	3	,	22	,	2	>
<706	,	51	,	7	,	6	,	22	,	0	>
<707	,	52	,	1	,	1	,	88	,	0	>
<708	,	52	,	1	,	2	,	88	,	7	>
<709	,	52	,	1	,	4	,	88	,	0	>
<710	,	52	,	3	,	1	,	98	,	0	>
<711	,	52	,	3	,	2	,	98	,	7	>
<712	,	52	,	3	,	4	,	98	,	0	>
<713	,	52	,	5	,	1	,	90	,	0	>
<714	,	52	,	5	,	2	,	90	,	7	>
<715	,	52	,	5	,	4	,	90	,	0	>
<716	,	52	,	7	,	1	,	96	,	0	>
<717	,	52	,	7	,	2	,	96	,	7	>
<718	,	52	,	7	,	4	,	96	,	0	>
<719	,	52	,	9	,	1	,	90	,	0	>
<720	,	52	,	9	,	2	,	90	,	7	>
<721	,	52	,	9	,	4	,	90	,	0	>
<722	,	53	,	1	,	1	,	58	,	0	>
<723	,	53	,	1	,	3	,	58	,	9	>
<724	,	53	,	2	,	1	,	41	,	0	>
<725	,	53	,	2	,	3	,	41	,	6	>
<726	,	53	,	3	,	1	,	68	,	0	>
<727	,	53	,	3	,	3	,	68	,	10	>
<728	,	53	,	4	,	1	,	32	,	0	>
<729	,	53	,	4	,	3	,	32	,	5	>
<730	,	53	,	5	,	1	,	62	,	0	>
<731	,	53	,	5	,	3	,	62	,	9	>
<732	,	53	,	9	,	1	,	27	,	0	>
<733	,	53	,	9	,	3	,	27	,	4	>
<734	,	54	,	2	,	2	,	60	,	0	>
<735	,	54	,	2	,	3	,	60	,	2	>
<736	,	54	,	2	,	4	,	60	,	0	>
<737	,	54	,	2	,	6	,	60	,	2	>
<738	,	54	,	4	,	2	,	73	,	0	>
<739	,	54	,	4	,	3	,	73	,	3	>
<740	,	54	,	4	,	4	,	73	,	0	>
<741	,	54	,	4	,	6	,	73	,	3	>
<742	,	54	,	5	,	2	,	25	,	0	>
<743	,	54	,	5	,	3	,	25	,	1	>
<744	,	54	,	5	,	4	,	25	,	0	>
<745	,	54	,	5	,	6	,	25	,	1	>
<746	,	54	,	8	,	2	,	59	,	0	>
<747	,	54	,	8	,	3	,	59	,	2	>
<748	,	54	,	8	,	4	,	59	,	0	>
<749	,	54	,	8	,	6	,	59	,	2	>
<750	,	54	,	9	,	2	,	47	,	0	>
<751	,	54	,	9	,	3	,	47	,	2	>
<752	,	54	,	9	,	4	,	47	,	0	>
<753	,	54	,	9	,	6	,	47	,	2	>
<754	,	55	,	1	,	1	,	85	,	0	>
<755	,	55	,	1	,	3	,	85	,	3	>
<756	,	55	,	1	,	4	,	85	,	0	>
<757	,	55	,	1	,	6	,	85	,	3	>
<758	,	55	,	2	,	1	,	84	,	0	>
<759	,	55	,	2	,	3	,	84	,	3	>
<760	,	55	,	2	,	4	,	84	,	0	>
<761	,	55	,	2	,	6	,	84	,	3	>
<762	,	55	,	3	,	1	,	91	,	0	>
<763	,	55	,	3	,	3	,	91	,	3	>
<764	,	55	,	3	,	4	,	91	,	0	>
<765	,	55	,	3	,	6	,	91	,	3	>
<766	,	55	,	4	,	1	,	91	,	0	>
<767	,	55	,	4	,	3	,	91	,	3	>
<768	,	55	,	4	,	4	,	91	,	0	>
<769	,	55	,	4	,	6	,	91	,	3	>
<770	,	55	,	6	,	1	,	84	,	0	>
<771	,	55	,	6	,	3	,	84	,	3	>
<772	,	55	,	6	,	4	,	84	,	0	>
<773	,	55	,	6	,	6	,	84	,	3	>
<774	,	55	,	9	,	1	,	85	,	0	>
<775	,	55	,	9	,	3	,	85	,	3	>
<776	,	55	,	9	,	4	,	85	,	0	>
<777	,	55	,	9	,	6	,	85	,	3	>
<778	,	56	,	1	,	1	,	65	,	0	>
<779	,	56	,	1	,	3	,	65	,	5	>
<780	,	56	,	1	,	6	,	65	,	0	>
<781	,	56	,	2	,	1	,	76	,	0	>
<782	,	56	,	2	,	3	,	76	,	6	>
<783	,	56	,	2	,	6	,	76	,	0	>
<784	,	56	,	4	,	1	,	46	,	0	>
<785	,	56	,	4	,	3	,	46	,	3	>
<786	,	56	,	4	,	6	,	46	,	0	>
<787	,	56	,	5	,	1	,	87	,	0	>
<788	,	56	,	5	,	3	,	87	,	7	>
<789	,	56	,	5	,	6	,	87	,	0	>
<790	,	56	,	9	,	1	,	92	,	0	>
<791	,	56	,	9	,	3	,	92	,	7	>
<792	,	56	,	9	,	6	,	92	,	0	>
<793	,	57	,	1	,	2	,	65	,	0	>
<794	,	57	,	1	,	3	,	65	,	2	>
<795	,	57	,	1	,	4	,	65	,	0	>
<796	,	57	,	1	,	5	,	65	,	2	>
<797	,	57	,	5	,	2	,	27	,	0	>
<798	,	57	,	5	,	3	,	27	,	1	>
<799	,	57	,	5	,	4	,	27	,	0	>
<800	,	57	,	5	,	5	,	27	,	1	>
<801	,	57	,	6	,	2	,	38	,	0	>
<802	,	57	,	6	,	3	,	38	,	1	>
<803	,	57	,	6	,	4	,	38	,	0	>
<804	,	57	,	6	,	5	,	38	,	1	>
<805	,	57	,	8	,	2	,	33	,	0	>
<806	,	57	,	8	,	3	,	33	,	1	>
<807	,	57	,	8	,	4	,	33	,	0	>
<808	,	57	,	8	,	5	,	33	,	1	>
<809	,	58	,	2	,	2	,	15	,	0	>
<810	,	58	,	2	,	3	,	15	,	2	>
<811	,	58	,	4	,	2	,	23	,	0	>
<812	,	58	,	4	,	3	,	23	,	3	>
<813	,	58	,	6	,	2	,	36	,	0	>
<814	,	58	,	6	,	3	,	36	,	5	>
<815	,	58	,	7	,	2	,	40	,	0	>
<816	,	58	,	7	,	3	,	40	,	6	>
<817	,	58	,	8	,	2	,	15	,	0	>
<818	,	58	,	8	,	3	,	15	,	2	>
<819	,	59	,	1	,	1	,	38	,	0	>
<820	,	59	,	1	,	6	,	38	,	6	>
<821	,	59	,	2	,	1	,	24	,	0	>
<822	,	59	,	2	,	6	,	24	,	4	>
<823	,	59	,	3	,	1	,	43	,	0	>
<824	,	59	,	3	,	6	,	43	,	6	>
<825	,	59	,	4	,	1	,	35	,	0	>
<826	,	59	,	4	,	6	,	35	,	5	>
<827	,	59	,	6	,	1	,	15	,	0	>
<828	,	59	,	6	,	6	,	15	,	2	>
<829	,	59	,	8	,	1	,	15	,	0	>
<830	,	59	,	8	,	6	,	15	,	2	>
<831	,	60	,	1	,	1	,	63	,	0	>
<832	,	60	,	1	,	3	,	63	,	5	>
<833	,	60	,	1	,	6	,	63	,	0	>
<834	,	60	,	2	,	1	,	58	,	0	>
<835	,	60	,	2	,	3	,	58	,	4	>
<836	,	60	,	2	,	6	,	58	,	0	>
<837	,	60	,	3	,	1	,	81	,	0	>
<838	,	60	,	3	,	3	,	81	,	6	>
<839	,	60	,	3	,	6	,	81	,	0	>
<840	,	60	,	5	,	1	,	92	,	0	>
<841	,	60	,	5	,	3	,	92	,	7	>
<842	,	60	,	5	,	6	,	92	,	0	>
<843	,	60	,	6	,	1	,	65	,	0	>
<844	,	60	,	6	,	3	,	65	,	5	>
<845	,	60	,	6	,	6	,	65	,	0	>
<846	,	60	,	9	,	1	,	89	,	0	>
<847	,	60	,	9	,	3	,	89	,	7	>
<848	,	60	,	9	,	6	,	89	,	0	>
<849	,	61	,	2	,	3	,	73	,	0	>
<850	,	61	,	2	,	6	,	73	,	11	>
<851	,	61	,	3	,	3	,	78	,	0	>
<852	,	61	,	3	,	6	,	78	,	12	>
<853	,	61	,	4	,	3	,	72	,	0	>
<854	,	61	,	4	,	6	,	72	,	11	>
<855	,	61	,	5	,	3	,	71	,	0	>
<856	,	61	,	5	,	6	,	71	,	11	>
<857	,	61	,	7	,	3	,	40	,	0	>
<858	,	61	,	7	,	6	,	40	,	6	>
<859	,	62	,	1	,	2	,	3	,	0	>
<860	,	62	,	1	,	5	,	3	,	0	>
<861	,	62	,	2	,	2	,	3	,	0	>
<862	,	62	,	2	,	5	,	3	,	0	>
<863	,	62	,	3	,	2	,	1	,	0	>
<864	,	62	,	3	,	5	,	1	,	0	>
<865	,	62	,	5	,	2	,	1	,	0	>
<866	,	62	,	5	,	5	,	1	,	0	>
<867	,	62	,	6	,	2	,	3	,	0	>
<868	,	62	,	6	,	5	,	3	,	0	>
<869	,	62	,	7	,	2	,	3	,	0	>
<870	,	62	,	7	,	5	,	3	,	0	>
<871	,	63	,	1	,	1	,	3	,	0	>
<872	,	63	,	1	,	2	,	3	,	0	>
<873	,	63	,	1	,	6	,	3	,	0	>
<874	,	63	,	6	,	1	,	1	,	0	>
<875	,	63	,	6	,	2	,	1	,	0	>
<876	,	63	,	6	,	6	,	1	,	0	>
<877	,	63	,	7	,	1	,	1	,	0	>
<878	,	63	,	7	,	2	,	1	,	0	>
<879	,	63	,	7	,	6	,	1	,	0	>
<880	,	63	,	9	,	1	,	3	,	0	>
<881	,	63	,	9	,	2	,	3	,	0	>
<882	,	63	,	9	,	6	,	3	,	0	>
<883	,	64	,	3	,	1	,	18	,	0	>
<884	,	64	,	3	,	2	,	18	,	1	>
<885	,	64	,	3	,	3	,	18	,	0	>
<886	,	64	,	6	,	1	,	51	,	0	>
<887	,	64	,	6	,	2	,	51	,	4	>
<888	,	64	,	6	,	3	,	51	,	0	>
<889	,	64	,	8	,	1	,	42	,	0	>
<890	,	64	,	8	,	2	,	42	,	3	>
<891	,	64	,	8	,	3	,	42	,	0	>
<892	,	64	,	9	,	1	,	43	,	0	>
<893	,	64	,	9	,	2	,	43	,	3	>
<894	,	64	,	9	,	3	,	43	,	0	>
<895	,	65	,	1	,	2	,	98	,	0	>
<896	,	65	,	1	,	3	,	98	,	15	>
<897	,	65	,	2	,	2	,	93	,	0	>
<898	,	65	,	2	,	3	,	93	,	14	>
<899	,	65	,	3	,	2	,	97	,	0	>
<900	,	65	,	3	,	3	,	97	,	15	>
<901	,	65	,	4	,	2	,	95	,	0	>
<902	,	65	,	4	,	3	,	95	,	14	>
<903	,	65	,	5	,	2	,	95	,	0	>
<904	,	65	,	5	,	3	,	95	,	14	>
<905	,	65	,	8	,	2	,	95	,	0	>
<906	,	65	,	8	,	3	,	95	,	14	>
<907	,	66	,	2	,	1	,	24	,	0	>
<908	,	66	,	2	,	2	,	24	,	1	>
<909	,	66	,	2	,	4	,	24	,	0	>
<910	,	66	,	2	,	6	,	24	,	1	>
<911	,	66	,	3	,	1	,	38	,	0	>
<912	,	66	,	3	,	2	,	38	,	1	>
<913	,	66	,	3	,	4	,	38	,	0	>
<914	,	66	,	3	,	6	,	38	,	1	>
<915	,	66	,	4	,	1	,	58	,	0	>
<916	,	66	,	4	,	2	,	58	,	2	>
<917	,	66	,	4	,	4	,	58	,	0	>
<918	,	66	,	4	,	6	,	58	,	2	>
<919	,	66	,	6	,	1	,	32	,	0	>
<920	,	66	,	6	,	2	,	32	,	1	>
<921	,	66	,	6	,	4	,	32	,	0	>
<922	,	66	,	6	,	6	,	32	,	1	>
<923	,	66	,	7	,	1	,	64	,	0	>
<924	,	66	,	7	,	2	,	64	,	2	>
<925	,	66	,	7	,	4	,	64	,	0	>
<926	,	66	,	7	,	6	,	64	,	2	>
<927	,	67	,	1	,	3	,	45	,	0	>
<928	,	67	,	1	,	6	,	45	,	7	>
<929	,	67	,	2	,	3	,	59	,	0	>
<930	,	67	,	2	,	6	,	59	,	9	>
<931	,	67	,	6	,	3	,	22	,	0	>
<932	,	67	,	6	,	6	,	22	,	3	>
<933	,	67	,	7	,	3	,	53	,	0	>
<934	,	67	,	7	,	6	,	53	,	8	>
<935	,	67	,	8	,	3	,	66	,	0	>
<936	,	67	,	8	,	6	,	66	,	10	>
<937	,	68	,	1	,	4	,	99	,	0	>
<938	,	68	,	1	,	6	,	99	,	15	>
<939	,	68	,	3	,	4	,	64	,	0	>
<940	,	68	,	3	,	6	,	64	,	10	>
<941	,	68	,	5	,	4	,	72	,	0	>
<942	,	68	,	5	,	6	,	72	,	11	>
<943	,	68	,	7	,	4	,	52	,	0	>
<944	,	68	,	7	,	6	,	52	,	8	>
<945	,	68	,	8	,	4	,	44	,	0	>
<946	,	68	,	8	,	6	,	44	,	7	>
<947	,	68	,	9	,	4	,	33	,	0	>
<948	,	68	,	9	,	6	,	33	,	5	>
<949	,	69	,	1	,	1	,	28	,	0	>
<950	,	69	,	1	,	3	,	28	,	1	>
<951	,	69	,	1	,	4	,	28	,	0	>
<952	,	69	,	1	,	5	,	28	,	1	>
<953	,	69	,	4	,	1	,	61	,	0	>
<954	,	69	,	4	,	3	,	61	,	2	>
<955	,	69	,	4	,	4	,	61	,	0	>
<956	,	69	,	4	,	5	,	61	,	2	>
<957	,	69	,	5	,	1	,	27	,	0	>
<958	,	69	,	5	,	3	,	27	,	1	>
<959	,	69	,	5	,	4	,	27	,	0	>
<960	,	69	,	5	,	5	,	27	,	1	>
<961	,	69	,	6	,	1	,	71	,	0	>
<962	,	69	,	6	,	3	,	71	,	3	>
<963	,	69	,	6	,	4	,	71	,	0	>
<964	,	69	,	6	,	5	,	71	,	3	>
<965	,	69	,	8	,	1	,	41	,	0	>
<966	,	69	,	8	,	3	,	41	,	2	>
<967	,	69	,	8	,	4	,	41	,	0	>
<968	,	69	,	8	,	5	,	41	,	2	>
<969	,	70	,	1	,	1	,	77	,	0	>
<970	,	70	,	1	,	4	,	77	,	12	>
<971	,	70	,	3	,	1	,	61	,	0	>
<972	,	70	,	3	,	4	,	61	,	9	>
<973	,	70	,	5	,	1	,	77	,	0	>
<974	,	70	,	5	,	4	,	77	,	12	>
<975	,	70	,	8	,	1	,	82	,	0	>
<976	,	70	,	8	,	4	,	82	,	12	>
<977	,	71	,	1	,	1	,	89	,	0	>
<978	,	71	,	1	,	2	,	89	,	3	>
<979	,	71	,	1	,	3	,	89	,	0	>
<980	,	71	,	1	,	4	,	89	,	3	>
<981	,	71	,	2	,	1	,	52	,	0	>
<982	,	71	,	2	,	2	,	52	,	2	>
<983	,	71	,	2	,	3	,	52	,	0	>
<984	,	71	,	2	,	4	,	52	,	2	>
<985	,	71	,	4	,	1	,	76	,	0	>
<986	,	71	,	4	,	2	,	76	,	3	>
<987	,	71	,	4	,	3	,	76	,	0	>
<988	,	71	,	4	,	4	,	76	,	3	>
<989	,	71	,	7	,	1	,	64	,	0	>
<990	,	71	,	7	,	2	,	64	,	2	>
<991	,	71	,	7	,	3	,	64	,	0	>
<992	,	71	,	7	,	4	,	64	,	2	>
<993	,	71	,	9	,	1	,	98	,	0	>
<994	,	71	,	9	,	2	,	98	,	4	>
<995	,	71	,	9	,	3	,	98	,	0	>
<996	,	71	,	9	,	4	,	98	,	4	>
<997	,	72	,	1	,	3	,	72	,	0	>
<998	,	72	,	1	,	4	,	72	,	5	>
<999	,	72	,	1	,	5	,	72	,	0	>
<1000	,	72	,	2	,	3	,	36	,	0	>
<1001	,	72	,	2	,	4	,	36	,	3	>
<1002	,	72	,	2	,	5	,	36	,	0	>
<1003	,	72	,	4	,	3	,	41	,	0	>
<1004	,	72	,	4	,	4	,	41	,	3	>
<1005	,	72	,	4	,	5	,	41	,	0	>
<1006	,	72	,	6	,	3	,	28	,	0	>
<1007	,	72	,	6	,	4	,	28	,	2	>
<1008	,	72	,	6	,	5	,	28	,	0	>
<1009	,	72	,	7	,	3	,	26	,	0	>
<1010	,	72	,	7	,	4	,	26	,	2	>
<1011	,	72	,	7	,	5	,	26	,	0	>
<1012	,	72	,	9	,	3	,	55	,	0	>
<1013	,	72	,	9	,	4	,	55	,	4	>
<1014	,	72	,	9	,	5	,	55	,	0	>
<1015	,	73	,	1	,	2	,	70	,	0	>
<1016	,	73	,	1	,	6	,	70	,	10	>
<1017	,	73	,	4	,	2	,	98	,	0	>
<1018	,	73	,	4	,	6	,	98	,	15	>
<1019	,	73	,	5	,	2	,	90	,	0	>
<1020	,	73	,	5	,	6	,	90	,	14	>
<1021	,	73	,	7	,	2	,	84	,	0	>
<1022	,	73	,	7	,	6	,	84	,	13	>
<1023	,	73	,	8	,	2	,	90	,	0	>
<1024	,	73	,	8	,	6	,	90	,	14	>
<1025	,	73	,	9	,	2	,	70	,	0	>
<1026	,	73	,	9	,	6	,	70	,	10	>
<1027	,	74	,	1	,	1	,	88	,	0	>
<1028	,	74	,	1	,	2	,	88	,	7	>
<1029	,	74	,	1	,	4	,	88	,	0	>
<1030	,	74	,	2	,	1	,	98	,	0	>
<1031	,	74	,	2	,	2	,	98	,	7	>
<1032	,	74	,	2	,	4	,	98	,	0	>
<1033	,	74	,	3	,	1	,	92	,	0	>
<1034	,	74	,	3	,	2	,	92	,	7	>
<1035	,	74	,	3	,	4	,	92	,	0	>
<1036	,	74	,	5	,	1	,	97	,	0	>
<1037	,	74	,	5	,	2	,	97	,	7	>
<1038	,	74	,	5	,	4	,	97	,	0	>
<1039	,	74	,	6	,	1	,	88	,	0	>
<1040	,	74	,	6	,	2	,	88	,	7	>
<1041	,	74	,	6	,	4	,	88	,	0	>
<1042	,	74	,	9	,	1	,	93	,	0	>
<1043	,	74	,	9	,	2	,	93	,	7	>
<1044	,	74	,	9	,	4	,	93	,	0	>
<1045	,	75	,	1	,	1	,	96	,	0	>
<1046	,	75	,	1	,	2	,	96	,	4	>
<1047	,	75	,	1	,	3	,	96	,	0	>
<1048	,	75	,	1	,	4	,	96	,	4	>
<1049	,	75	,	5	,	1	,	85	,	0	>
<1050	,	75	,	5	,	2	,	85	,	3	>
<1051	,	75	,	5	,	3	,	85	,	0	>
<1052	,	75	,	5	,	4	,	85	,	3	>
<1053	,	75	,	6	,	1	,	86	,	0	>
<1054	,	75	,	6	,	2	,	86	,	3	>
<1055	,	75	,	6	,	3	,	86	,	0	>
<1056	,	75	,	6	,	4	,	86	,	3	>
<1057	,	75	,	9	,	1	,	71	,	0	>
<1058	,	75	,	9	,	2	,	71	,	3	>
<1059	,	75	,	9	,	3	,	71	,	0	>
<1060	,	75	,	9	,	4	,	71	,	3	>
<1061	,	76	,	4	,	1	,	34	,	0	>
<1062	,	76	,	4	,	2	,	34	,	1	>
<1063	,	76	,	4	,	4	,	34	,	0	>
<1064	,	76	,	4	,	6	,	34	,	1	>
<1065	,	76	,	5	,	1	,	34	,	0	>
<1066	,	76	,	5	,	2	,	34	,	1	>
<1067	,	76	,	5	,	4	,	34	,	0	>
<1068	,	76	,	5	,	6	,	34	,	1	>
<1069	,	76	,	7	,	1	,	64	,	0	>
<1070	,	76	,	7	,	2	,	64	,	2	>
<1071	,	76	,	7	,	4	,	64	,	0	>
<1072	,	76	,	7	,	6	,	64	,	2	>
<1073	,	76	,	9	,	1	,	93	,	0	>
<1074	,	76	,	9	,	2	,	93	,	3	>
<1075	,	76	,	9	,	4	,	93	,	0	>
<1076	,	76	,	9	,	6	,	93	,	3	>
<1077	,	77	,	2	,	1	,	99	,	0	>
<1078	,	77	,	2	,	2	,	99	,	7	>
<1079	,	77	,	2	,	4	,	99	,	0	>
<1080	,	77	,	3	,	1	,	93	,	0	>
<1081	,	77	,	3	,	2	,	93	,	7	>
<1082	,	77	,	3	,	4	,	93	,	0	>
<1083	,	77	,	5	,	1	,	97	,	0	>
<1084	,	77	,	5	,	2	,	97	,	7	>
<1085	,	77	,	5	,	4	,	97	,	0	>
<1086	,	77	,	7	,	1	,	91	,	0	>
<1087	,	77	,	7	,	2	,	91	,	7	>
<1088	,	77	,	7	,	4	,	91	,	0	>
<1089	,	77	,	8	,	1	,	97	,	0	>
<1090	,	77	,	8	,	2	,	97	,	7	>
<1091	,	77	,	8	,	4	,	97	,	0	>
<1092	,	77	,	9	,	1	,	91	,	0	>
<1093	,	77	,	9	,	2	,	91	,	7	>
<1094	,	77	,	9	,	4	,	91	,	0	>
<1095	,	78	,	1	,	1	,	96	,	0	>
<1096	,	78	,	1	,	2	,	96	,	4	>
<1097	,	78	,	1	,	4	,	96	,	0	>
<1098	,	78	,	1	,	5	,	96	,	4	>
<1099	,	78	,	3	,	1	,	78	,	0	>
<1100	,	78	,	3	,	2	,	78	,	3	>
<1101	,	78	,	3	,	4	,	78	,	0	>
<1102	,	78	,	3	,	5	,	78	,	3	>
<1103	,	78	,	6	,	1	,	96	,	0	>
<1104	,	78	,	6	,	2	,	96	,	4	>
<1105	,	78	,	6	,	4	,	96	,	0	>
<1106	,	78	,	6	,	5	,	96	,	4	>
<1107	,	78	,	7	,	1	,	87	,	0	>
<1108	,	78	,	7	,	2	,	87	,	3	>
<1109	,	78	,	7	,	4	,	87	,	0	>
<1110	,	78	,	7	,	5	,	87	,	3	>
<1111	,	78	,	8	,	1	,	96	,	0	>
<1112	,	78	,	8	,	2	,	96	,	4	>
<1113	,	78	,	8	,	4	,	96	,	0	>
<1114	,	78	,	8	,	5	,	96	,	4	>
<1115	,	78	,	9	,	1	,	91	,	0	>
<1116	,	78	,	9	,	2	,	91	,	3	>
<1117	,	78	,	9	,	4	,	91	,	0	>
<1118	,	78	,	9	,	5	,	91	,	3	>
<1119	,	79	,	1	,	2	,	31	,	0	>
<1120	,	79	,	1	,	4	,	31	,	2	>
<1121	,	79	,	1	,	5	,	31	,	0	>
<1122	,	79	,	3	,	2	,	30	,	0	>
<1123	,	79	,	3	,	4	,	30	,	2	>
<1124	,	79	,	3	,	5	,	30	,	0	>
<1125	,	79	,	4	,	2	,	63	,	0	>
<1126	,	79	,	4	,	4	,	63	,	5	>
<1127	,	79	,	4	,	5	,	63	,	0	>
<1128	,	79	,	6	,	2	,	30	,	0	>
<1129	,	79	,	6	,	4	,	30	,	2	>
<1130	,	79	,	6	,	5	,	30	,	0	>
<1131	,	79	,	8	,	2	,	85	,	0	>
<1132	,	79	,	8	,	4	,	85	,	6	>
<1133	,	79	,	8	,	5	,	85	,	0	>
<1134	,	79	,	9	,	2	,	75	,	0	>
<1135	,	79	,	9	,	4	,	75	,	6	>
<1136	,	79	,	9	,	5	,	75	,	0	>
<1137	,	80	,	1	,	1	,	18	,	0	>
<1138	,	80	,	1	,	3	,	18	,	1	>
<1139	,	80	,	1	,	4	,	18	,	0	>
<1140	,	80	,	1	,	5	,	18	,	1	>
<1141	,	80	,	2	,	1	,	26	,	0	>
<1142	,	80	,	2	,	3	,	26	,	1	>
<1143	,	80	,	2	,	4	,	26	,	0	>
<1144	,	80	,	2	,	5	,	26	,	1	>
<1145	,	80	,	3	,	1	,	34	,	0	>
<1146	,	80	,	3	,	3	,	34	,	1	>
<1147	,	80	,	3	,	4	,	34	,	0	>
<1148	,	80	,	3	,	5	,	34	,	1	>
<1149	,	80	,	6	,	1	,	54	,	0	>
<1150	,	80	,	6	,	3	,	54	,	2	>
<1151	,	80	,	6	,	4	,	54	,	0	>
<1152	,	80	,	6	,	5	,	54	,	2	>
<1153	,	81	,	2	,	1	,	58	,	0	>
<1154	,	81	,	2	,	2	,	58	,	2	>
<1155	,	81	,	2	,	3	,	58	,	0	>
<1156	,	81	,	2	,	6	,	58	,	2	>
<1157	,	81	,	3	,	1	,	80	,	0	>
<1158	,	81	,	3	,	2	,	80	,	3	>
<1159	,	81	,	3	,	3	,	80	,	0	>
<1160	,	81	,	3	,	6	,	80	,	3	>
<1161	,	81	,	4	,	1	,	97	,	0	>
<1162	,	81	,	4	,	2	,	97	,	4	>
<1163	,	81	,	4	,	3	,	97	,	0	>
<1164	,	81	,	4	,	6	,	97	,	4	>
<1165	,	81	,	7	,	1	,	68	,	0	>
<1166	,	81	,	7	,	2	,	68	,	3	>
<1167	,	81	,	7	,	3	,	68	,	0	>
<1168	,	81	,	7	,	6	,	68	,	3	>
<1169	,	81	,	8	,	1	,	49	,	0	>
<1170	,	81	,	8	,	2	,	49	,	2	>
<1171	,	81	,	8	,	3	,	49	,	0	>
<1172	,	81	,	8	,	6	,	49	,	2	>
<1173	,	82	,	2	,	3	,	97	,	0	>
<1174	,	82	,	2	,	6	,	97	,	15	>
<1175	,	82	,	4	,	3	,	80	,	0	>
<1176	,	82	,	4	,	6	,	80	,	12	>
<1177	,	82	,	6	,	3	,	85	,	0	>
<1178	,	82	,	6	,	6	,	85	,	13	>
<1179	,	82	,	7	,	3	,	94	,	0	>
<1180	,	82	,	7	,	6	,	94	,	14	>
<1181	,	83	,	3	,	4	,	88	,	0	>
<1182	,	83	,	3	,	5	,	88	,	13	>
<1183	,	83	,	4	,	4	,	48	,	0	>
<1184	,	83	,	4	,	5	,	48	,	7	>
<1185	,	83	,	5	,	4	,	90	,	0	>
<1186	,	83	,	5	,	5	,	90	,	14	>
<1187	,	83	,	7	,	4	,	94	,	0	>
<1188	,	83	,	7	,	5	,	94	,	14	>
<1189	,	83	,	9	,	4	,	88	,	0	>
<1190	,	83	,	9	,	5	,	88	,	13	>
<1191	,	84	,	3	,	3	,	35	,	0	>
<1192	,	84	,	3	,	4	,	35	,	5	>
<1193	,	84	,	4	,	3	,	71	,	0	>
<1194	,	84	,	4	,	4	,	71	,	11	>
<1195	,	84	,	6	,	3	,	70	,	0	>
<1196	,	84	,	6	,	4	,	70	,	10	>
<1197	,	84	,	7	,	3	,	48	,	0	>
<1198	,	84	,	7	,	4	,	48	,	7	>
<1199	,	84	,	8	,	3	,	26	,	0	>
<1200	,	84	,	8	,	4	,	26	,	4	>
<1201	,	84	,	9	,	3	,	71	,	0	>
<1202	,	84	,	9	,	4	,	71	,	11	>
<1203	,	85	,	2	,	1	,	97	,	0	>
<1204	,	85	,	2	,	4	,	97	,	15	>
<1205	,	85	,	3	,	1	,	95	,	0	>
<1206	,	85	,	3	,	4	,	95	,	14	>
<1207	,	85	,	4	,	1	,	96	,	0	>
<1208	,	85	,	4	,	4	,	96	,	14	>
<1209	,	85	,	5	,	1	,	91	,	0	>
<1210	,	85	,	5	,	4	,	91	,	14	>
<1211	,	85	,	8	,	1	,	85	,	0	>
<1212	,	85	,	8	,	4	,	85	,	13	>
<1213	,	85	,	9	,	1	,	97	,	0	>
<1214	,	85	,	9	,	4	,	97	,	15	>
<1215	,	86	,	6	,	1	,	59	,	0	>
<1216	,	86	,	6	,	4	,	59	,	2	>
<1217	,	86	,	6	,	5	,	59	,	0	>
<1218	,	86	,	6	,	6	,	59	,	2	>
<1219	,	86	,	7	,	1	,	43	,	0	>
<1220	,	86	,	7	,	4	,	43	,	2	>
<1221	,	86	,	7	,	5	,	43	,	0	>
<1222	,	86	,	7	,	6	,	43	,	2	>
<1223	,	86	,	8	,	1	,	25	,	0	>
<1224	,	86	,	8	,	4	,	25	,	1	>
<1225	,	86	,	8	,	5	,	25	,	0	>
<1226	,	86	,	8	,	6	,	25	,	1	>
<1227	,	86	,	9	,	1	,	27	,	0	>
<1228	,	86	,	9	,	4	,	27	,	1	>
<1229	,	86	,	9	,	5	,	27	,	0	>
<1230	,	86	,	9	,	6	,	27	,	1	>
<1231	,	87	,	2	,	1	,	20	,	0	>
<1232	,	87	,	2	,	4	,	20	,	3	>
<1233	,	87	,	4	,	1	,	13	,	0	>
<1234	,	87	,	4	,	4	,	13	,	2	>
<1235	,	87	,	5	,	1	,	34	,	0	>
<1236	,	87	,	5	,	4	,	34	,	5	>
<1237	,	87	,	6	,	1	,	24	,	0	>
<1238	,	87	,	6	,	4	,	24	,	4	>
<1239	,	87	,	8	,	1	,	32	,	0	>
<1240	,	87	,	8	,	4	,	32	,	5	>
<1241	,	87	,	9	,	1	,	37	,	0	>
<1242	,	87	,	9	,	4	,	37	,	6	>
<1243	,	88	,	1	,	1	,	97	,	0	>
<1244	,	88	,	1	,	3	,	97	,	7	>
<1245	,	88	,	1	,	6	,	97	,	0	>
<1246	,	88	,	5	,	1	,	97	,	0	>
<1247	,	88	,	5	,	3	,	97	,	7	>
<1248	,	88	,	5	,	6	,	97	,	0	>
<1249	,	88	,	6	,	1	,	98	,	0	>
<1250	,	88	,	6	,	3	,	98	,	7	>
<1251	,	88	,	6	,	6	,	98	,	0	>
<1252	,	88	,	8	,	1	,	99	,	0	>
<1253	,	88	,	8	,	3	,	99	,	7	>
<1254	,	88	,	8	,	6	,	99	,	0	>
<1255	,	88	,	9	,	1	,	99	,	0	>
<1256	,	88	,	9	,	3	,	99	,	7	>
<1257	,	88	,	9	,	6	,	99	,	0	>
<1258	,	89	,	1	,	4	,	70	,	0	>
<1259	,	89	,	1	,	5	,	70	,	5	>
<1260	,	89	,	1	,	6	,	70	,	0	>
<1261	,	89	,	2	,	4	,	90	,	0	>
<1262	,	89	,	2	,	5	,	90	,	7	>
<1263	,	89	,	2	,	6	,	90	,	0	>
<1264	,	89	,	5	,	4	,	90	,	0	>
<1265	,	89	,	5	,	5	,	90	,	7	>
<1266	,	89	,	5	,	6	,	90	,	0	>
<1267	,	89	,	6	,	4	,	63	,	0	>
<1268	,	89	,	6	,	5	,	63	,	5	>
<1269	,	89	,	6	,	6	,	63	,	0	>
<1270	,	89	,	8	,	4	,	83	,	0	>
<1271	,	89	,	8	,	5	,	83	,	6	>
<1272	,	89	,	8	,	6	,	83	,	0	>
<1273	,	89	,	9	,	4	,	57	,	0	>
<1274	,	89	,	9	,	5	,	57	,	4	>
<1275	,	89	,	9	,	6	,	57	,	0	>
<1276	,	90	,	2	,	1	,	97	,	0	>
<1277	,	90	,	2	,	2	,	97	,	4	>
<1278	,	90	,	2	,	5	,	97	,	0	>
<1279	,	90	,	2	,	6	,	97	,	4	>
<1280	,	90	,	3	,	1	,	99	,	0	>
<1281	,	90	,	3	,	2	,	99	,	4	>
<1282	,	90	,	3	,	5	,	99	,	0	>
<1283	,	90	,	3	,	6	,	99	,	4	>
<1284	,	90	,	4	,	1	,	99	,	0	>
<1285	,	90	,	4	,	2	,	99	,	4	>
<1286	,	90	,	4	,	5	,	99	,	0	>
<1287	,	90	,	4	,	6	,	99	,	4	>
<1288	,	90	,	8	,	1	,	97	,	0	>
<1289	,	90	,	8	,	2	,	97	,	4	>
<1290	,	90	,	8	,	5	,	97	,	0	>
<1291	,	90	,	8	,	6	,	97	,	4	>
<1292	,	90	,	9	,	1	,	97	,	0	>
<1293	,	90	,	9	,	2	,	97	,	4	>
<1294	,	90	,	9	,	5	,	97	,	0	>
<1295	,	90	,	9	,	6	,	97	,	4	>
<1296	,	91	,	2	,	1	,	75	,	0	>
<1297	,	91	,	2	,	2	,	75	,	6	>
<1298	,	91	,	2	,	6	,	75	,	0	>
<1299	,	91	,	4	,	1	,	92	,	0	>
<1300	,	91	,	4	,	2	,	92	,	7	>
<1301	,	91	,	4	,	6	,	92	,	0	>
<1302	,	91	,	6	,	1	,	50	,	0	>
<1303	,	91	,	6	,	2	,	50	,	4	>
<1304	,	91	,	6	,	6	,	50	,	0	>
<1305	,	91	,	7	,	1	,	77	,	0	>
<1306	,	91	,	7	,	2	,	77	,	6	>
<1307	,	91	,	7	,	6	,	77	,	0	>
<1308	,	91	,	9	,	1	,	48	,	0	>
<1309	,	91	,	9	,	2	,	48	,	4	>
<1310	,	91	,	9	,	6	,	48	,	0	>
<1311	,	92	,	1	,	1	,	60	,	0	>
<1312	,	92	,	1	,	3	,	60	,	2	>
<1313	,	92	,	1	,	4	,	60	,	0	>
<1314	,	92	,	1	,	5	,	60	,	2	>
<1315	,	92	,	3	,	1	,	25	,	0	>
<1316	,	92	,	3	,	3	,	25	,	1	>
<1317	,	92	,	3	,	4	,	25	,	0	>
<1318	,	92	,	3	,	5	,	25	,	1	>
<1319	,	92	,	6	,	1	,	48	,	0	>
<1320	,	92	,	6	,	3	,	48	,	2	>
<1321	,	92	,	6	,	4	,	48	,	0	>
<1322	,	92	,	6	,	5	,	48	,	2	>
<1323	,	92	,	7	,	1	,	57	,	0	>
<1324	,	92	,	7	,	3	,	57	,	2	>
<1325	,	92	,	7	,	4	,	57	,	0	>
<1326	,	92	,	7	,	5	,	57	,	2	>
<1327	,	92	,	8	,	1	,	45	,	0	>
<1328	,	92	,	8	,	3	,	45	,	2	>
<1329	,	92	,	8	,	4	,	45	,	0	>
<1330	,	92	,	8	,	5	,	45	,	2	>
<1331	,	92	,	9	,	1	,	24	,	0	>
<1332	,	92	,	9	,	3	,	24	,	1	>
<1333	,	92	,	9	,	4	,	24	,	0	>
<1334	,	92	,	9	,	5	,	24	,	1	>
<1335	,	93	,	1	,	1	,	89	,	0	>
<1336	,	93	,	1	,	2	,	89	,	7	>
<1337	,	93	,	1	,	5	,	89	,	0	>
<1338	,	93	,	3	,	1	,	84	,	0	>
<1339	,	93	,	3	,	2	,	84	,	6	>
<1340	,	93	,	3	,	5	,	84	,	0	>
<1341	,	93	,	7	,	1	,	89	,	0	>
<1342	,	93	,	7	,	2	,	89	,	7	>
<1343	,	93	,	7	,	5	,	89	,	0	>
<1344	,	93	,	9	,	1	,	88	,	0	>
<1345	,	93	,	9	,	2	,	88	,	7	>
<1346	,	93	,	9	,	5	,	88	,	0	>
<1347	,	94	,	1	,	3	,	42	,	0	>
<1348	,	94	,	1	,	4	,	42	,	6	>
<1349	,	94	,	2	,	3	,	65	,	0	>
<1350	,	94	,	2	,	4	,	65	,	10	>
<1351	,	94	,	5	,	3	,	45	,	0	>
<1352	,	94	,	5	,	4	,	45	,	7	>
<1353	,	94	,	6	,	3	,	39	,	0	>
<1354	,	94	,	6	,	4	,	39	,	6	>
<1355	,	94	,	8	,	3	,	96	,	0	>
<1356	,	94	,	8	,	4	,	96	,	14	>
<1357	,	95	,	1	,	4	,	95	,	0	>
<1358	,	95	,	1	,	5	,	95	,	7	>
<1359	,	95	,	1	,	6	,	95	,	0	>
<1360	,	95	,	2	,	4	,	93	,	0	>
<1361	,	95	,	2	,	5	,	93	,	7	>
<1362	,	95	,	2	,	6	,	93	,	0	>
<1363	,	95	,	5	,	4	,	87	,	0	>
<1364	,	95	,	5	,	5	,	87	,	7	>
<1365	,	95	,	5	,	6	,	87	,	0	>
<1366	,	95	,	6	,	4	,	92	,	0	>
<1367	,	95	,	6	,	5	,	92	,	7	>
<1368	,	95	,	6	,	6	,	92	,	0	>
<1369	,	95	,	8	,	4	,	94	,	0	>
<1370	,	95	,	8	,	5	,	94	,	7	>
<1371	,	95	,	8	,	6	,	94	,	0	>
<1372	,	96	,	1	,	2	,	66	,	0	>
<1373	,	96	,	1	,	3	,	66	,	5	>
<1374	,	96	,	1	,	6	,	66	,	0	>
<1375	,	96	,	2	,	2	,	47	,	0	>
<1376	,	96	,	2	,	3	,	47	,	4	>
<1377	,	96	,	2	,	6	,	47	,	0	>
<1378	,	96	,	3	,	2	,	65	,	0	>
<1379	,	96	,	3	,	3	,	65	,	5	>
<1380	,	96	,	3	,	6	,	65	,	0	>
<1381	,	96	,	5	,	2	,	79	,	0	>
<1382	,	96	,	5	,	3	,	79	,	6	>
<1383	,	96	,	5	,	6	,	79	,	0	>
<1384	,	96	,	6	,	2	,	91	,	0	>
<1385	,	96	,	6	,	3	,	91	,	7	>
<1386	,	96	,	6	,	6	,	91	,	0	>
<1387	,	96	,	7	,	2	,	70	,	0	>
<1388	,	96	,	7	,	3	,	70	,	5	>
<1389	,	96	,	7	,	6	,	70	,	0	>
<1390	,	97	,	2	,	1	,	93	,	0	>
<1391	,	97	,	2	,	3	,	93	,	3	>
<1392	,	97	,	2	,	4	,	93	,	0	>
<1393	,	97	,	2	,	6	,	93	,	3	>
<1394	,	97	,	4	,	1	,	95	,	0	>
<1395	,	97	,	4	,	3	,	95	,	4	>
<1396	,	97	,	4	,	4	,	95	,	0	>
<1397	,	97	,	4	,	6	,	95	,	4	>
<1398	,	97	,	5	,	1	,	95	,	0	>
<1399	,	97	,	5	,	3	,	95	,	4	>
<1400	,	97	,	5	,	4	,	95	,	0	>
<1401	,	97	,	5	,	6	,	95	,	4	>
<1402	,	97	,	6	,	1	,	97	,	0	>
<1403	,	97	,	6	,	3	,	97	,	4	>
<1404	,	97	,	6	,	4	,	97	,	0	>
<1405	,	97	,	6	,	6	,	97	,	4	>
<1406	,	97	,	8	,	1	,	92	,	0	>
<1407	,	97	,	8	,	3	,	92	,	3	>
<1408	,	97	,	8	,	4	,	92	,	0	>
<1409	,	97	,	8	,	6	,	92	,	3	>
<1410	,	97	,	9	,	1	,	94	,	0	>
<1411	,	97	,	9	,	3	,	94	,	4	>
<1412	,	97	,	9	,	4	,	94	,	0	>
<1413	,	97	,	9	,	6	,	94	,	4	>
<1414	,	98	,	1	,	1	,	81	,	0	>
<1415	,	98	,	1	,	2	,	81	,	3	>
<1416	,	98	,	1	,	4	,	81	,	0	>
<1417	,	98	,	1	,	6	,	81	,	3	>
<1418	,	98	,	2	,	1	,	86	,	0	>
<1419	,	98	,	2	,	2	,	86	,	3	>
<1420	,	98	,	2	,	4	,	86	,	0	>
<1421	,	98	,	2	,	6	,	86	,	3	>
<1422	,	98	,	4	,	1	,	94	,	0	>
<1423	,	98	,	4	,	2	,	94	,	4	>
<1424	,	98	,	4	,	4	,	94	,	0	>
<1425	,	98	,	4	,	6	,	94	,	4	>
<1426	,	98	,	5	,	1	,	45	,	0	>
<1427	,	98	,	5	,	2	,	45	,	2	>
<1428	,	98	,	5	,	4	,	45	,	0	>
<1429	,	98	,	5	,	6	,	45	,	2	>
<1430	,	98	,	6	,	1	,	94	,	0	>
<1431	,	98	,	6	,	2	,	94	,	4	>
<1432	,	98	,	6	,	4	,	94	,	0	>
<1433	,	98	,	6	,	6	,	94	,	4	>
<1434	,	99	,	1	,	3	,	78	,	0	>
<1435	,	99	,	1	,	6	,	78	,	12	>
<1436	,	99	,	4	,	3	,	98	,	0	>
<1437	,	99	,	4	,	6	,	98	,	15	>
<1438	,	99	,	5	,	3	,	97	,	0	>
<1439	,	99	,	5	,	6	,	97	,	15	>
<1440	,	99	,	7	,	3	,	69	,	0	>
<1441	,	99	,	7	,	6	,	69	,	10	>
<1442	,	99	,	8	,	3	,	68	,	0	>
<1443	,	99	,	8	,	6	,	68	,	10	>
<1444	,	99	,	9	,	3	,	96	,	0	>
<1445	,	99	,	9	,	6	,	96	,	14	>
<1446	,	100	,	1	,	1	,	84	,	0	>
<1447	,	100	,	1	,	2	,	84	,	3	>
<1448	,	100	,	1	,	3	,	84	,	0	>
<1449	,	100	,	1	,	5	,	84	,	3	>
<1450	,	100	,	2	,	1	,	89	,	0	>
<1451	,	100	,	2	,	2	,	89	,	3	>
<1452	,	100	,	2	,	3	,	89	,	0	>
<1453	,	100	,	2	,	5	,	89	,	3	>
<1454	,	100	,	4	,	1	,	78	,	0	>
<1455	,	100	,	4	,	2	,	78	,	3	>
<1456	,	100	,	4	,	3	,	78	,	0	>
<1457	,	100	,	4	,	5	,	78	,	3	>
<1458	,	100	,	5	,	1	,	98	,	0	>
<1459	,	100	,	5	,	2	,	98	,	4	>
<1460	,	100	,	5	,	3	,	98	,	0	>
<1461	,	100	,	5	,	5	,	98	,	4	>
<1462	,	100	,	9	,	1	,	40	,	0	>
<1463	,	100	,	9	,	2	,	40	,	2	>
<1464	,	100	,	9	,	3	,	40	,	0	>
<1465	,	100	,	9	,	5	,	40	,	2	>
<1466	,	101	,	1	,	1	,	73	,	0	>
<1467	,	101	,	1	,	2	,	73	,	3	>
<1468	,	101	,	1	,	4	,	73	,	0	>
<1469	,	101	,	1	,	5	,	73	,	3	>
<1470	,	101	,	2	,	1	,	80	,	0	>
<1471	,	101	,	2	,	2	,	80	,	3	>
<1472	,	101	,	2	,	4	,	80	,	0	>
<1473	,	101	,	2	,	5	,	80	,	3	>
<1474	,	101	,	3	,	1	,	90	,	0	>
<1475	,	101	,	3	,	2	,	90	,	3	>
<1476	,	101	,	3	,	4	,	90	,	0	>
<1477	,	101	,	3	,	5	,	90	,	3	>
<1478	,	101	,	5	,	1	,	78	,	0	>
<1479	,	101	,	5	,	2	,	78	,	3	>
<1480	,	101	,	5	,	4	,	78	,	0	>
<1481	,	101	,	5	,	5	,	78	,	3	>
<1482	,	101	,	6	,	1	,	94	,	0	>
<1483	,	101	,	6	,	2	,	94	,	4	>
<1484	,	101	,	6	,	4	,	94	,	0	>
<1485	,	101	,	6	,	5	,	94	,	4	>
<1486	,	101	,	7	,	1	,	71	,	0	>
<1487	,	101	,	7	,	2	,	71	,	3	>
<1488	,	101	,	7	,	4	,	71	,	0	>
<1489	,	101	,	7	,	5	,	71	,	3	>
<1490	,	102	,	1	,	1	,	60	,	0	>
<1491	,	102	,	1	,	3	,	60	,	2	>
<1492	,	102	,	1	,	4	,	60	,	0	>
<1493	,	102	,	1	,	6	,	60	,	2	>
<1494	,	102	,	2	,	1	,	81	,	0	>
<1495	,	102	,	2	,	3	,	81	,	3	>
<1496	,	102	,	2	,	4	,	81	,	0	>
<1497	,	102	,	2	,	6	,	81	,	3	>
<1498	,	102	,	3	,	1	,	91	,	0	>
<1499	,	102	,	3	,	3	,	91	,	3	>
<1500	,	102	,	3	,	4	,	91	,	0	>
<1501	,	102	,	3	,	6	,	91	,	3	>
<1502	,	102	,	9	,	1	,	82	,	0	>
<1503	,	102	,	9	,	3	,	82	,	3	>
<1504	,	102	,	9	,	4	,	82	,	0	>
<1505	,	102	,	9	,	6	,	82	,	3	>
<1506	,	103	,	2	,	1	,	84	,	0	>
<1507	,	103	,	2	,	2	,	84	,	6	>
<1508	,	103	,	2	,	4	,	84	,	0	>
<1509	,	103	,	3	,	1	,	78	,	0	>
<1510	,	103	,	3	,	2	,	78	,	6	>
<1511	,	103	,	3	,	4	,	78	,	0	>
<1512	,	103	,	4	,	1	,	84	,	0	>
<1513	,	103	,	4	,	2	,	84	,	6	>
<1514	,	103	,	4	,	4	,	84	,	0	>
<1515	,	103	,	8	,	1	,	93	,	0	>
<1516	,	103	,	8	,	2	,	93	,	7	>
<1517	,	103	,	8	,	4	,	93	,	0	>
<1518	,	104	,	1	,	1	,	78	,	0	>
<1519	,	104	,	1	,	6	,	78	,	12	>
<1520	,	104	,	3	,	1	,	72	,	0	>
<1521	,	104	,	3	,	6	,	72	,	11	>
<1522	,	104	,	5	,	1	,	99	,	0	>
<1523	,	104	,	5	,	6	,	99	,	15	>
<1524	,	104	,	6	,	1	,	98	,	0	>
<1525	,	104	,	6	,	6	,	98	,	15	>
<1526	,	104	,	7	,	1	,	72	,	0	>
<1527	,	104	,	7	,	6	,	72	,	11	>
<1528	,	104	,	8	,	1	,	70	,	0	>
<1529	,	104	,	8	,	6	,	70	,	10	>
<1530	,	105	,	5	,	1	,	67	,	0	>
<1531	,	105	,	5	,	3	,	67	,	10	>
<1532	,	105	,	6	,	1	,	46	,	0	>
<1533	,	105	,	6	,	3	,	46	,	7	>
<1534	,	105	,	7	,	1	,	99	,	0	>
<1535	,	105	,	7	,	3	,	99	,	15	>
<1536	,	105	,	8	,	1	,	87	,	0	>
<1537	,	105	,	8	,	3	,	87	,	13	>
<1538	,	106	,	1	,	3	,	36	,	0	>
<1539	,	106	,	1	,	4	,	36	,	1	>
<1540	,	106	,	1	,	5	,	36	,	0	>
<1541	,	106	,	1	,	6	,	36	,	1	>
<1542	,	106	,	2	,	3	,	21	,	0	>
<1543	,	106	,	2	,	4	,	21	,	1	>
<1544	,	106	,	2	,	5	,	21	,	0	>
<1545	,	106	,	2	,	6	,	21	,	1	>
<1546	,	106	,	6	,	3	,	62	,	0	>
<1547	,	106	,	6	,	4	,	62	,	2	>
<1548	,	106	,	6	,	5	,	62	,	0	>
<1549	,	106	,	6	,	6	,	62	,	2	>
<1550	,	106	,	8	,	3	,	37	,	0	>
<1551	,	106	,	8	,	4	,	37	,	1	>
<1552	,	106	,	8	,	5	,	37	,	0	>
<1553	,	106	,	8	,	6	,	37	,	1	>
<1554	,	107	,	2	,	1	,	95	,	0	>
<1555	,	107	,	2	,	2	,	95	,	4	>
<1556	,	107	,	2	,	5	,	95	,	0	>
<1557	,	107	,	2	,	6	,	95	,	4	>
<1558	,	107	,	3	,	1	,	71	,	0	>
<1559	,	107	,	3	,	2	,	71	,	3	>
<1560	,	107	,	3	,	5	,	71	,	0	>
<1561	,	107	,	3	,	6	,	71	,	3	>
<1562	,	107	,	4	,	1	,	81	,	0	>
<1563	,	107	,	4	,	2	,	81	,	3	>
<1564	,	107	,	4	,	5	,	81	,	0	>
<1565	,	107	,	4	,	6	,	81	,	3	>
<1566	,	107	,	5	,	1	,	74	,	0	>
<1567	,	107	,	5	,	2	,	74	,	3	>
<1568	,	107	,	5	,	5	,	74	,	0	>
<1569	,	107	,	5	,	6	,	74	,	3	>
<1570	,	107	,	6	,	1	,	78	,	0	>
<1571	,	107	,	6	,	2	,	78	,	3	>
<1572	,	107	,	6	,	5	,	78	,	0	>
<1573	,	107	,	6	,	6	,	78	,	3	>
<1574	,	107	,	7	,	1	,	68	,	0	>
<1575	,	107	,	7	,	2	,	68	,	3	>
<1576	,	107	,	7	,	5	,	68	,	0	>
<1577	,	107	,	7	,	6	,	68	,	3	>
<1578	,	108	,	2	,	1	,	99	,	0	>
<1579	,	108	,	2	,	3	,	99	,	4	>
<1580	,	108	,	2	,	4	,	99	,	0	>
<1581	,	108	,	2	,	6	,	99	,	4	>
<1582	,	108	,	5	,	1	,	96	,	0	>
<1583	,	108	,	5	,	3	,	96	,	4	>
<1584	,	108	,	5	,	4	,	96	,	0	>
<1585	,	108	,	5	,	6	,	96	,	4	>
<1586	,	108	,	7	,	1	,	99	,	0	>
<1587	,	108	,	7	,	3	,	99	,	4	>
<1588	,	108	,	7	,	4	,	99	,	0	>
<1589	,	108	,	7	,	6	,	99	,	4	>
<1590	,	108	,	8	,	1	,	97	,	0	>
<1591	,	108	,	8	,	3	,	97	,	4	>
<1592	,	108	,	8	,	4	,	97	,	0	>
<1593	,	108	,	8	,	6	,	97	,	4	>
<1594	,	109	,	1	,	2	,	87	,	0	>
<1595	,	109	,	1	,	4	,	87	,	13	>
<1596	,	109	,	4	,	2	,	89	,	0	>
<1597	,	109	,	4	,	4	,	89	,	13	>
<1598	,	109	,	5	,	2	,	80	,	0	>
<1599	,	109	,	5	,	4	,	80	,	12	>
<1600	,	109	,	6	,	2	,	99	,	0	>
<1601	,	109	,	6	,	4	,	99	,	15	>
<1602	,	109	,	8	,	2	,	94	,	0	>
<1603	,	109	,	8	,	4	,	94	,	14	>
<1604	,	109	,	9	,	2	,	74	,	0	>
<1605	,	109	,	9	,	4	,	74	,	11	>
<1606	,	110	,	3	,	1	,	85	,	0	>
<1607	,	110	,	3	,	5	,	85	,	13	>
<1608	,	110	,	4	,	1	,	90	,	0	>
<1609	,	110	,	4	,	5	,	90	,	14	>
<1610	,	110	,	5	,	1	,	65	,	0	>
<1611	,	110	,	5	,	5	,	65	,	10	>
<1612	,	110	,	8	,	1	,	51	,	0	>
<1613	,	110	,	8	,	5	,	51	,	8	>
<1614	,	110	,	9	,	1	,	84	,	0	>
<1615	,	110	,	9	,	5	,	84	,	13	>
<1616	,	111	,	1	,	1	,	65	,	0	>
<1617	,	111	,	1	,	3	,	65	,	5	>
<1618	,	111	,	1	,	6	,	65	,	0	>
<1619	,	111	,	2	,	1	,	73	,	0	>
<1620	,	111	,	2	,	3	,	73	,	5	>
<1621	,	111	,	2	,	6	,	73	,	0	>
<1622	,	111	,	3	,	1	,	80	,	0	>
<1623	,	111	,	3	,	3	,	80	,	6	>
<1624	,	111	,	3	,	6	,	80	,	0	>
<1625	,	111	,	8	,	1	,	81	,	0	>
<1626	,	111	,	8	,	3	,	81	,	6	>
<1627	,	111	,	8	,	6	,	81	,	0	>
<1628	,	111	,	9	,	1	,	83	,	0	>
<1629	,	111	,	9	,	3	,	83	,	6	>
<1630	,	111	,	9	,	6	,	83	,	0	>
<1631	,	112	,	1	,	1	,	53	,	0	>
<1632	,	112	,	1	,	2	,	53	,	4	>
<1633	,	112	,	1	,	5	,	53	,	0	>
<1634	,	112	,	2	,	1	,	63	,	0	>
<1635	,	112	,	2	,	2	,	63	,	5	>
<1636	,	112	,	2	,	5	,	63	,	0	>
<1637	,	112	,	8	,	1	,	39	,	0	>
<1638	,	112	,	8	,	2	,	39	,	3	>
<1639	,	112	,	8	,	5	,	39	,	0	>
<1640	,	112	,	9	,	1	,	71	,	0	>
<1641	,	112	,	9	,	2	,	71	,	5	>
<1642	,	112	,	9	,	5	,	71	,	0	>
<1643	,	113	,	1	,	1	,	32	,	0	>
<1644	,	113	,	1	,	2	,	32	,	2	>
<1645	,	113	,	1	,	5	,	32	,	0	>
<1646	,	113	,	3	,	1	,	79	,	0	>
<1647	,	113	,	3	,	2	,	79	,	6	>
<1648	,	113	,	3	,	5	,	79	,	0	>
<1649	,	113	,	7	,	1	,	82	,	0	>
<1650	,	113	,	7	,	2	,	82	,	6	>
<1651	,	113	,	7	,	5	,	82	,	0	>
<1652	,	113	,	8	,	1	,	89	,	0	>
<1653	,	113	,	8	,	2	,	89	,	7	>
<1654	,	113	,	8	,	5	,	89	,	0	>
<1655	,	113	,	9	,	1	,	40	,	0	>
<1656	,	113	,	9	,	2	,	40	,	3	>
<1657	,	113	,	9	,	5	,	40	,	0	>
<1658	,	114	,	2	,	1	,	24	,	0	>
<1659	,	114	,	2	,	4	,	24	,	4	>
<1660	,	114	,	4	,	1	,	38	,	0	>
<1661	,	114	,	4	,	4	,	38	,	6	>
<1662	,	114	,	5	,	1	,	36	,	0	>
<1663	,	114	,	5	,	4	,	36	,	5	>
<1664	,	114	,	6	,	1	,	40	,	0	>
<1665	,	114	,	6	,	4	,	40	,	6	>
<1666	,	114	,	9	,	1	,	15	,	0	>
<1667	,	114	,	9	,	4	,	15	,	2	>
<1668	,	115	,	1	,	2	,	86	,	0	>
<1669	,	115	,	1	,	4	,	86	,	6	>
<1670	,	115	,	1	,	5	,	86	,	0	>
<1671	,	115	,	2	,	2	,	81	,	0	>
<1672	,	115	,	2	,	4	,	81	,	6	>
<1673	,	115	,	2	,	5	,	81	,	0	>
<1674	,	115	,	4	,	2	,	88	,	0	>
<1675	,	115	,	4	,	4	,	88	,	7	>
<1676	,	115	,	4	,	5	,	88	,	0	>
<1677	,	115	,	7	,	2	,	91	,	0	>
<1678	,	115	,	7	,	4	,	91	,	7	>
<1679	,	115	,	7	,	5	,	91	,	0	>
<1680	,	115	,	9	,	2	,	79	,	0	>
<1681	,	115	,	9	,	4	,	79	,	6	>
<1682	,	115	,	9	,	5	,	79	,	0	>
<1683	,	116	,	1	,	1	,	4	,	0	>
<1684	,	116	,	1	,	3	,	4	,	0	>
<1685	,	116	,	1	,	4	,	4	,	0	>
<1686	,	116	,	1	,	5	,	4	,	0	>
<1687	,	116	,	2	,	1	,	10	,	0	>
<1688	,	116	,	2	,	3	,	10	,	0	>
<1689	,	116	,	2	,	4	,	10	,	0	>
<1690	,	116	,	2	,	5	,	10	,	0	>
<1691	,	116	,	3	,	1	,	11	,	0	>
<1692	,	116	,	3	,	3	,	11	,	0	>
<1693	,	116	,	3	,	4	,	11	,	0	>
<1694	,	116	,	3	,	5	,	11	,	0	>
<1695	,	116	,	4	,	1	,	10	,	0	>
<1696	,	116	,	4	,	3	,	10	,	0	>
<1697	,	116	,	4	,	4	,	10	,	0	>
<1698	,	116	,	4	,	5	,	10	,	0	>
<1699	,	116	,	5	,	1	,	8	,	0	>
<1700	,	116	,	5	,	3	,	8	,	0	>
<1701	,	116	,	5	,	4	,	8	,	0	>
<1702	,	116	,	5	,	5	,	8	,	0	>
<1703	,	116	,	9	,	1	,	4	,	0	>
<1704	,	116	,	9	,	3	,	4	,	0	>
<1705	,	116	,	9	,	4	,	4	,	0	>
<1706	,	116	,	9	,	5	,	4	,	0	>
<1707	,	117	,	3	,	1	,	55	,	0	>
<1708	,	117	,	3	,	2	,	55	,	4	>
<1709	,	117	,	3	,	3	,	55	,	0	>
<1710	,	117	,	4	,	1	,	98	,	0	>
<1711	,	117	,	4	,	2	,	98	,	7	>
<1712	,	117	,	4	,	3	,	98	,	0	>
<1713	,	117	,	5	,	1	,	61	,	0	>
<1714	,	117	,	5	,	2	,	61	,	5	>
<1715	,	117	,	5	,	3	,	61	,	0	>
<1716	,	117	,	7	,	1	,	84	,	0	>
<1717	,	117	,	7	,	2	,	84	,	6	>
<1718	,	117	,	7	,	3	,	84	,	0	>
<1719	,	118	,	2	,	1	,	88	,	0	>
<1720	,	118	,	2	,	2	,	88	,	3	>
<1721	,	118	,	2	,	3	,	88	,	0	>
<1722	,	118	,	2	,	5	,	88	,	3	>
<1723	,	118	,	5	,	1	,	70	,	0	>
<1724	,	118	,	5	,	2	,	70	,	3	>
<1725	,	118	,	5	,	3	,	70	,	0	>
<1726	,	118	,	5	,	5	,	70	,	3	>
<1727	,	118	,	7	,	1	,	51	,	0	>
<1728	,	118	,	7	,	2	,	51	,	2	>
<1729	,	118	,	7	,	3	,	51	,	0	>
<1730	,	118	,	7	,	5	,	51	,	2	>
<1731	,	118	,	8	,	1	,	51	,	0	>
<1732	,	118	,	8	,	2	,	51	,	2	>
<1733	,	118	,	8	,	3	,	51	,	0	>
<1734	,	118	,	8	,	5	,	51	,	2	>
<1735	,	118	,	9	,	1	,	75	,	0	>
<1736	,	118	,	9	,	2	,	75	,	3	>
<1737	,	118	,	9	,	3	,	75	,	0	>
<1738	,	118	,	9	,	5	,	75	,	3	>
<1739	,	119	,	1	,	1	,	62	,	0	>
<1740	,	119	,	1	,	2	,	62	,	5	>
<1741	,	119	,	1	,	4	,	62	,	0	>
<1742	,	119	,	4	,	1	,	51	,	0	>
<1743	,	119	,	4	,	2	,	51	,	4	>
<1744	,	119	,	4	,	4	,	51	,	0	>
<1745	,	119	,	8	,	1	,	50	,	0	>
<1746	,	119	,	8	,	2	,	50	,	4	>
<1747	,	119	,	8	,	4	,	50	,	0	>
<1748	,	119	,	9	,	1	,	69	,	0	>
<1749	,	119	,	9	,	2	,	69	,	5	>
<1750	,	119	,	9	,	4	,	69	,	0	>
<1751	,	120	,	2	,	1	,	56	,	0	>
<1752	,	120	,	2	,	3	,	56	,	2	>
<1753	,	120	,	2	,	4	,	56	,	0	>
<1754	,	120	,	2	,	6	,	56	,	2	>
<1755	,	120	,	5	,	1	,	27	,	0	>
<1756	,	120	,	5	,	3	,	27	,	1	>
<1757	,	120	,	5	,	4	,	27	,	0	>
<1758	,	120	,	5	,	6	,	27	,	1	>
<1759	,	120	,	6	,	1	,	24	,	0	>
<1760	,	120	,	6	,	3	,	24	,	1	>
<1761	,	120	,	6	,	4	,	24	,	0	>
<1762	,	120	,	6	,	6	,	24	,	1	>
<1763	,	120	,	7	,	1	,	24	,	0	>
<1764	,	120	,	7	,	3	,	24	,	1	>
<1765	,	120	,	7	,	4	,	24	,	0	>
<1766	,	120	,	7	,	6	,	24	,	1	>
<1767	,	120	,	8	,	1	,	36	,	0	>
<1768	,	120	,	8	,	3	,	36	,	1	>
<1769	,	120	,	8	,	4	,	36	,	0	>
<1770	,	120	,	8	,	6	,	36	,	1	>
<1771	,	120	,	9	,	1	,	70	,	0	>
<1772	,	120	,	9	,	3	,	70	,	3	>
<1773	,	120	,	9	,	4	,	70	,	0	>
<1774	,	120	,	9	,	6	,	70	,	3	>
<1775	,	121	,	2	,	2	,	17	,	0	>
<1776	,	121	,	2	,	3	,	17	,	1	>
<1777	,	121	,	2	,	4	,	17	,	0	>
<1778	,	121	,	2	,	5	,	17	,	1	>
<1779	,	121	,	4	,	2	,	24	,	0	>
<1780	,	121	,	4	,	3	,	24	,	1	>
<1781	,	121	,	4	,	4	,	24	,	0	>
<1782	,	121	,	4	,	5	,	24	,	1	>
<1783	,	121	,	5	,	2	,	20	,	0	>
<1784	,	121	,	5	,	3	,	20	,	1	>
<1785	,	121	,	5	,	4	,	20	,	0	>
<1786	,	121	,	5	,	5	,	20	,	1	>
<1787	,	121	,	7	,	2	,	9	,	0	>
<1788	,	121	,	7	,	3	,	9	,	0	>
<1789	,	121	,	7	,	4	,	9	,	0	>
<1790	,	121	,	7	,	5	,	9	,	0	>
<1791	,	121	,	9	,	2	,	22	,	0	>
<1792	,	121	,	9	,	3	,	22	,	1	>
<1793	,	121	,	9	,	4	,	22	,	0	>
<1794	,	121	,	9	,	5	,	22	,	1	>
<1795	,	122	,	2	,	1	,	42	,	0	>
<1796	,	122	,	2	,	5	,	42	,	6	>
<1797	,	122	,	3	,	1	,	32	,	0	>
<1798	,	122	,	3	,	5	,	32	,	5	>
<1799	,	122	,	4	,	1	,	45	,	0	>
<1800	,	122	,	4	,	5	,	45	,	7	>
<1801	,	122	,	5	,	1	,	38	,	0	>
<1802	,	122	,	5	,	5	,	38	,	6	>
<1803	,	122	,	7	,	1	,	15	,	0	>
<1804	,	122	,	7	,	5	,	15	,	2	>
<1805	,	123	,	3	,	1	,	94	,	0	>
<1806	,	123	,	3	,	3	,	94	,	4	>
<1807	,	123	,	3	,	4	,	94	,	0	>
<1808	,	123	,	3	,	6	,	94	,	4	>
<1809	,	123	,	4	,	1	,	79	,	0	>
<1810	,	123	,	4	,	3	,	79	,	3	>
<1811	,	123	,	4	,	4	,	79	,	0	>
<1812	,	123	,	4	,	6	,	79	,	3	>
<1813	,	123	,	5	,	1	,	93	,	0	>
<1814	,	123	,	5	,	3	,	93	,	3	>
<1815	,	123	,	5	,	4	,	93	,	0	>
<1816	,	123	,	5	,	6	,	93	,	3	>
<1817	,	123	,	9	,	1	,	85	,	0	>
<1818	,	123	,	9	,	3	,	85	,	3	>
<1819	,	123	,	9	,	4	,	85	,	0	>
<1820	,	123	,	9	,	6	,	85	,	3	>
};