// XtraLGS y resolución directa de wXDA28 91ops 1808 modos mks711 7h8min
// 24mar25 10:35
IS_ALOBRUTO=1;

// DAFJSP028... pero DRC hechoAUNOABR18inst5_SinRWFworkerstime1_DAFJS028.txt
//        Ntaks, nMachs, nWORKERs
Params = <91,10,7>;

precedences ={
<	1	,	2	,	0	>,
<	2	,	3	,	0	>,
<	3	,	4	,	0	>,
<	4	,	5	,	0	>,
<	5	,	6	,	0	>,
<	6	,	7	,	0	>,
<	7	,	8	,	0	>,
<	8	,	9	,	0	>,
<	6	,	10	,	0	>,
<	10	,	11	,	0	>,
<	11	,	12	,	0	>,
<	6	,	13	,	0	>,
<	13	,	14	,	0	>,
<	14	,	15	,	0	>,
<	16	,	17	,	0	>,
<	17	,	18	,	0	>,
<	18	,	19	,	0	>,
<	19	,	24	,	0	>,
<	20	,	21	,	0	>,
<	21	,	22	,	0	>,
<	22	,	23	,	0	>,
<	23	,	24	,	0	>,
<	24	,	25	,	0	>,
<	26	,	27	,	0	>,
<	27	,	28	,	0	>,
<	28	,	29	,	0	>,
<	29	,	30	,	0	>,
<	30	,	31	,	0	>,
<	31	,	33	,	0	>,
<	30	,	32	,	0	>,
<	32	,	33	,	0	>,
<	34	,	35	,	0	>,
<	35	,	36	,	0	>,
<	36	,	37	,	0	>,
<	37	,	38	,	0	>,
<	38	,	39	,	0	>,
<	39	,	43	,	0	>,
<	36	,	40	,	0	>,
<	40	,	41	,	0	>,
<	41	,	42	,	0	>,
<	42	,	43	,	0	>,
<	44	,	45	,	0	>,
<	45	,	46	,	0	>,
<	46	,	47	,	0	>,
<	47	,	48	,	0	>,
<	48	,	53	,	0	>,
<	46	,	49	,	0	>,
<	49	,	50	,	0	>,
<	50	,	53	,	0	>,
<	46	,	51	,	0	>,
<	51	,	52	,	0	>,
<	52	,	53	,	0	>,
<	54	,	55	,	0	>,
<	55	,	56	,	0	>,
<	56	,	57	,	0	>,
<	57	,	58	,	0	>,
<	58	,	64	,	0	>,
<	59	,	60	,	0	>,
<	60	,	61	,	0	>,
<	61	,	62	,	0	>,
<	62	,	63	,	0	>,
<	63	,	64	,	0	>,
<	64	,	65	,	0	>,
<	66	,	67	,	0	>,
<	67	,	68	,	0	>,
<	68	,	69	,	0	>,
<	69	,	70	,	0	>,
<	70	,	71	,	0	>,
<	71	,	72	,	0	>,
<	66	,	73	,	0	>,
<	73	,	74	,	0	>,
<	74	,	75	,	0	>,
<	75	,	76	,	0	>,
<	76	,	77	,	0	>,
<	77	,	78	,	0	>,
<	79	,	80	,	0	>,
<	80	,	81	,	0	>,
<	81	,	82	,	0	>,
<	82	,	83	,	0	>,
<	83	,	84	,	0	>,
<	84	,	85	,	0	>,
<	85	,	90	,	0	>,
<	83	,	86	,	0	>,
<	86	,	87	,	0	>,
<	87	,	90	,	0	>,
<	83	,	88	,	0	>,
<	88	,	89	,	0	>,
<	89	,	90	,	0	>,
<	90	,	91	,	0	>
};


Modes = {
<0 , 1 , 1, 1, 88 ,		0	>
<1 , 1 , 1, 2, 88 ,		2	>
<2 , 1 , 1, 6, 88 ,		0	>
<3 , 1 , 2, 1, 86 ,		0	>
<4 , 1 , 2, 2, 86 ,		2	>
<5 , 1 , 2, 6, 86 ,		0	>
<6 , 1 , 6, 1, 86 ,		0	>
<7 , 1 , 6, 2, 86 ,		2	>
<8 , 1 , 6, 6, 86 ,		0	>
<9 , 1 , 8, 1, 98 ,		0	>
<10 , 1 , 8, 2, 98 ,		3	>
<11 , 1 , 8, 6, 98 ,		0	>
<12 , 2 , 2, 2, 71 ,		0	>
<13 , 2 , 2, 3, 71 ,		4	>
<14 , 2 , 3, 2, 35 ,		0	>
<15 , 2 , 3, 3, 35 ,		2	>
<16 , 2 , 8, 2, 26 ,		0	>
<17 , 2 , 8, 3, 26 ,		1	>
<18 , 3 , 2, 2, 40 ,		0	>
<19 , 3 , 2, 3, 40 ,		0	>
<20 , 3 , 2, 5, 40 ,		0	>
<21 , 3 , 2, 6, 40 ,		0	>
<22 , 3 , 2, 7, 40 ,		0	>
<23 , 3 , 3, 2, 34 ,		0	>
<24 , 3 , 3, 3, 34 ,		0	>
<25 , 3 , 3, 5, 34 ,		0	>
<26 , 3 , 3, 6, 34 ,		0	>
<27 , 3 , 3, 7, 34 ,		0	>
<28 , 3 , 5, 2, 22 ,		0	>
<29 , 3 , 5, 3, 22 ,		0	>
<30 , 3 , 5, 5, 22 ,		0	>
<31 , 3 , 5, 6, 22 ,		0	>
<32 , 3 , 5, 7, 22 ,		0	>
<33 , 3 , 6, 2, 53 ,		0	>
<34 , 3 , 6, 3, 53 ,		0	>
<35 , 3 , 6, 5, 53 ,		0	>
<36 , 3 , 6, 6, 53 ,		0	>
<37 , 3 , 6, 7, 53 ,		0	>
<38 , 3 , 7, 2, 56 ,		0	>
<39 , 3 , 7, 3, 56 ,		0	>
<40 , 3 , 7, 5, 56 ,		0	>
<41 , 3 , 7, 6, 56 ,		0	>
<42 , 3 , 7, 7, 56 ,		0	>
<43 , 3 , 8, 2, 20 ,		0	>
<44 , 3 , 8, 3, 20 ,		0	>
<45 , 3 , 8, 5, 20 ,		0	>
<46 , 3 , 8, 6, 20 ,		0	>
<47 , 3 , 8, 7, 20 ,		0	>
<48 , 3 , 10, 2, 59 ,		0	>
<49 , 3 , 10, 3, 59 ,		0	>
<50 , 3 , 10, 5, 59 ,		0	>
<51 , 3 , 10, 6, 59 ,		0	>
<52 , 3 , 10, 7, 59 ,		0	>
<53 , 4 , 1, 1, 85 ,		0	>
<54 , 4 , 1, 2, 85 ,		1	>
<55 , 4 , 1, 3, 85 ,		0	>
<56 , 4 , 1, 6, 85 ,		1	>
<57 , 4 , 2, 1, 44 ,		0	>
<58 , 4 , 2, 2, 44 ,		1	>
<59 , 4 , 2, 3, 44 ,		0	>
<60 , 4 , 2, 6, 44 ,		1	>
<61 , 4 , 3, 1, 62 ,		0	>
<62 , 4 , 3, 2, 62 ,		1	>
<63 , 4 , 3, 3, 62 ,		0	>
<64 , 4 , 3, 6, 62 ,		1	>
<65 , 4 , 6, 1, 88 ,		0	>
<66 , 4 , 6, 2, 88 ,		1	>
<67 , 4 , 6, 3, 88 ,		0	>
<68 , 4 , 6, 6, 88 ,		1	>
<69 , 4 , 9, 1, 72 ,		0	>
<70 , 4 , 9, 2, 72 ,		1	>
<71 , 4 , 9, 3, 72 ,		0	>
<72 , 4 , 9, 6, 72 ,		1	>
<73 , 4 , 10, 1, 91 ,		0	>
<74 , 4 , 10, 2, 91 ,		1	>
<75 , 4 , 10, 3, 91 ,		0	>
<76 , 4 , 10, 6, 91 ,		1	>
<77 , 5 , 2, 2, 32 ,		0	>
<78 , 5 , 2, 3, 32 ,		0	>
<79 , 5 , 2, 4, 32 ,		0	>
<80 , 5 , 2, 7, 32 ,		0	>
<81 , 5 , 3, 2, 15 ,		0	>
<82 , 5 , 3, 3, 15 ,		0	>
<83 , 5 , 3, 4, 15 ,		0	>
<84 , 5 , 3, 7, 15 ,		0	>
<85 , 5 , 4, 2, 25 ,		0	>
<86 , 5 , 4, 3, 25 ,		0	>
<87 , 5 , 4, 4, 25 ,		0	>
<88 , 5 , 4, 7, 25 ,		0	>
<89 , 5 , 7, 2, 33 ,		0	>
<90 , 5 , 7, 3, 33 ,		0	>
<91 , 5 , 7, 4, 33 ,		0	>
<92 , 5 , 7, 7, 33 ,		0	>
<93 , 5 , 8, 2, 22 ,		0	>
<94 , 5 , 8, 3, 22 ,		0	>
<95 , 5 , 8, 4, 22 ,		0	>
<96 , 5 , 8, 7, 22 ,		0	>
<97 , 6 , 1, 1, 99 ,		0	>
<98 , 6 , 1, 4, 99 ,		1	>
<99 , 6 , 1, 5, 99 ,		0	>
<100 , 6 , 1, 6, 99 ,		1	>
<101 , 6 , 1, 7, 99 ,		0	>
<102 , 6 , 4, 1, 99 ,		0	>
<103 , 6 , 4, 4, 99 ,		1	>
<104 , 6 , 4, 5, 99 ,		0	>
<105 , 6 , 4, 6, 99 ,		1	>
<106 , 6 , 4, 7, 99 ,		0	>
<107 , 6 , 5, 1, 99 ,		0	>
<108 , 6 , 5, 4, 99 ,		1	>
<109 , 6 , 5, 5, 99 ,		0	>
<110 , 6 , 5, 6, 99 ,		1	>
<111 , 6 , 5, 7, 99 ,		0	>
<112 , 6 , 6, 1, 99 ,		0	>
<113 , 6 , 6, 4, 99 ,		1	>
<114 , 6 , 6, 5, 99 ,		0	>
<115 , 6 , 6, 6, 99 ,		1	>
<116 , 6 , 6, 7, 99 ,		0	>
<117 , 6 , 7, 1, 99 ,		0	>
<118 , 6 , 7, 4, 99 ,		1	>
<119 , 6 , 7, 5, 99 ,		0	>
<120 , 6 , 7, 6, 99 ,		1	>
<121 , 6 , 7, 7, 99 ,		0	>
<122 , 6 , 9, 1, 99 ,		0	>
<123 , 6 , 9, 4, 99 ,		1	>
<124 , 6 , 9, 5, 99 ,		0	>
<125 , 6 , 9, 6, 99 ,		1	>
<126 , 6 , 9, 7, 99 ,		0	>
<127 , 6 , 10, 1, 99 ,		0	>
<128 , 6 , 10, 4, 99 ,		1	>
<129 , 6 , 10, 5, 99 ,		0	>
<130 , 6 , 10, 6, 99 ,		1	>
<131 , 6 , 10, 7, 99 ,		0	>
<132 , 7 , 1, 1, 99 ,		0	>
<133 , 7 , 1, 2, 99 ,		1	>
<134 , 7 , 1, 3, 99 ,		0	>
<135 , 7 , 1, 5, 99 ,		1	>
<136 , 7 , 2, 1, 99 ,		0	>
<137 , 7 , 2, 2, 99 ,		1	>
<138 , 7 , 2, 3, 99 ,		0	>
<139 , 7 , 2, 5, 99 ,		1	>
<140 , 7 , 3, 1, 99 ,		0	>
<141 , 7 , 3, 2, 99 ,		1	>
<142 , 7 , 3, 3, 99 ,		0	>
<143 , 7 , 3, 5, 99 ,		1	>
<144 , 7 , 5, 1, 99 ,		0	>
<145 , 7 , 5, 2, 99 ,		1	>
<146 , 7 , 5, 3, 99 ,		0	>
<147 , 7 , 5, 5, 99 ,		1	>
<148 , 7 , 9, 1, 99 ,		0	>
<149 , 7 , 9, 2, 99 ,		1	>
<150 , 7 , 9, 3, 99 ,		0	>
<151 , 7 , 9, 5, 99 ,		1	>
<152 , 7 , 10, 1, 99 ,		0	>
<153 , 7 , 10, 2, 99 ,		1	>
<154 , 7 , 10, 3, 99 ,		0	>
<155 , 7 , 10, 5, 99 ,		1	>
<156 , 8 , 3, 1, 97 ,		0	>
<157 , 8 , 3, 3, 97 ,		3	>
<158 , 8 , 3, 7, 97 ,		0	>
<159 , 8 , 7, 1, 95 ,		0	>
<160 , 8 , 7, 3, 95 ,		3	>
<161 , 8 , 7, 7, 95 ,		0	>
<162 , 8 , 8, 1, 96 ,		0	>
<163 , 8 , 8, 3, 96 ,		3	>
<164 , 8 , 8, 7, 96 ,		0	>
<165 , 8 , 10, 1, 97 ,		0	>
<166 , 8 , 10, 3, 97 ,		3	>
<167 , 8 , 10, 7, 97 ,		0	>
<168 , 9 , 1, 1, 79 ,		0	>
<169 , 9 , 1, 2, 79 ,		1	>
<170 , 9 , 1, 4, 79 ,		0	>
<171 , 9 , 1, 5, 79 ,		1	>
<172 , 9 , 4, 1, 51 ,		0	>
<173 , 9 , 4, 2, 51 ,		1	>
<174 , 9 , 4, 4, 51 ,		0	>
<175 , 9 , 4, 5, 51 ,		1	>
<176 , 9 , 5, 1, 82 ,		0	>
<177 , 9 , 5, 2, 82 ,		1	>
<178 , 9 , 5, 4, 82 ,		0	>
<179 , 9 , 5, 5, 82 ,		1	>
<180 , 9 , 8, 1, 93 ,		0	>
<181 , 9 , 8, 2, 93 ,		1	>
<182 , 9 , 8, 4, 93 ,		0	>
<183 , 9 , 8, 5, 93 ,		1	>
<184 , 10 , 1, 1, 61 ,		0	>
<185 , 10 , 1, 2, 61 ,		0	>
<186 , 10 , 1, 3, 61 ,		0	>
<187 , 10 , 1, 5, 61 ,		0	>
<188 , 10 , 1, 6, 61 ,		0	>
<189 , 10 , 2, 1, 82 ,		0	>
<190 , 10 , 2, 2, 82 ,		1	>
<191 , 10 , 2, 3, 82 ,		0	>
<192 , 10 , 2, 5, 82 ,		1	>
<193 , 10 , 2, 6, 82 ,		0	>
<194 , 10 , 3, 1, 37 ,		0	>
<195 , 10 , 3, 2, 37 ,		0	>
<196 , 10 , 3, 3, 37 ,		0	>
<197 , 10 , 3, 5, 37 ,		0	>
<198 , 10 , 3, 6, 37 ,		0	>
<199 , 10 , 5, 1, 30 ,		0	>
<200 , 10 , 5, 2, 30 ,		0	>
<201 , 10 , 5, 3, 30 ,		0	>
<202 , 10 , 5, 5, 30 ,		0	>
<203 , 10 , 5, 6, 30 ,		0	>
<204 , 10 , 6, 1, 77 ,		0	>
<205 , 10 , 6, 2, 77 ,		1	>
<206 , 10 , 6, 3, 77 ,		0	>
<207 , 10 , 6, 5, 77 ,		1	>
<208 , 10 , 6, 6, 77 ,		0	>
<209 , 11 , 1, 1, 92 ,		0	>
<210 , 11 , 1, 3, 92 ,		1	>
<211 , 11 , 1, 5, 92 ,		0	>
<212 , 11 , 1, 6, 92 ,		1	>
<213 , 11 , 1, 7, 92 ,		0	>
<214 , 11 , 3, 1, 92 ,		0	>
<215 , 11 , 3, 3, 92 ,		1	>
<216 , 11 , 3, 5, 92 ,		0	>
<217 , 11 , 3, 6, 92 ,		1	>
<218 , 11 , 3, 7, 92 ,		0	>
<219 , 11 , 5, 1, 99 ,		0	>
<220 , 11 , 5, 3, 99 ,		1	>
<221 , 11 , 5, 5, 99 ,		0	>
<222 , 11 , 5, 6, 99 ,		1	>
<223 , 11 , 5, 7, 99 ,		0	>
<224 , 11 , 6, 1, 98 ,		0	>
<225 , 11 , 6, 3, 98 ,		1	>
<226 , 11 , 6, 5, 98 ,		0	>
<227 , 11 , 6, 6, 98 ,		1	>
<228 , 11 , 6, 7, 98 ,		0	>
<229 , 11 , 7, 1, 93 ,		0	>
<230 , 11 , 7, 3, 93 ,		1	>
<231 , 11 , 7, 5, 93 ,		0	>
<232 , 11 , 7, 6, 93 ,		1	>
<233 , 11 , 7, 7, 93 ,		0	>
<234 , 11 , 8, 1, 97 ,		0	>
<235 , 11 , 8, 3, 97 ,		1	>
<236 , 11 , 8, 5, 97 ,		0	>
<237 , 11 , 8, 6, 97 ,		1	>
<238 , 11 , 8, 7, 97 ,		0	>
<239 , 12 , 6, 6, 72 ,		0	>
<240 , 12 , 8, 6, 70 ,		0	>
<241 , 12 , 9, 6, 33 ,		0	>
<242 , 13 , 1, 1, 96 ,		0	>
<243 , 13 , 1, 2, 96 ,		1	>
<244 , 13 , 1, 3, 96 ,		0	>
<245 , 13 , 1, 5, 96 ,		1	>
<246 , 13 , 1, 7, 96 ,		0	>
<247 , 13 , 2, 1, 56 ,		0	>
<248 , 13 , 2, 2, 56 ,		0	>
<249 , 13 , 2, 3, 56 ,		0	>
<250 , 13 , 2, 5, 56 ,		0	>
<251 , 13 , 2, 7, 56 ,		0	>
<252 , 13 , 3, 1, 52 ,		0	>
<253 , 13 , 3, 2, 52 ,		0	>
<254 , 13 , 3, 3, 52 ,		0	>
<255 , 13 , 3, 5, 52 ,		0	>
<256 , 13 , 3, 7, 52 ,		0	>
<257 , 13 , 5, 1, 63 ,		0	>
<258 , 13 , 5, 2, 63 ,		1	>
<259 , 13 , 5, 3, 63 ,		0	>
<260 , 13 , 5, 5, 63 ,		1	>
<261 , 13 , 5, 7, 63 ,		0	>
<262 , 13 , 7, 1, 96 ,		0	>
<263 , 13 , 7, 2, 96 ,		1	>
<264 , 13 , 7, 3, 96 ,		0	>
<265 , 13 , 7, 5, 96 ,		1	>
<266 , 13 , 7, 7, 96 ,		0	>
<267 , 13 , 9, 1, 49 ,		0	>
<268 , 13 , 9, 2, 49 ,		0	>
<269 , 13 , 9, 3, 49 ,		0	>
<270 , 13 , 9, 5, 49 ,		0	>
<271 , 13 , 9, 7, 49 ,		0	>
<272 , 13 , 10, 1, 61 ,		0	>
<273 , 13 , 10, 2, 61 ,		0	>
<274 , 13 , 10, 3, 61 ,		0	>
<275 , 13 , 10, 5, 61 ,		0	>
<276 , 13 , 10, 7, 61 ,		0	>
<277 , 14 , 8, 7, 75 ,		0	>
<278 , 14 , 9, 7, 78 ,		0	>
<279 , 14 , 10, 7, 97 ,		0	>
<280 , 15 , 1, 1, 5 ,		0	>
<281 , 15 , 1, 2, 5 ,		0	>
<282 , 15 , 1, 7, 5 ,		0	>
<283 , 15 , 2, 1, 4 ,		0	>
<284 , 15 , 2, 2, 4 ,		0	>
<285 , 15 , 2, 7, 4 ,		0	>
<286 , 15 , 7, 1, 2 ,		0	>
<287 , 15 , 7, 2, 2 ,		0	>
<288 , 15 , 7, 7, 2 ,		0	>
<289 , 15 , 8, 1, 4 ,		0	>
<290 , 15 , 8, 2, 4 ,		0	>
<291 , 15 , 8, 7, 4 ,		0	>
<292 , 16 , 3, 3, 96 ,		0	>
<293 , 16 , 3, 5, 96 ,		3	>
<294 , 16 , 3, 7, 96 ,		0	>
<295 , 16 , 7, 3, 95 ,		0	>
<296 , 16 , 7, 5, 95 ,		3	>
<297 , 16 , 7, 7, 95 ,		0	>
<298 , 16 , 10, 3, 94 ,		0	>
<299 , 16 , 10, 5, 94 ,		3	>
<300 , 16 , 10, 7, 94 ,		0	>
<301 , 17 , 3, 3, 99 ,		0	>
<302 , 17 , 3, 4, 99 ,		5	>
<303 , 17 , 4, 3, 90 ,		0	>
<304 , 17 , 4, 4, 90 ,		4	>
<305 , 17 , 8, 3, 79 ,		0	>
<306 , 17 , 8, 4, 79 ,		4	>
<307 , 18 , 4, 1, 62 ,		0	>
<308 , 18 , 4, 4, 62 ,		0	>
<309 , 18 , 4, 5, 62 ,		0	>
<310 , 18 , 4, 6, 62 ,		0	>
<311 , 18 , 4, 7, 62 ,		0	>
<312 , 18 , 5, 1, 59 ,		0	>
<313 , 18 , 5, 4, 59 ,		0	>
<314 , 18 , 5, 5, 59 ,		0	>
<315 , 18 , 5, 6, 59 ,		0	>
<316 , 18 , 5, 7, 59 ,		0	>
<317 , 18 , 6, 1, 88 ,		0	>
<318 , 18 , 6, 4, 88 ,		1	>
<319 , 18 , 6, 5, 88 ,		0	>
<320 , 18 , 6, 6, 88 ,		1	>
<321 , 18 , 6, 7, 88 ,		0	>
<322 , 18 , 7, 1, 89 ,		0	>
<323 , 18 , 7, 4, 89 ,		1	>
<324 , 18 , 7, 5, 89 ,		0	>
<325 , 18 , 7, 6, 89 ,		1	>
<326 , 18 , 7, 7, 89 ,		0	>
<327 , 18 , 10, 1, 94 ,		0	>
<328 , 18 , 10, 4, 94 ,		1	>
<329 , 18 , 10, 5, 94 ,		0	>
<330 , 18 , 10, 6, 94 ,		1	>
<331 , 18 , 10, 7, 94 ,		0	>
<332 , 19 , 4, 1, 61 ,		0	>
<333 , 19 , 4, 4, 61 ,		1	>
<334 , 19 , 4, 6, 61 ,		0	>
<335 , 19 , 4, 7, 61 ,		1	>
<336 , 19 , 6, 1, 38 ,		0	>
<337 , 19 , 6, 4, 38 ,		1	>
<338 , 19 , 6, 6, 38 ,		0	>
<339 , 19 , 6, 7, 38 ,		1	>
<340 , 19 , 7, 1, 32 ,		0	>
<341 , 19 , 7, 4, 32 ,		0	>
<342 , 19 , 7, 6, 32 ,		0	>
<343 , 19 , 7, 7, 32 ,		0	>
<344 , 19 , 10, 1, 59 ,		0	>
<345 , 19 , 10, 4, 59 ,		1	>
<346 , 19 , 10, 6, 59 ,		0	>
<347 , 19 , 10, 7, 59 ,		1	>
<348 , 20 , 1, 1, 91 ,		0	>
<349 , 20 , 1, 3, 91 ,		1	>
<350 , 20 , 1, 5, 91 ,		0	>
<351 , 20 , 1, 6, 91 ,		1	>
<352 , 20 , 1, 7, 91 ,		0	>
<353 , 20 , 3, 1, 86 ,		0	>
<354 , 20 , 3, 3, 86 ,		1	>
<355 , 20 , 3, 5, 86 ,		0	>
<356 , 20 , 3, 6, 86 ,		1	>
<357 , 20 , 3, 7, 86 ,		0	>
<358 , 20 , 5, 1, 86 ,		0	>
<359 , 20 , 5, 3, 86 ,		1	>
<360 , 20 , 5, 5, 86 ,		0	>
<361 , 20 , 5, 6, 86 ,		1	>
<362 , 20 , 5, 7, 86 ,		0	>
<363 , 20 , 6, 1, 86 ,		0	>
<364 , 20 , 6, 3, 86 ,		1	>
<365 , 20 , 6, 5, 86 ,		0	>
<366 , 20 , 6, 6, 86 ,		1	>
<367 , 20 , 6, 7, 86 ,		0	>
<368 , 20 , 7, 1, 95 ,		0	>
<369 , 20 , 7, 3, 95 ,		1	>
<370 , 20 , 7, 5, 95 ,		0	>
<371 , 20 , 7, 6, 95 ,		1	>
<372 , 20 , 7, 7, 95 ,		0	>
<373 , 20 , 9, 1, 93 ,		0	>
<374 , 20 , 9, 3, 93 ,		1	>
<375 , 20 , 9, 5, 93 ,		0	>
<376 , 20 , 9, 6, 93 ,		1	>
<377 , 20 , 9, 7, 93 ,		0	>
<378 , 21 , 1, 1, 15 ,		0	>
<379 , 21 , 1, 4, 15 ,		0	>
<380 , 21 , 1, 6, 15 ,		0	>
<381 , 21 , 4, 1, 9 ,		0	>
<382 , 21 , 4, 4, 9 ,		0	>
<383 , 21 , 4, 6, 9 ,		0	>
<384 , 21 , 6, 1, 11 ,		0	>
<385 , 21 , 6, 4, 11 ,		0	>
<386 , 21 , 6, 6, 11 ,		0	>
<387 , 21 , 10, 1, 9 ,		0	>
<388 , 21 , 10, 4, 9 ,		0	>
<389 , 21 , 10, 6, 9 ,		0	>
<390 , 22 , 4, 4, 56 ,		0	>
<391 , 22 , 4, 5, 56 ,		1	>
<392 , 22 , 4, 6, 56 ,		0	>
<393 , 22 , 6, 4, 72 ,		0	>
<394 , 22 , 6, 5, 72 ,		2	>
<395 , 22 , 6, 6, 72 ,		0	>
<396 , 22 , 10, 4, 29 ,		0	>
<397 , 22 , 10, 5, 29 ,		1	>
<398 , 22 , 10, 6, 29 ,		0	>
<399 , 23 , 4, 1, 94 ,		0	>
<400 , 23 , 4, 4, 94 ,		1	>
<401 , 23 , 4, 5, 94 ,		0	>
<402 , 23 , 4, 7, 94 ,		1	>
<403 , 23 , 5, 1, 97 ,		0	>
<404 , 23 , 5, 4, 97 ,		1	>
<405 , 23 , 5, 5, 97 ,		0	>
<406 , 23 , 5, 7, 97 ,		1	>
<407 , 23 , 7, 1, 79 ,		0	>
<408 , 23 , 7, 4, 79 ,		1	>
<409 , 23 , 7, 5, 79 ,		0	>
<410 , 23 , 7, 7, 79 ,		1	>
<411 , 23 , 9, 1, 93 ,		0	>
<412 , 23 , 9, 4, 93 ,		1	>
<413 , 23 , 9, 5, 93 ,		0	>
<414 , 23 , 9, 7, 93 ,		1	>
<415 , 23 , 10, 1, 99 ,		0	>
<416 , 23 , 10, 4, 99 ,		1	>
<417 , 23 , 10, 5, 99 ,		0	>
<418 , 23 , 10, 7, 99 ,		1	>
<419 , 24 , 2, 2, 83 ,		0	>
<420 , 24 , 2, 3, 83 ,		1	>
<421 , 24 , 2, 5, 83 ,		0	>
<422 , 24 , 2, 6, 83 ,		1	>
<423 , 24 , 3, 2, 35 ,		0	>
<424 , 24 , 3, 3, 35 ,		1	>
<425 , 24 , 3, 5, 35 ,		0	>
<426 , 24 , 3, 6, 35 ,		1	>
<427 , 24 , 5, 2, 35 ,		0	>
<428 , 24 , 5, 3, 35 ,		1	>
<429 , 24 , 5, 5, 35 ,		0	>
<430 , 24 , 5, 6, 35 ,		1	>
<431 , 24 , 6, 2, 91 ,		0	>
<432 , 24 , 6, 3, 91 ,		1	>
<433 , 24 , 6, 5, 91 ,		0	>
<434 , 24 , 6, 6, 91 ,		1	>
<435 , 24 , 9, 2, 48 ,		0	>
<436 , 24 , 9, 3, 48 ,		1	>
<437 , 24 , 9, 5, 48 ,		0	>
<438 , 24 , 9, 6, 48 ,		1	>
<439 , 24 , 10, 2, 77 ,		0	>
<440 , 24 , 10, 3, 77 ,		1	>
<441 , 24 , 10, 5, 77 ,		0	>
<442 , 24 , 10, 6, 77 ,		1	>
<443 , 25 , 2, 2, 99 ,		0	>
<444 , 25 , 2, 4, 99 ,		3	>
<445 , 25 , 2, 6, 99 ,		0	>
<446 , 25 , 4, 2, 99 ,		0	>
<447 , 25 , 4, 4, 99 ,		3	>
<448 , 25 , 4, 6, 99 ,		0	>
<449 , 25 , 6, 2, 99 ,		0	>
<450 , 25 , 6, 4, 99 ,		3	>
<451 , 25 , 6, 6, 99 ,		0	>
<452 , 25 , 8, 2, 99 ,		0	>
<453 , 25 , 8, 4, 99 ,		3	>
<454 , 25 , 8, 6, 99 ,		0	>
<455 , 25 , 10, 2, 99 ,		0	>
<456 , 25 , 10, 4, 99 ,		3	>
<457 , 25 , 10, 6, 99 ,		0	>
<458 , 26 , 1, 1, 71 ,		0	>
<459 , 26 , 1, 2, 71 ,		1	>
<460 , 26 , 1, 3, 71 ,		0	>
<461 , 26 , 1, 4, 71 ,		1	>
<462 , 26 , 2, 1, 78 ,		0	>
<463 , 26 , 2, 2, 78 ,		1	>
<464 , 26 , 2, 3, 78 ,		0	>
<465 , 26 , 2, 4, 78 ,		1	>
<466 , 26 , 4, 1, 90 ,		0	>
<467 , 26 , 4, 2, 90 ,		1	>
<468 , 26 , 4, 3, 90 ,		0	>
<469 , 26 , 4, 4, 90 ,		1	>
<470 , 26 , 8, 1, 66 ,		0	>
<471 , 26 , 8, 2, 66 ,		1	>
<472 , 26 , 8, 3, 66 ,		0	>
<473 , 26 , 8, 4, 66 ,		1	>
<474 , 26 , 9, 1, 80 ,		0	>
<475 , 26 , 9, 2, 80 ,		1	>
<476 , 26 , 9, 3, 80 ,		0	>
<477 , 26 , 9, 4, 80 ,		1	>
<478 , 26 , 10, 1, 97 ,		0	>
<479 , 26 , 10, 2, 97 ,		1	>
<480 , 26 , 10, 3, 97 ,		0	>
<481 , 26 , 10, 4, 97 ,		1	>
<482 , 27 , 1, 1, 89 ,		0	>
<483 , 27 , 1, 2, 89 ,		2	>
<484 , 27 , 1, 3, 89 ,		0	>
<485 , 27 , 2, 1, 92 ,		0	>
<486 , 27 , 2, 2, 92 ,		2	>
<487 , 27 , 2, 3, 92 ,		0	>
<488 , 27 , 3, 1, 80 ,		0	>
<489 , 27 , 3, 2, 80 ,		2	>
<490 , 27 , 3, 3, 80 ,		0	>
<491 , 27 , 9, 1, 98 ,		0	>
<492 , 27 , 9, 2, 98 ,		3	>
<493 , 27 , 9, 3, 98 ,		0	>
<494 , 28 , 3, 3, 21 ,		0	>
<495 , 28 , 3, 4, 21 ,		1	>
<496 , 28 , 4, 3, 21 ,		0	>
<497 , 28 , 4, 4, 21 ,		1	>
<498 , 28 , 9, 3, 17 ,		0	>
<499 , 28 , 9, 4, 17 ,		1	>
<500 , 29 , 1, 1, 30 ,		0	>
<501 , 29 , 1, 6, 30 ,		1	>
<502 , 29 , 1, 7, 30 ,		0	>
<503 , 29 , 6, 1, 33 ,		0	>
<504 , 29 , 6, 6, 33 ,		1	>
<505 , 29 , 6, 7, 33 ,		0	>
<506 , 29 , 7, 1, 15 ,		0	>
<507 , 29 , 7, 6, 15 ,		0	>
<508 , 29 , 7, 7, 15 ,		0	>
<509 , 30 , 1, 1, 85 ,		0	>
<510 , 30 , 1, 2, 85 ,		0	>
<511 , 30 , 1, 3, 85 ,		0	>
<512 , 30 , 1, 5, 85 ,		0	>
<513 , 30 , 1, 6, 85 ,		0	>
<514 , 30 , 1, 7, 85 ,		0	>
<515 , 30 , 2, 1, 82 ,		0	>
<516 , 30 , 2, 2, 82 ,		0	>
<517 , 30 , 2, 3, 82 ,		0	>
<518 , 30 , 2, 5, 82 ,		0	>
<519 , 30 , 2, 6, 82 ,		0	>
<520 , 30 , 2, 7, 82 ,		0	>
<521 , 30 , 3, 1, 90 ,		0	>
<522 , 30 , 3, 2, 90 ,		0	>
<523 , 30 , 3, 3, 90 ,		0	>
<524 , 30 , 3, 5, 90 ,		0	>
<525 , 30 , 3, 6, 90 ,		0	>
<526 , 30 , 3, 7, 90 ,		0	>
<527 , 30 , 5, 1, 89 ,		0	>
<528 , 30 , 5, 2, 89 ,		0	>
<529 , 30 , 5, 3, 89 ,		0	>
<530 , 30 , 5, 5, 89 ,		0	>
<531 , 30 , 5, 6, 89 ,		0	>
<532 , 30 , 5, 7, 89 ,		0	>
<533 , 30 , 6, 1, 86 ,		0	>
<534 , 30 , 6, 2, 86 ,		0	>
<535 , 30 , 6, 3, 86 ,		0	>
<536 , 30 , 6, 5, 86 ,		0	>
<537 , 30 , 6, 6, 86 ,		0	>
<538 , 30 , 6, 7, 86 ,		0	>
<539 , 30 , 7, 1, 88 ,		0	>
<540 , 30 , 7, 2, 88 ,		0	>
<541 , 30 , 7, 3, 88 ,		0	>
<542 , 30 , 7, 5, 88 ,		0	>
<543 , 30 , 7, 6, 88 ,		0	>
<544 , 30 , 7, 7, 88 ,		0	>
<545 , 30 , 9, 1, 94 ,		0	>
<546 , 30 , 9, 2, 94 ,		0	>
<547 , 30 , 9, 3, 94 ,		0	>
<548 , 30 , 9, 5, 94 ,		0	>
<549 , 30 , 9, 6, 94 ,		0	>
<550 , 30 , 9, 7, 94 ,		0	>
<551 , 31 , 2, 2, 74 ,		0	>
<552 , 31 , 2, 4, 74 ,		1	>
<553 , 31 , 2, 6, 74 ,		0	>
<554 , 31 , 2, 7, 74 ,		1	>
<555 , 31 , 4, 2, 95 ,		0	>
<556 , 31 , 4, 4, 95 ,		1	>
<557 , 31 , 4, 6, 95 ,		0	>
<558 , 31 , 4, 7, 95 ,		1	>
<559 , 31 , 6, 2, 39 ,		0	>
<560 , 31 , 6, 4, 39 ,		1	>
<561 , 31 , 6, 6, 39 ,		0	>
<562 , 31 , 6, 7, 39 ,		1	>
<563 , 31 , 7, 2, 85 ,		0	>
<564 , 31 , 7, 4, 85 ,		1	>
<565 , 31 , 7, 6, 85 ,		0	>
<566 , 31 , 7, 7, 85 ,		1	>
<567 , 31 , 8, 2, 40 ,		0	>
<568 , 31 , 8, 4, 40 ,		1	>
<569 , 31 , 8, 6, 40 ,		0	>
<570 , 31 , 8, 7, 40 ,		1	>
<571 , 31 , 9, 2, 75 ,		0	>
<572 , 31 , 9, 4, 75 ,		1	>
<573 , 31 , 9, 6, 75 ,		0	>
<574 , 31 , 9, 7, 75 ,		1	>
<575 , 31 , 10, 2, 81 ,		0	>
<576 , 31 , 10, 4, 81 ,		1	>
<577 , 31 , 10, 6, 81 ,		0	>
<578 , 31 , 10, 7, 81 ,		1	>
<579 , 32 , 3, 3, 16 ,		0	>
<580 , 32 , 3, 4, 16 ,		0	>
<581 , 32 , 3, 5, 16 ,		0	>
<582 , 32 , 4, 3, 40 ,		0	>
<583 , 32 , 4, 4, 40 ,		1	>
<584 , 32 , 4, 5, 40 ,		0	>
<585 , 32 , 5, 3, 41 ,		0	>
<586 , 32 , 5, 4, 41 ,		1	>
<587 , 32 , 5, 5, 41 ,		0	>
<588 , 32 , 8, 3, 42 ,		0	>
<589 , 32 , 8, 4, 42 ,		1	>
<590 , 32 , 8, 5, 42 ,		0	>
<591 , 32 , 9, 3, 21 ,		0	>
<592 , 32 , 9, 4, 21 ,		1	>
<593 , 32 , 9, 5, 21 ,		0	>
<594 , 33 , 2, 2, 87 ,		0	>
<595 , 33 , 2, 5, 87 ,		2	>
<596 , 33 , 2, 6, 87 ,		0	>
<597 , 33 , 5, 2, 77 ,		0	>
<598 , 33 , 5, 5, 77 ,		2	>
<599 , 33 , 5, 6, 77 ,		0	>
<600 , 33 , 6, 2, 93 ,		0	>
<601 , 33 , 6, 5, 93 ,		2	>
<602 , 33 , 6, 6, 93 ,		0	>
<603 , 33 , 8, 2, 95 ,		0	>
<604 , 33 , 8, 5, 95 ,		3	>
<605 , 33 , 8, 6, 95 ,		0	>
<606 , 33 , 9, 2, 76 ,		0	>
<607 , 33 , 9, 5, 76 ,		2	>
<608 , 33 , 9, 6, 76 ,		0	>
<609 , 33 , 10, 2, 76 ,		0	>
<610 , 33 , 10, 5, 76 ,		2	>
<611 , 33 , 10, 6, 76 ,		0	>
<612 , 34 , 1, 1, 93 ,		0	>
<613 , 34 , 1, 4, 93 ,		2	>
<614 , 34 , 1, 6, 93 ,		0	>
<615 , 34 , 6, 1, 75 ,		0	>
<616 , 34 , 6, 4, 75 ,		2	>
<617 , 34 , 6, 6, 75 ,		0	>
<618 , 34 , 8, 1, 91 ,		0	>
<619 , 34 , 8, 4, 91 ,		2	>
<620 , 34 , 8, 6, 91 ,		0	>
<621 , 35 , 7, 3, 73 ,		0	>
<622 , 35 , 7, 5, 73 ,		2	>
<623 , 35 , 7, 7, 73 ,		0	>
<624 , 35 , 8, 3, 66 ,		0	>
<625 , 35 , 8, 5, 66 ,		2	>
<626 , 35 , 8, 7, 66 ,		0	>
<627 , 35 , 10, 3, 54 ,		0	>
<628 , 35 , 10, 5, 54 ,		1	>
<629 , 35 , 10, 7, 54 ,		0	>
<630 , 36 , 2, 2, 63 ,		0	>
<631 , 36 , 2, 3, 63 ,		1	>
<632 , 36 , 2, 4, 63 ,		0	>
<633 , 36 , 2, 5, 63 ,		1	>
<634 , 36 , 2, 6, 63 ,		0	>
<635 , 36 , 3, 2, 99 ,		0	>
<636 , 36 , 3, 3, 99 ,		1	>
<637 , 36 , 3, 4, 99 ,		0	>
<638 , 36 , 3, 5, 99 ,		1	>
<639 , 36 , 3, 6, 99 ,		0	>
<640 , 36 , 4, 2, 99 ,		0	>
<641 , 36 , 4, 3, 99 ,		1	>
<642 , 36 , 4, 4, 99 ,		0	>
<643 , 36 , 4, 5, 99 ,		1	>
<644 , 36 , 4, 6, 99 ,		0	>
<645 , 36 , 5, 2, 88 ,		0	>
<646 , 36 , 5, 3, 88 ,		1	>
<647 , 36 , 5, 4, 88 ,		0	>
<648 , 36 , 5, 5, 88 ,		1	>
<649 , 36 , 5, 6, 88 ,		0	>
<650 , 36 , 6, 2, 79 ,		0	>
<651 , 36 , 6, 3, 79 ,		1	>
<652 , 36 , 6, 4, 79 ,		0	>
<653 , 36 , 6, 5, 79 ,		1	>
<654 , 36 , 6, 6, 79 ,		0	>
<655 , 36 , 8, 2, 73 ,		0	>
<656 , 36 , 8, 3, 73 ,		1	>
<657 , 36 , 8, 4, 73 ,		0	>
<658 , 36 , 8, 5, 73 ,		1	>
<659 , 36 , 8, 6, 73 ,		0	>
<660 , 37 , 1, 1, 89 ,		0	>
<661 , 37 , 1, 3, 89 ,		1	>
<662 , 37 , 1, 6, 89 ,		0	>
<663 , 37 , 1, 7, 89 ,		1	>
<664 , 37 , 3, 1, 80 ,		0	>
<665 , 37 , 3, 3, 80 ,		1	>
<666 , 37 , 3, 6, 80 ,		0	>
<667 , 37 , 3, 7, 80 ,		1	>
<668 , 37 , 8, 1, 43 ,		0	>
<669 , 37 , 8, 3, 43 ,		1	>
<670 , 37 , 8, 6, 43 ,		0	>
<671 , 37 , 8, 7, 43 ,		1	>
<672 , 37 , 9, 1, 95 ,		0	>
<673 , 37 , 9, 3, 95 ,		1	>
<674 , 37 , 9, 6, 95 ,		0	>
<675 , 37 , 9, 7, 95 ,		1	>
<676 , 38 , 1, 1, 68 ,		0	>
<677 , 38 , 1, 4, 68 ,		1	>
<678 , 38 , 1, 5, 68 ,		0	>
<679 , 38 , 1, 6, 68 ,		1	>
<680 , 38 , 4, 1, 60 ,		0	>
<681 , 38 , 4, 4, 60 ,		1	>
<682 , 38 , 4, 5, 60 ,		0	>
<683 , 38 , 4, 6, 60 ,		1	>
<684 , 38 , 5, 1, 63 ,		0	>
<685 , 38 , 5, 4, 63 ,		1	>
<686 , 38 , 5, 5, 63 ,		0	>
<687 , 38 , 5, 6, 63 ,		1	>
<688 , 38 , 6, 1, 99 ,		0	>
<689 , 38 , 6, 4, 99 ,		1	>
<690 , 38 , 6, 5, 99 ,		0	>
<691 , 38 , 6, 6, 99 ,		1	>
<692 , 38 , 9, 1, 80 ,		0	>
<693 , 38 , 9, 4, 80 ,		1	>
<694 , 38 , 9, 5, 80 ,		0	>
<695 , 38 , 9, 6, 80 ,		1	>
<696 , 38 , 10, 1, 65 ,		0	>
<697 , 38 , 10, 4, 65 ,		1	>
<698 , 38 , 10, 5, 65 ,		0	>
<699 , 38 , 10, 6, 65 ,		1	>
<700 , 39 , 1, 1, 95 ,		0	>
<701 , 39 , 1, 2, 95 ,		3	>
<702 , 39 , 1, 6, 95 ,		0	>
<703 , 39 , 2, 1, 95 ,		0	>
<704 , 39 , 2, 2, 95 ,		3	>
<705 , 39 , 2, 6, 95 ,		0	>
<706 , 39 , 6, 1, 89 ,		0	>
<707 , 39 , 6, 2, 89 ,		2	>
<708 , 39 , 6, 6, 89 ,		0	>
<709 , 39 , 10, 1, 82 ,		0	>
<710 , 39 , 10, 2, 82 ,		2	>
<711 , 39 , 10, 6, 82 ,		0	>
<712 , 40 , 2, 2, 33 ,		0	>
<713 , 40 , 2, 3, 33 ,		0	>
<714 , 40 , 2, 4, 33 ,		0	>
<715 , 40 , 2, 5, 33 ,		0	>
<716 , 40 , 3, 2, 28 ,		0	>
<717 , 40 , 3, 3, 28 ,		0	>
<718 , 40 , 3, 4, 28 ,		0	>
<719 , 40 , 3, 5, 28 ,		0	>
<720 , 40 , 4, 2, 21 ,		0	>
<721 , 40 , 4, 3, 21 ,		0	>
<722 , 40 , 4, 4, 21 ,		0	>
<723 , 40 , 4, 5, 21 ,		0	>
<724 , 40 , 5, 2, 31 ,		0	>
<725 , 40 , 5, 3, 31 ,		0	>
<726 , 40 , 5, 4, 31 ,		0	>
<727 , 40 , 5, 5, 31 ,		0	>
<728 , 40 , 8, 2, 41 ,		0	>
<729 , 40 , 8, 3, 41 ,		1	>
<730 , 40 , 8, 4, 41 ,		0	>
<731 , 40 , 8, 5, 41 ,		1	>
<732 , 40 , 9, 2, 14 ,		0	>
<733 , 40 , 9, 3, 14 ,		0	>
<734 , 40 , 9, 4, 14 ,		0	>
<735 , 40 , 9, 5, 14 ,		0	>
<736 , 41 , 4, 4, 59 ,		0	>
<737 , 41 , 4, 5, 59 ,		3	>
<738 , 41 , 5, 4, 61 ,		0	>
<739 , 41 , 5, 5, 61 ,		3	>
<740 , 41 , 10, 4, 94 ,		0	>
<741 , 41 , 10, 5, 94 ,		5	>
<742 , 42 , 4, 4, 88 ,		0	>
<743 , 42 , 4, 5, 88 ,		1	>
<744 , 42 , 4, 6, 88 ,		0	>
<745 , 42 , 4, 7, 88 ,		1	>
<746 , 42 , 5, 4, 60 ,		0	>
<747 , 42 , 5, 5, 60 ,		1	>
<748 , 42 , 5, 6, 60 ,		0	>
<749 , 42 , 5, 7, 60 ,		1	>
<750 , 42 , 6, 4, 72 ,		0	>
<751 , 42 , 6, 5, 72 ,		1	>
<752 , 42 , 6, 6, 72 ,		0	>
<753 , 42 , 6, 7, 72 ,		1	>
<754 , 42 , 7, 4, 96 ,		0	>
<755 , 42 , 7, 5, 96 ,		1	>
<756 , 42 , 7, 6, 96 ,		0	>
<757 , 42 , 7, 7, 96 ,		1	>
<758 , 43 , 1, 1, 36 ,		0	>
<759 , 43 , 1, 4, 36 ,		1	>
<760 , 43 , 1, 6, 36 ,		0	>
<761 , 43 , 4, 1, 14 ,		0	>
<762 , 43 , 4, 4, 14 ,		0	>
<763 , 43 , 4, 6, 14 ,		0	>
<764 , 43 , 6, 1, 35 ,		0	>
<765 , 43 , 6, 4, 35 ,		1	>
<766 , 43 , 6, 6, 35 ,		0	>
<767 , 43 , 8, 1, 15 ,		0	>
<768 , 43 , 8, 4, 15 ,		0	>
<769 , 43 , 8, 6, 15 ,		0	>
<770 , 43 , 9, 1, 26 ,		0	>
<771 , 43 , 9, 4, 26 ,		1	>
<772 , 43 , 9, 6, 26 ,		0	>
<773 , 43 , 10, 1, 12 ,		0	>
<774 , 43 , 10, 4, 12 ,		0	>
<775 , 43 , 10, 6, 12 ,		0	>
<776 , 44 , 1, 1, 96 ,		0	>
<777 , 44 , 1, 2, 96 ,		1	>
<778 , 44 , 1, 4, 96 ,		0	>
<779 , 44 , 1, 6, 96 ,		1	>
<780 , 44 , 2, 1, 95 ,		0	>
<781 , 44 , 2, 2, 95 ,		1	>
<782 , 44 , 2, 4, 95 ,		0	>
<783 , 44 , 2, 6, 95 ,		1	>
<784 , 44 , 4, 1, 96 ,		0	>
<785 , 44 , 4, 2, 96 ,		1	>
<786 , 44 , 4, 4, 96 ,		0	>
<787 , 44 , 4, 6, 96 ,		1	>
<788 , 44 , 6, 1, 95 ,		0	>
<789 , 44 , 6, 2, 95 ,		1	>
<790 , 44 , 6, 4, 95 ,		0	>
<791 , 44 , 6, 6, 95 ,		1	>
<792 , 44 , 8, 1, 95 ,		0	>
<793 , 44 , 8, 2, 95 ,		1	>
<794 , 44 , 8, 4, 95 ,		0	>
<795 , 44 , 8, 6, 95 ,		1	>
<796 , 44 , 10, 1, 95 ,		0	>
<797 , 44 , 10, 2, 95 ,		1	>
<798 , 44 , 10, 4, 95 ,		0	>
<799 , 44 , 10, 6, 95 ,		1	>
<800 , 45 , 1, 1, 63 ,		0	>
<801 , 45 , 1, 5, 63 ,		1	>
<802 , 45 , 1, 6, 63 ,		0	>
<803 , 45 , 1, 7, 63 ,		1	>
<804 , 45 , 5, 1, 38 ,		0	>
<805 , 45 , 5, 5, 38 ,		1	>
<806 , 45 , 5, 6, 38 ,		0	>
<807 , 45 , 5, 7, 38 ,		1	>
<808 , 45 , 6, 1, 21 ,		0	>
<809 , 45 , 6, 5, 21 ,		0	>
<810 , 45 , 6, 6, 21 ,		0	>
<811 , 45 , 6, 7, 21 ,		0	>
<812 , 45 , 7, 1, 44 ,		0	>
<813 , 45 , 7, 5, 44 ,		1	>
<814 , 45 , 7, 6, 44 ,		0	>
<815 , 45 , 7, 7, 44 ,		1	>
<816 , 46 , 1, 1, 5 ,		0	>
<817 , 46 , 1, 3, 5 ,		0	>
<818 , 46 , 1, 4, 5 ,		0	>
<819 , 46 , 1, 5, 5 ,		0	>
<820 , 46 , 1, 6, 5 ,		0	>
<821 , 46 , 3, 1, 10 ,		0	>
<822 , 46 , 3, 3, 10 ,		0	>
<823 , 46 , 3, 4, 10 ,		0	>
<824 , 46 , 3, 5, 10 ,		0	>
<825 , 46 , 3, 6, 10 ,		0	>
<826 , 46 , 4, 1, 6 ,		0	>
<827 , 46 , 4, 3, 6 ,		0	>
<828 , 46 , 4, 4, 6 ,		0	>
<829 , 46 , 4, 5, 6 ,		0	>
<830 , 46 , 4, 6, 6 ,		0	>
<831 , 46 , 5, 1, 4 ,		0	>
<832 , 46 , 5, 3, 4 ,		0	>
<833 , 46 , 5, 4, 4 ,		0	>
<834 , 46 , 5, 5, 4 ,		0	>
<835 , 46 , 5, 6, 4 ,		0	>
<836 , 46 , 6, 1, 12 ,		0	>
<837 , 46 , 6, 3, 12 ,		0	>
<838 , 46 , 6, 4, 12 ,		0	>
<839 , 46 , 6, 5, 12 ,		0	>
<840 , 46 , 6, 6, 12 ,		0	>
<841 , 46 , 10, 1, 5 ,		0	>
<842 , 46 , 10, 3, 5 ,		0	>
<843 , 46 , 10, 4, 5 ,		0	>
<844 , 46 , 10, 5, 5 ,		0	>
<845 , 46 , 10, 6, 5 ,		0	>
<846 , 47 , 1, 1, 97 ,		0	>
<847 , 47 , 1, 3, 97 ,		1	>
<848 , 47 , 1, 4, 97 ,		0	>
<849 , 47 , 1, 6, 97 ,		1	>
<850 , 47 , 1, 7, 97 ,		0	>
<851 , 47 , 3, 1, 92 ,		0	>
<852 , 47 , 3, 3, 92 ,		1	>
<853 , 47 , 3, 4, 92 ,		0	>
<854 , 47 , 3, 6, 92 ,		1	>
<855 , 47 , 3, 7, 92 ,		0	>
<856 , 47 , 4, 1, 84 ,		0	>
<857 , 47 , 4, 3, 84 ,		1	>
<858 , 47 , 4, 4, 84 ,		0	>
<859 , 47 , 4, 6, 84 ,		1	>
<860 , 47 , 4, 7, 84 ,		0	>
<861 , 47 , 6, 1, 93 ,		0	>
<862 , 47 , 6, 3, 93 ,		1	>
<863 , 47 , 6, 4, 93 ,		0	>
<864 , 47 , 6, 6, 93 ,		1	>
<865 , 47 , 6, 7, 93 ,		0	>
<866 , 47 , 7, 1, 95 ,		0	>
<867 , 47 , 7, 3, 95 ,		1	>
<868 , 47 , 7, 4, 95 ,		0	>
<869 , 47 , 7, 6, 95 ,		1	>
<870 , 47 , 7, 7, 95 ,		0	>
<871 , 47 , 8, 1, 98 ,		0	>
<872 , 47 , 8, 3, 98 ,		1	>
<873 , 47 , 8, 4, 98 ,		0	>
<874 , 47 , 8, 6, 98 ,		1	>
<875 , 47 , 8, 7, 98 ,		0	>
<876 , 47 , 10, 1, 99 ,		0	>
<877 , 47 , 10, 3, 99 ,		1	>
<878 , 47 , 10, 4, 99 ,		0	>
<879 , 47 , 10, 6, 99 ,		1	>
<880 , 47 , 10, 7, 99 ,		0	>
<881 , 48 , 3, 1, 50 ,		0	>
<882 , 48 , 3, 3, 50 ,		0	>
<883 , 48 , 3, 4, 50 ,		0	>
<884 , 48 , 3, 5, 50 ,		0	>
<885 , 48 , 3, 7, 50 ,		0	>
<886 , 48 , 4, 1, 85 ,		0	>
<887 , 48 , 4, 3, 85 ,		1	>
<888 , 48 , 4, 4, 85 ,		0	>
<889 , 48 , 4, 5, 85 ,		1	>
<890 , 48 , 4, 7, 85 ,		0	>
<891 , 48 , 5, 1, 71 ,		0	>
<892 , 48 , 5, 3, 71 ,		1	>
<893 , 48 , 5, 4, 71 ,		0	>
<894 , 48 , 5, 5, 71 ,		1	>
<895 , 48 , 5, 7, 71 ,		0	>
<896 , 48 , 7, 1, 52 ,		0	>
<897 , 48 , 7, 3, 52 ,		0	>
<898 , 48 , 7, 4, 52 ,		0	>
<899 , 48 , 7, 5, 52 ,		0	>
<900 , 48 , 7, 7, 52 ,		0	>
<901 , 48 , 8, 1, 68 ,		0	>
<902 , 48 , 8, 3, 68 ,		1	>
<903 , 48 , 8, 4, 68 ,		0	>
<904 , 48 , 8, 5, 68 ,		1	>
<905 , 48 , 8, 7, 68 ,		0	>
<906 , 48 , 9, 1, 62 ,		0	>
<907 , 48 , 9, 3, 62 ,		0	>
<908 , 48 , 9, 4, 62 ,		0	>
<909 , 48 , 9, 5, 62 ,		0	>
<910 , 48 , 9, 7, 62 ,		0	>
<911 , 48 , 10, 1, 77 ,		0	>
<912 , 48 , 10, 3, 77 ,		1	>
<913 , 48 , 10, 4, 77 ,		0	>
<914 , 48 , 10, 5, 77 ,		1	>
<915 , 48 , 10, 7, 77 ,		0	>
<916 , 49 , 3, 3, 47 ,		0	>
<917 , 49 , 3, 5, 47 ,		1	>
<918 , 49 , 3, 7, 47 ,		0	>
<919 , 49 , 5, 3, 71 ,		0	>
<920 , 49 , 5, 5, 71 ,		2	>
<921 , 49 , 5, 7, 71 ,		0	>
<922 , 49 , 7, 3, 93 ,		0	>
<923 , 49 , 7, 5, 93 ,		2	>
<924 , 49 , 7, 7, 93 ,		0	>
<925 , 49 , 9, 3, 86 ,		0	>
<926 , 49 , 9, 5, 86 ,		2	>
<927 , 49 , 9, 7, 86 ,		0	>
<928 , 50 , 1, 1, 96 ,		0	>
<929 , 50 , 1, 3, 96 ,		1	>
<930 , 50 , 1, 4, 96 ,		0	>
<931 , 50 , 1, 5, 96 ,		1	>
<932 , 50 , 3, 1, 99 ,		0	>
<933 , 50 , 3, 3, 99 ,		1	>
<934 , 50 , 3, 4, 99 ,		0	>
<935 , 50 , 3, 5, 99 ,		1	>
<936 , 50 , 4, 1, 98 ,		0	>
<937 , 50 , 4, 3, 98 ,		1	>
<938 , 50 , 4, 4, 98 ,		0	>
<939 , 50 , 4, 5, 98 ,		1	>
<940 , 50 , 5, 1, 99 ,		0	>
<941 , 50 , 5, 3, 99 ,		1	>
<942 , 50 , 5, 4, 99 ,		0	>
<943 , 50 , 5, 5, 99 ,		1	>
<944 , 50 , 9, 1, 96 ,		0	>
<945 , 50 , 9, 3, 96 ,		1	>
<946 , 50 , 9, 4, 96 ,		0	>
<947 , 50 , 9, 5, 96 ,		1	>
<948 , 51 , 2, 2, 97 ,		0	>
<949 , 51 , 2, 4, 97 ,		1	>
<950 , 51 , 2, 5, 97 ,		0	>
<951 , 51 , 2, 6, 97 ,		1	>
<952 , 51 , 2, 7, 97 ,		0	>
<953 , 51 , 4, 2, 85 ,		0	>
<954 , 51 , 4, 4, 85 ,		1	>
<955 , 51 , 4, 5, 85 ,		0	>
<956 , 51 , 4, 6, 85 ,		1	>
<957 , 51 , 4, 7, 85 ,		0	>
<958 , 51 , 5, 2, 78 ,		0	>
<959 , 51 , 5, 4, 78 ,		1	>
<960 , 51 , 5, 5, 78 ,		0	>
<961 , 51 , 5, 6, 78 ,		1	>
<962 , 51 , 5, 7, 78 ,		0	>
<963 , 51 , 6, 2, 95 ,		0	>
<964 , 51 , 6, 4, 95 ,		1	>
<965 , 51 , 6, 5, 95 ,		0	>
<966 , 51 , 6, 6, 95 ,		1	>
<967 , 51 , 6, 7, 95 ,		0	>
<968 , 51 , 7, 2, 86 ,		0	>
<969 , 51 , 7, 4, 86 ,		1	>
<970 , 51 , 7, 5, 86 ,		0	>
<971 , 51 , 7, 6, 86 ,		1	>
<972 , 51 , 7, 7, 86 ,		0	>
<973 , 51 , 10, 2, 74 ,		0	>
<974 , 51 , 10, 4, 74 ,		1	>
<975 , 51 , 10, 5, 74 ,		0	>
<976 , 51 , 10, 6, 74 ,		1	>
<977 , 51 , 10, 7, 74 ,		0	>
<978 , 52 , 1, 1, 41 ,		0	>
<979 , 52 , 1, 3, 41 ,		1	>
<980 , 52 , 1, 5, 41 ,		0	>
<981 , 52 , 3, 1, 99 ,		0	>
<982 , 52 , 3, 3, 99 ,		3	>
<983 , 52 , 3, 5, 99 ,		0	>
<984 , 52 , 5, 1, 96 ,		0	>
<985 , 52 , 5, 3, 96 ,		3	>
<986 , 52 , 5, 5, 96 ,		0	>
<987 , 52 , 9, 1, 70 ,		0	>
<988 , 52 , 9, 3, 70 ,		2	>
<989 , 52 , 9, 5, 70 ,		0	>
<990 , 52 , 10, 1, 58 ,		0	>
<991 , 52 , 10, 3, 58 ,		2	>
<992 , 52 , 10, 5, 58 ,		0	>
<993 , 53 , 2, 2, 26 ,		0	>
<994 , 53 , 2, 3, 26 ,		0	>
<995 , 53 , 2, 4, 26 ,		0	>
<996 , 53 , 2, 5, 26 ,		0	>
<997 , 53 , 2, 6, 26 ,		0	>
<998 , 53 , 2, 7, 26 ,		0	>
<999 , 53 , 3, 2, 19 ,		0	>
<1000 , 53 , 3, 3, 19 ,		0	>
<1001 , 53 , 3, 4, 19 ,		0	>
<1002 , 53 , 3, 5, 19 ,		0	>
<1003 , 53 , 3, 6, 19 ,		0	>
<1004 , 53 , 3, 7, 19 ,		0	>
<1005 , 53 , 4, 2, 30 ,		0	>
<1006 , 53 , 4, 3, 30 ,		0	>
<1007 , 53 , 4, 4, 30 ,		0	>
<1008 , 53 , 4, 5, 30 ,		0	>
<1009 , 53 , 4, 6, 30 ,		0	>
<1010 , 53 , 4, 7, 30 ,		0	>
<1011 , 53 , 5, 2, 36 ,		0	>
<1012 , 53 , 5, 3, 36 ,		0	>
<1013 , 53 , 5, 4, 36 ,		0	>
<1014 , 53 , 5, 5, 36 ,		0	>
<1015 , 53 , 5, 6, 36 ,		0	>
<1016 , 53 , 5, 7, 36 ,		0	>
<1017 , 53 , 6, 2, 30 ,		0	>
<1018 , 53 , 6, 3, 30 ,		0	>
<1019 , 53 , 6, 4, 30 ,		0	>
<1020 , 53 , 6, 5, 30 ,		0	>
<1021 , 53 , 6, 6, 30 ,		0	>
<1022 , 53 , 6, 7, 30 ,		0	>
<1023 , 53 , 7, 2, 33 ,		0	>
<1024 , 53 , 7, 3, 33 ,		0	>
<1025 , 53 , 7, 4, 33 ,		0	>
<1026 , 53 , 7, 5, 33 ,		0	>
<1027 , 53 , 7, 6, 33 ,		0	>
<1028 , 53 , 7, 7, 33 ,		0	>
<1029 , 53 , 9, 2, 19 ,		0	>
<1030 , 53 , 9, 3, 19 ,		0	>
<1031 , 53 , 9, 4, 19 ,		0	>
<1032 , 53 , 9, 5, 19 ,		0	>
<1033 , 53 , 9, 6, 19 ,		0	>
<1034 , 53 , 9, 7, 19 ,		0	>
<1035 , 54 , 1, 1, 74 ,		0	>
<1036 , 54 , 1, 3, 74 ,		1	>
<1037 , 54 , 1, 5, 74 ,		0	>
<1038 , 54 , 1, 6, 74 ,		1	>
<1039 , 54 , 3, 1, 28 ,		0	>
<1040 , 54 , 3, 3, 28 ,		0	>
<1041 , 54 , 3, 5, 28 ,		0	>
<1042 , 54 , 3, 6, 28 ,		0	>
<1043 , 54 , 6, 1, 25 ,		0	>
<1044 , 54 , 6, 3, 25 ,		0	>
<1045 , 54 , 6, 5, 25 ,		0	>
<1046 , 54 , 6, 6, 25 ,		0	>
<1047 , 54 , 9, 1, 42 ,		0	>
<1048 , 54 , 9, 3, 42 ,		1	>
<1049 , 54 , 9, 5, 42 ,		0	>
<1050 , 54 , 9, 6, 42 ,		1	>
<1051 , 55 , 2, 2, 51 ,		0	>
<1052 , 55 , 2, 4, 51 ,		1	>
<1053 , 55 , 2, 6, 51 ,		0	>
<1054 , 55 , 4, 2, 88 ,		0	>
<1055 , 55 , 4, 4, 88 ,		2	>
<1056 , 55 , 4, 6, 88 ,		0	>
<1057 , 55 , 6, 2, 61 ,		0	>
<1058 , 55 , 6, 4, 61 ,		2	>
<1059 , 55 , 6, 6, 61 ,		0	>
<1060 , 55 , 8, 2, 90 ,		0	>
<1061 , 55 , 8, 4, 90 ,		2	>
<1062 , 55 , 8, 6, 90 ,		0	>
<1063 , 55 , 10, 2, 84 ,		0	>
<1064 , 55 , 10, 4, 84 ,		2	>
<1065 , 55 , 10, 6, 84 ,		0	>
<1066 , 56 , 2, 2, 2 ,		0	>
<1067 , 56 , 2, 4, 2 ,		0	>
<1068 , 56 , 2, 5, 2 ,		0	>
<1069 , 56 , 4, 2, 2 ,		0	>
<1070 , 56 , 4, 4, 2 ,		0	>
<1071 , 56 , 4, 5, 2 ,		0	>
<1072 , 56 , 5, 2, 3 ,		0	>
<1073 , 56 , 5, 4, 3 ,		0	>
<1074 , 56 , 5, 5, 3 ,		0	>
<1075 , 56 , 8, 2, 2 ,		0	>
<1076 , 56 , 8, 4, 2 ,		0	>
<1077 , 56 , 8, 5, 2 ,		0	>
<1078 , 56 , 9, 2, 1 ,		0	>
<1079 , 56 , 9, 4, 1 ,		0	>
<1080 , 56 , 9, 5, 1 ,		0	>
<1081 , 57 , 1, 1, 95 ,		0	>
<1082 , 57 , 1, 5, 95 ,		3	>
<1083 , 57 , 1, 7, 95 ,		0	>
<1084 , 57 , 5, 1, 95 ,		0	>
<1085 , 57 , 5, 5, 95 ,		3	>
<1086 , 57 , 5, 7, 95 ,		0	>
<1087 , 57 , 7, 1, 97 ,		0	>
<1088 , 57 , 7, 5, 97 ,		3	>
<1089 , 57 , 7, 7, 97 ,		0	>
<1090 , 57 , 8, 1, 96 ,		0	>
<1091 , 57 , 8, 5, 96 ,		3	>
<1092 , 57 , 8, 7, 96 ,		0	>
<1093 , 57 , 10, 1, 96 ,		0	>
<1094 , 57 , 10, 5, 96 ,		3	>
<1095 , 57 , 10, 7, 96 ,		0	>
<1096 , 58 , 1, 1, 91 ,		0	>
<1097 , 58 , 1, 5, 91 ,		5	>
<1098 , 58 , 5, 1, 98 ,		0	>
<1099 , 58 , 5, 5, 98 ,		5	>
<1100 , 58 , 8, 1, 88 ,		0	>
<1101 , 58 , 8, 5, 88 ,		4	>
<1102 , 59 , 1, 1, 52 ,		0	>
<1103 , 59 , 1, 3, 52 ,		1	>
<1104 , 59 , 1, 6, 52 ,		0	>
<1105 , 59 , 1, 7, 52 ,		1	>
<1106 , 59 , 3, 1, 24 ,		0	>
<1107 , 59 , 3, 3, 24 ,		0	>
<1108 , 59 , 3, 6, 24 ,		0	>
<1109 , 59 , 3, 7, 24 ,		0	>
<1110 , 59 , 6, 1, 40 ,		0	>
<1111 , 59 , 6, 3, 40 ,		1	>
<1112 , 59 , 6, 6, 40 ,		0	>
<1113 , 59 , 6, 7, 40 ,		1	>
<1114 , 59 , 7, 1, 60 ,		0	>
<1115 , 59 , 7, 3, 60 ,		1	>
<1116 , 59 , 7, 6, 60 ,		0	>
<1117 , 59 , 7, 7, 60 ,		1	>
<1118 , 59 , 8, 1, 28 ,		0	>
<1119 , 59 , 8, 3, 28 ,		0	>
<1120 , 59 , 8, 6, 28 ,		0	>
<1121 , 59 , 8, 7, 28 ,		0	>
<1122 , 59 , 9, 1, 36 ,		0	>
<1123 , 59 , 9, 3, 36 ,		1	>
<1124 , 59 , 9, 6, 36 ,		0	>
<1125 , 59 , 9, 7, 36 ,		1	>
<1126 , 59 , 10, 1, 51 ,		0	>
<1127 , 59 , 10, 3, 51 ,		1	>
<1128 , 59 , 10, 6, 51 ,		0	>
<1129 , 59 , 10, 7, 51 ,		1	>
<1130 , 60 , 1, 1, 71 ,		0	>
<1131 , 60 , 1, 2, 71 ,		0	>
<1132 , 60 , 1, 4, 71 ,		0	>
<1133 , 60 , 1, 5, 71 ,		0	>
<1134 , 60 , 1, 6, 71 ,		0	>
<1135 , 60 , 1, 7, 71 ,		0	>
<1136 , 60 , 2, 1, 95 ,		0	>
<1137 , 60 , 2, 2, 95 ,		0	>
<1138 , 60 , 2, 4, 95 ,		0	>
<1139 , 60 , 2, 5, 95 ,		0	>
<1140 , 60 , 2, 6, 95 ,		0	>
<1141 , 60 , 2, 7, 95 ,		0	>
<1142 , 60 , 4, 1, 80 ,		0	>
<1143 , 60 , 4, 2, 80 ,		0	>
<1144 , 60 , 4, 4, 80 ,		0	>
<1145 , 60 , 4, 5, 80 ,		0	>
<1146 , 60 , 4, 6, 80 ,		0	>
<1147 , 60 , 4, 7, 80 ,		0	>
<1148 , 60 , 5, 1, 39 ,		0	>
<1149 , 60 , 5, 2, 39 ,		0	>
<1150 , 60 , 5, 4, 39 ,		0	>
<1151 , 60 , 5, 5, 39 ,		0	>
<1152 , 60 , 5, 6, 39 ,		0	>
<1153 , 60 , 5, 7, 39 ,		0	>
<1154 , 60 , 6, 1, 49 ,		0	>
<1155 , 60 , 6, 2, 49 ,		0	>
<1156 , 60 , 6, 4, 49 ,		0	>
<1157 , 60 , 6, 5, 49 ,		0	>
<1158 , 60 , 6, 6, 49 ,		0	>
<1159 , 60 , 6, 7, 49 ,		0	>
<1160 , 60 , 7, 1, 42 ,		0	>
<1161 , 60 , 7, 2, 42 ,		0	>
<1162 , 60 , 7, 4, 42 ,		0	>
<1163 , 60 , 7, 5, 42 ,		0	>
<1164 , 60 , 7, 6, 42 ,		0	>
<1165 , 60 , 7, 7, 42 ,		0	>
<1166 , 61 , 3, 3, 17 ,		0	>
<1167 , 61 , 3, 4, 17 ,		0	>
<1168 , 61 , 3, 5, 17 ,		0	>
<1169 , 61 , 3, 7, 17 ,		0	>
<1170 , 61 , 4, 3, 32 ,		0	>
<1171 , 61 , 4, 4, 32 ,		0	>
<1172 , 61 , 4, 5, 32 ,		0	>
<1173 , 61 , 4, 7, 32 ,		0	>
<1174 , 61 , 5, 3, 16 ,		0	>
<1175 , 61 , 5, 4, 16 ,		0	>
<1176 , 61 , 5, 5, 16 ,		0	>
<1177 , 61 , 5, 7, 16 ,		0	>
<1178 , 61 , 7, 3, 44 ,		0	>
<1179 , 61 , 7, 4, 44 ,		1	>
<1180 , 61 , 7, 5, 44 ,		0	>
<1181 , 61 , 7, 7, 44 ,		1	>
<1182 , 61 , 8, 3, 41 ,		0	>
<1183 , 61 , 8, 4, 41 ,		1	>
<1184 , 61 , 8, 5, 41 ,		0	>
<1185 , 61 , 8, 7, 41 ,		1	>
<1186 , 62 , 3, 3, 52 ,		0	>
<1187 , 62 , 3, 4, 52 ,		0	>
<1188 , 62 , 3, 5, 52 ,		0	>
<1189 , 62 , 3, 6, 52 ,		0	>
<1190 , 62 , 3, 7, 52 ,		0	>
<1191 , 62 , 4, 3, 32 ,		0	>
<1192 , 62 , 4, 4, 32 ,		0	>
<1193 , 62 , 4, 5, 32 ,		0	>
<1194 , 62 , 4, 6, 32 ,		0	>
<1195 , 62 , 4, 7, 32 ,		0	>
<1196 , 62 , 5, 3, 32 ,		0	>
<1197 , 62 , 5, 4, 32 ,		0	>
<1198 , 62 , 5, 5, 32 ,		0	>
<1199 , 62 , 5, 6, 32 ,		0	>
<1200 , 62 , 5, 7, 32 ,		0	>
<1201 , 62 , 6, 3, 87 ,		0	>
<1202 , 62 , 6, 4, 87 ,		1	>
<1203 , 62 , 6, 5, 87 ,		0	>
<1204 , 62 , 6, 6, 87 ,		1	>
<1205 , 62 , 6, 7, 87 ,		0	>
<1206 , 62 , 7, 3, 70 ,		0	>
<1207 , 62 , 7, 4, 70 ,		1	>
<1208 , 62 , 7, 5, 70 ,		0	>
<1209 , 62 , 7, 6, 70 ,		1	>
<1210 , 62 , 7, 7, 70 ,		0	>
<1211 , 62 , 8, 3, 93 ,		0	>
<1212 , 62 , 8, 4, 93 ,		1	>
<1213 , 62 , 8, 5, 93 ,		0	>
<1214 , 62 , 8, 6, 93 ,		1	>
<1215 , 62 , 8, 7, 93 ,		0	>
<1216 , 62 , 10, 3, 32 ,		0	>
<1217 , 62 , 10, 4, 32 ,		0	>
<1218 , 62 , 10, 5, 32 ,		0	>
<1219 , 62 , 10, 6, 32 ,		0	>
<1220 , 62 , 10, 7, 32 ,		0	>
<1221 , 63 , 2, 2, 45 ,		0	>
<1222 , 63 , 2, 3, 45 ,		0	>
<1223 , 63 , 2, 4, 45 ,		0	>
<1224 , 63 , 2, 5, 45 ,		0	>
<1225 , 63 , 2, 6, 45 ,		0	>
<1226 , 63 , 3, 2, 62 ,		0	>
<1227 , 63 , 3, 3, 62 ,		0	>
<1228 , 63 , 3, 4, 62 ,		0	>
<1229 , 63 , 3, 5, 62 ,		0	>
<1230 , 63 , 3, 6, 62 ,		0	>
<1231 , 63 , 4, 2, 97 ,		0	>
<1232 , 63 , 4, 3, 97 ,		1	>
<1233 , 63 , 4, 4, 97 ,		0	>
<1234 , 63 , 4, 5, 97 ,		1	>
<1235 , 63 , 4, 6, 97 ,		0	>
<1236 , 63 , 5, 2, 97 ,		0	>
<1237 , 63 , 5, 3, 97 ,		1	>
<1238 , 63 , 5, 4, 97 ,		0	>
<1239 , 63 , 5, 5, 97 ,		1	>
<1240 , 63 , 5, 6, 97 ,		0	>
<1241 , 63 , 6, 2, 74 ,		0	>
<1242 , 63 , 6, 3, 74 ,		1	>
<1243 , 63 , 6, 4, 74 ,		0	>
<1244 , 63 , 6, 5, 74 ,		1	>
<1245 , 63 , 6, 6, 74 ,		0	>
<1246 , 63 , 9, 2, 77 ,		0	>
<1247 , 63 , 9, 3, 77 ,		1	>
<1248 , 63 , 9, 4, 77 ,		0	>
<1249 , 63 , 9, 5, 77 ,		1	>
<1250 , 63 , 9, 6, 77 ,		0	>
<1251 , 63 , 10, 2, 68 ,		0	>
<1252 , 63 , 10, 3, 68 ,		1	>
<1253 , 63 , 10, 4, 68 ,		0	>
<1254 , 63 , 10, 5, 68 ,		1	>
<1255 , 63 , 10, 6, 68 ,		0	>
<1256 , 64 , 1, 1, 99 ,		0	>
<1257 , 64 , 1, 2, 99 ,		3	>
<1258 , 64 , 1, 5, 99 ,		0	>
<1259 , 64 , 5, 1, 99 ,		0	>
<1260 , 64 , 5, 2, 99 ,		3	>
<1261 , 64 , 5, 5, 99 ,		0	>
<1262 , 64 , 8, 1, 99 ,		0	>
<1263 , 64 , 8, 2, 99 ,		3	>
<1264 , 64 , 8, 5, 99 ,		0	>
<1265 , 65 , 1, 1, 71 ,		0	>
<1266 , 65 , 1, 2, 71 ,		4	>
<1267 , 65 , 8, 1, 77 ,		0	>
<1268 , 65 , 8, 2, 77 ,		4	>
<1269 , 65 , 9, 1, 90 ,		0	>
<1270 , 65 , 9, 2, 90 ,		4	>
<1271 , 66 , 2, 2, 91 ,		0	>
<1272 , 66 , 2, 3, 91 ,		1	>
<1273 , 66 , 2, 4, 91 ,		0	>
<1274 , 66 , 2, 5, 91 ,		1	>
<1275 , 66 , 2, 6, 91 ,		0	>
<1276 , 66 , 3, 2, 93 ,		0	>
<1277 , 66 , 3, 3, 93 ,		1	>
<1278 , 66 , 3, 4, 93 ,		0	>
<1279 , 66 , 3, 5, 93 ,		1	>
<1280 , 66 , 3, 6, 93 ,		0	>
<1281 , 66 , 4, 2, 98 ,		0	>
<1282 , 66 , 4, 3, 98 ,		1	>
<1283 , 66 , 4, 4, 98 ,		0	>
<1284 , 66 , 4, 5, 98 ,		1	>
<1285 , 66 , 4, 6, 98 ,		0	>
<1286 , 66 , 5, 2, 93 ,		0	>
<1287 , 66 , 5, 3, 93 ,		1	>
<1288 , 66 , 5, 4, 93 ,		0	>
<1289 , 66 , 5, 5, 93 ,		1	>
<1290 , 66 , 5, 6, 93 ,		0	>
<1291 , 66 , 6, 2, 81 ,		0	>
<1292 , 66 , 6, 3, 81 ,		1	>
<1293 , 66 , 6, 4, 81 ,		0	>
<1294 , 66 , 6, 5, 81 ,		1	>
<1295 , 66 , 6, 6, 81 ,		0	>
<1296 , 66 , 8, 2, 88 ,		0	>
<1297 , 66 , 8, 3, 88 ,		1	>
<1298 , 66 , 8, 4, 88 ,		0	>
<1299 , 66 , 8, 5, 88 ,		1	>
<1300 , 66 , 8, 6, 88 ,		0	>
<1301 , 66 , 10, 2, 93 ,		0	>
<1302 , 66 , 10, 3, 93 ,		1	>
<1303 , 66 , 10, 4, 93 ,		0	>
<1304 , 66 , 10, 5, 93 ,		1	>
<1305 , 66 , 10, 6, 93 ,		0	>
<1306 , 67 , 1, 1, 96 ,		0	>
<1307 , 67 , 1, 3, 96 ,		1	>
<1308 , 67 , 1, 4, 96 ,		0	>
<1309 , 67 , 1, 5, 96 ,		1	>
<1310 , 67 , 3, 1, 91 ,		0	>
<1311 , 67 , 3, 3, 91 ,		1	>
<1312 , 67 , 3, 4, 91 ,		0	>
<1313 , 67 , 3, 5, 91 ,		1	>
<1314 , 67 , 4, 1, 78 ,		0	>
<1315 , 67 , 4, 3, 78 ,		1	>
<1316 , 67 , 4, 4, 78 ,		0	>
<1317 , 67 , 4, 5, 78 ,		1	>
<1318 , 67 , 5, 1, 87 ,		0	>
<1319 , 67 , 5, 3, 87 ,		1	>
<1320 , 67 , 5, 4, 87 ,		0	>
<1321 , 67 , 5, 5, 87 ,		1	>
<1322 , 67 , 8, 1, 92 ,		0	>
<1323 , 67 , 8, 3, 92 ,		1	>
<1324 , 67 , 8, 4, 92 ,		0	>
<1325 , 67 , 8, 5, 92 ,		1	>
<1326 , 67 , 9, 1, 94 ,		0	>
<1327 , 67 , 9, 3, 94 ,		1	>
<1328 , 67 , 9, 4, 94 ,		0	>
<1329 , 67 , 9, 5, 94 ,		1	>
<1330 , 67 , 10, 1, 85 ,		0	>
<1331 , 67 , 10, 3, 85 ,		1	>
<1332 , 67 , 10, 4, 85 ,		0	>
<1333 , 67 , 10, 5, 85 ,		1	>
<1334 , 68 , 3, 3, 97 ,		0	>
<1335 , 68 , 3, 6, 97 ,		3	>
<1336 , 68 , 3, 7, 97 ,		0	>
<1337 , 68 , 6, 3, 80 ,		0	>
<1338 , 68 , 6, 6, 80 ,		2	>
<1339 , 68 , 6, 7, 80 ,		0	>
<1340 , 68 , 7, 3, 87 ,		0	>
<1341 , 68 , 7, 6, 87 ,		2	>
<1342 , 68 , 7, 7, 87 ,		0	>
<1343 , 68 , 8, 3, 75 ,		0	>
<1344 , 68 , 8, 6, 75 ,		2	>
<1345 , 68 , 8, 7, 75 ,		0	>
<1346 , 68 , 9, 3, 81 ,		0	>
<1347 , 68 , 9, 6, 81 ,		2	>
<1348 , 68 , 9, 7, 81 ,		0	>
<1349 , 69 , 1, 1, 49 ,		0	>
<1350 , 69 , 1, 2, 49 ,		1	>
<1351 , 69 , 1, 6, 49 ,		0	>
<1352 , 69 , 1, 7, 49 ,		1	>
<1353 , 69 , 2, 1, 31 ,		0	>
<1354 , 69 , 2, 2, 31 ,		0	>
<1355 , 69 , 2, 6, 31 ,		0	>
<1356 , 69 , 2, 7, 31 ,		0	>
<1357 , 69 , 6, 1, 46 ,		0	>
<1358 , 69 , 6, 2, 46 ,		1	>
<1359 , 69 , 6, 6, 46 ,		0	>
<1360 , 69 , 6, 7, 46 ,		1	>
<1361 , 69 , 7, 1, 56 ,		0	>
<1362 , 69 , 7, 2, 56 ,		1	>
<1363 , 69 , 7, 6, 56 ,		0	>
<1364 , 69 , 7, 7, 56 ,		1	>
<1365 , 69 , 9, 1, 81 ,		0	>
<1366 , 69 , 9, 2, 81 ,		1	>
<1367 , 69 , 9, 6, 81 ,		0	>
<1368 , 69 , 9, 7, 81 ,		1	>
<1369 , 69 , 10, 1, 54 ,		0	>
<1370 , 69 , 10, 2, 54 ,		1	>
<1371 , 69 , 10, 6, 54 ,		0	>
<1372 , 69 , 10, 7, 54 ,		1	>
<1373 , 70 , 1, 1, 5 ,		0	>
<1374 , 70 , 1, 3, 5 ,		0	>
<1375 , 70 , 1, 4, 5 ,		0	>
<1376 , 70 , 1, 6, 5 ,		0	>
<1377 , 70 , 1, 7, 5 ,		0	>
<1378 , 70 , 3, 1, 8 ,		0	>
<1379 , 70 , 3, 3, 8 ,		0	>
<1380 , 70 , 3, 4, 8 ,		0	>
<1381 , 70 , 3, 6, 8 ,		0	>
<1382 , 70 , 3, 7, 8 ,		0	>
<1383 , 70 , 4, 1, 6 ,		0	>
<1384 , 70 , 4, 3, 6 ,		0	>
<1385 , 70 , 4, 4, 6 ,		0	>
<1386 , 70 , 4, 6, 6 ,		0	>
<1387 , 70 , 4, 7, 6 ,		0	>
<1388 , 70 , 6, 1, 4 ,		0	>
<1389 , 70 , 6, 3, 4 ,		0	>
<1390 , 70 , 6, 4, 4 ,		0	>
<1391 , 70 , 6, 6, 4 ,		0	>
<1392 , 70 , 6, 7, 4 ,		0	>
<1393 , 70 , 7, 1, 6 ,		0	>
<1394 , 70 , 7, 3, 6 ,		0	>
<1395 , 70 , 7, 4, 6 ,		0	>
<1396 , 70 , 7, 6, 6 ,		0	>
<1397 , 70 , 7, 7, 6 ,		0	>
<1398 , 70 , 8, 1, 9 ,		0	>
<1399 , 70 , 8, 3, 9 ,		0	>
<1400 , 70 , 8, 4, 9 ,		0	>
<1401 , 70 , 8, 6, 9 ,		0	>
<1402 , 70 , 8, 7, 9 ,		0	>
<1403 , 71 , 1, 1, 13 ,		0	>
<1404 , 71 , 1, 6, 13 ,		1	>
<1405 , 71 , 6, 1, 10 ,		0	>
<1406 , 71 , 6, 6, 10 ,		0	>
<1407 , 71 , 10, 1, 27 ,		0	>
<1408 , 71 , 10, 6, 27 ,		1	>
<1409 , 72 , 1, 1, 53 ,		0	>
<1410 , 72 , 1, 3, 53 ,		1	>
<1411 , 72 , 1, 5, 53 ,		0	>
<1412 , 72 , 5, 1, 60 ,		0	>
<1413 , 72 , 5, 3, 60 ,		2	>
<1414 , 72 , 5, 5, 60 ,		0	>
<1415 , 72 , 8, 1, 62 ,		0	>
<1416 , 72 , 8, 3, 62 ,		2	>
<1417 , 72 , 8, 5, 62 ,		0	>
<1418 , 73 , 1, 1, 96 ,		0	>
<1419 , 73 , 1, 3, 96 ,		3	>
<1420 , 73 , 1, 6, 96 ,		0	>
<1421 , 73 , 3, 1, 89 ,		0	>
<1422 , 73 , 3, 3, 89 ,		2	>
<1423 , 73 , 3, 6, 89 ,		0	>
<1424 , 73 , 6, 1, 54 ,		0	>
<1425 , 73 , 6, 3, 54 ,		1	>
<1426 , 73 , 6, 6, 54 ,		0	>
<1427 , 74 , 5, 5, 59 ,		0	>
<1428 , 74 , 5, 7, 59 ,		3	>
<1429 , 74 , 7, 5, 62 ,		0	>
<1430 , 74 , 7, 7, 62 ,		3	>
<1431 , 74 , 9, 5, 89 ,		0	>
<1432 , 74 , 9, 7, 89 ,		4	>
<1433 , 74 , 10, 5, 60 ,		0	>
<1434 , 74 , 10, 7, 60 ,		3	>
<1435 , 75 , 1, 1, 85 ,		0	>
<1436 , 75 , 1, 2, 85 ,		1	>
<1437 , 75 , 1, 3, 85 ,		0	>
<1438 , 75 , 1, 5, 85 ,		1	>
<1439 , 75 , 1, 6, 85 ,		0	>
<1440 , 75 , 2, 1, 81 ,		0	>
<1441 , 75 , 2, 2, 81 ,		1	>
<1442 , 75 , 2, 3, 81 ,		0	>
<1443 , 75 , 2, 5, 81 ,		1	>
<1444 , 75 , 2, 6, 81 ,		0	>
<1445 , 75 , 3, 1, 73 ,		0	>
<1446 , 75 , 3, 2, 73 ,		1	>
<1447 , 75 , 3, 3, 73 ,		0	>
<1448 , 75 , 3, 5, 73 ,		1	>
<1449 , 75 , 3, 6, 73 ,		0	>
<1450 , 75 , 5, 1, 92 ,		0	>
<1451 , 75 , 5, 2, 92 ,		1	>
<1452 , 75 , 5, 3, 92 ,		0	>
<1453 , 75 , 5, 5, 92 ,		1	>
<1454 , 75 , 5, 6, 92 ,		0	>
<1455 , 75 , 6, 1, 76 ,		0	>
<1456 , 75 , 6, 2, 76 ,		1	>
<1457 , 75 , 6, 3, 76 ,		0	>
<1458 , 75 , 6, 5, 76 ,		1	>
<1459 , 75 , 6, 6, 76 ,		0	>
<1460 , 75 , 8, 1, 74 ,		0	>
<1461 , 75 , 8, 2, 74 ,		1	>
<1462 , 75 , 8, 3, 74 ,		0	>
<1463 , 75 , 8, 5, 74 ,		1	>
<1464 , 75 , 8, 6, 74 ,		0	>
<1465 , 75 , 9, 1, 88 ,		0	>
<1466 , 75 , 9, 2, 88 ,		1	>
<1467 , 75 , 9, 3, 88 ,		0	>
<1468 , 75 , 9, 5, 88 ,		1	>
<1469 , 75 , 9, 6, 88 ,		0	>
<1470 , 76 , 6, 6, 99 ,		0	>
<1471 , 76 , 8, 6, 99 ,		0	>
<1472 , 76 , 9, 6, 99 ,		0	>
<1473 , 77 , 2, 2, 99 ,		0	>
<1474 , 77 , 2, 4, 99 ,		1	>
<1475 , 77 , 2, 5, 99 ,		0	>
<1476 , 77 , 2, 7, 99 ,		1	>
<1477 , 77 , 4, 2, 85 ,		0	>
<1478 , 77 , 4, 4, 85 ,		1	>
<1479 , 77 , 4, 5, 85 ,		0	>
<1480 , 77 , 4, 7, 85 ,		1	>
<1481 , 77 , 5, 2, 86 ,		0	>
<1482 , 77 , 5, 4, 86 ,		1	>
<1483 , 77 , 5, 5, 86 ,		0	>
<1484 , 77 , 5, 7, 86 ,		1	>
<1485 , 77 , 7, 2, 98 ,		0	>
<1486 , 77 , 7, 4, 98 ,		1	>
<1487 , 77 , 7, 5, 98 ,		0	>
<1488 , 77 , 7, 7, 98 ,		1	>
<1489 , 77 , 8, 2, 90 ,		0	>
<1490 , 77 , 8, 4, 90 ,		1	>
<1491 , 77 , 8, 5, 90 ,		0	>
<1492 , 77 , 8, 7, 90 ,		1	>
<1493 , 77 , 9, 2, 85 ,		0	>
<1494 , 77 , 9, 4, 85 ,		1	>
<1495 , 77 , 9, 5, 85 ,		0	>
<1496 , 77 , 9, 7, 85 ,		1	>
<1497 , 77 , 10, 2, 77 ,		0	>
<1498 , 77 , 10, 4, 77 ,		1	>
<1499 , 77 , 10, 5, 77 ,		0	>
<1500 , 77 , 10, 7, 77 ,		1	>
<1501 , 78 , 1, 1, 36 ,		0	>
<1502 , 78 , 1, 3, 36 ,		0	>
<1503 , 78 , 1, 4, 36 ,		0	>
<1504 , 78 , 1, 6, 36 ,		0	>
<1505 , 78 , 1, 7, 36 ,		0	>
<1506 , 78 , 3, 1, 23 ,		0	>
<1507 , 78 , 3, 3, 23 ,		0	>
<1508 , 78 , 3, 4, 23 ,		0	>
<1509 , 78 , 3, 6, 23 ,		0	>
<1510 , 78 , 3, 7, 23 ,		0	>
<1511 , 78 , 4, 1, 33 ,		0	>
<1512 , 78 , 4, 3, 33 ,		0	>
<1513 , 78 , 4, 4, 33 ,		0	>
<1514 , 78 , 4, 6, 33 ,		0	>
<1515 , 78 , 4, 7, 33 ,		0	>
<1516 , 78 , 6, 1, 43 ,		0	>
<1517 , 78 , 6, 3, 43 ,		0	>
<1518 , 78 , 6, 4, 43 ,		0	>
<1519 , 78 , 6, 6, 43 ,		0	>
<1520 , 78 , 6, 7, 43 ,		0	>
<1521 , 78 , 7, 1, 36 ,		0	>
<1522 , 78 , 7, 3, 36 ,		0	>
<1523 , 78 , 7, 4, 36 ,		0	>
<1524 , 78 , 7, 6, 36 ,		0	>
<1525 , 78 , 7, 7, 36 ,		0	>
<1526 , 78 , 9, 1, 28 ,		0	>
<1527 , 78 , 9, 3, 28 ,		0	>
<1528 , 78 , 9, 4, 28 ,		0	>
<1529 , 78 , 9, 6, 28 ,		0	>
<1530 , 78 , 9, 7, 28 ,		0	>
<1531 , 78 , 10, 1, 34 ,		0	>
<1532 , 78 , 10, 3, 34 ,		0	>
<1533 , 78 , 10, 4, 34 ,		0	>
<1534 , 78 , 10, 6, 34 ,		0	>
<1535 , 78 , 10, 7, 34 ,		0	>
<1536 , 79 , 1, 1, 9 ,		0	>
<1537 , 79 , 1, 4, 9 ,		0	>
<1538 , 79 , 1, 5, 9 ,		0	>
<1539 , 79 , 4, 1, 9 ,		0	>
<1540 , 79 , 4, 4, 9 ,		0	>
<1541 , 79 , 4, 5, 9 ,		0	>
<1542 , 79 , 5, 1, 8 ,		0	>
<1543 , 79 , 5, 4, 8 ,		0	>
<1544 , 79 , 5, 5, 8 ,		0	>
<1545 , 79 , 8, 1, 14 ,		0	>
<1546 , 79 , 8, 4, 14 ,		0	>
<1547 , 79 , 8, 5, 14 ,		0	>
<1548 , 79 , 9, 1, 6 ,		0	>
<1549 , 79 , 9, 4, 6 ,		0	>
<1550 , 79 , 9, 5, 6 ,		0	>
<1551 , 79 , 10, 1, 18 ,		0	>
<1552 , 79 , 10, 4, 18 ,		0	>
<1553 , 79 , 10, 5, 18 ,		0	>
<1554 , 80 , 2, 2, 89 ,		0	>
<1555 , 80 , 2, 4, 89 ,		1	>
<1556 , 80 , 2, 6, 89 ,		0	>
<1557 , 80 , 2, 7, 89 ,		1	>
<1558 , 80 , 4, 2, 91 ,		0	>
<1559 , 80 , 4, 4, 91 ,		1	>
<1560 , 80 , 4, 6, 91 ,		0	>
<1561 , 80 , 4, 7, 91 ,		1	>
<1562 , 80 , 6, 2, 93 ,		0	>
<1563 , 80 , 6, 4, 93 ,		1	>
<1564 , 80 , 6, 6, 93 ,		0	>
<1565 , 80 , 6, 7, 93 ,		1	>
<1566 , 80 , 7, 2, 90 ,		0	>
<1567 , 80 , 7, 4, 90 ,		1	>
<1568 , 80 , 7, 6, 90 ,		0	>
<1569 , 80 , 7, 7, 90 ,		1	>
<1570 , 80 , 9, 2, 96 ,		0	>
<1571 , 80 , 9, 4, 96 ,		1	>
<1572 , 80 , 9, 6, 96 ,		0	>
<1573 , 80 , 9, 7, 96 ,		1	>
<1574 , 80 , 10, 2, 92 ,		0	>
<1575 , 80 , 10, 4, 92 ,		1	>
<1576 , 80 , 10, 6, 92 ,		0	>
<1577 , 80 , 10, 7, 92 ,		1	>
<1578 , 81 , 5, 5, 85 ,		0	>
<1579 , 81 , 5, 6, 85 ,		4	>
<1580 , 81 , 6, 5, 33 ,		0	>
<1581 , 81 , 6, 6, 33 ,		2	>
<1582 , 81 , 10, 5, 86 ,		0	>
<1583 , 81 , 10, 6, 86 ,		4	>
<1584 , 82 , 5, 2, 42 ,		0	>
<1585 , 82 , 5, 4, 42 ,		1	>
<1586 , 82 , 5, 5, 42 ,		0	>
<1587 , 82 , 8, 2, 60 ,		0	>
<1588 , 82 , 8, 4, 60 ,		2	>
<1589 , 82 , 8, 5, 60 ,		0	>
<1590 , 82 , 9, 2, 78 ,		0	>
<1591 , 82 , 9, 4, 78 ,		2	>
<1592 , 82 , 9, 5, 78 ,		0	>
<1593 , 83 , 2, 2, 33 ,		0	>
<1594 , 83 , 2, 3, 33 ,		0	>
<1595 , 83 , 2, 4, 33 ,		0	>
<1596 , 83 , 2, 5, 33 ,		0	>
<1597 , 83 , 2, 6, 33 ,		0	>
<1598 , 83 , 2, 7, 33 ,		0	>
<1599 , 83 , 3, 2, 30 ,		0	>
<1600 , 83 , 3, 3, 30 ,		0	>
<1601 , 83 , 3, 4, 30 ,		0	>
<1602 , 83 , 3, 5, 30 ,		0	>
<1603 , 83 , 3, 6, 30 ,		0	>
<1604 , 83 , 3, 7, 30 ,		0	>
<1605 , 83 , 4, 2, 28 ,		0	>
<1606 , 83 , 4, 3, 28 ,		0	>
<1607 , 83 , 4, 4, 28 ,		0	>
<1608 , 83 , 4, 5, 28 ,		0	>
<1609 , 83 , 4, 6, 28 ,		0	>
<1610 , 83 , 4, 7, 28 ,		0	>
<1611 , 83 , 5, 2, 35 ,		0	>
<1612 , 83 , 5, 3, 35 ,		0	>
<1613 , 83 , 5, 4, 35 ,		0	>
<1614 , 83 , 5, 5, 35 ,		0	>
<1615 , 83 , 5, 6, 35 ,		0	>
<1616 , 83 , 5, 7, 35 ,		0	>
<1617 , 83 , 6, 2, 17 ,		0	>
<1618 , 83 , 6, 3, 17 ,		0	>
<1619 , 83 , 6, 4, 17 ,		0	>
<1620 , 83 , 6, 5, 17 ,		0	>
<1621 , 83 , 6, 6, 17 ,		0	>
<1622 , 83 , 6, 7, 17 ,		0	>
<1623 , 83 , 7, 2, 37 ,		0	>
<1624 , 83 , 7, 3, 37 ,		0	>
<1625 , 83 , 7, 4, 37 ,		0	>
<1626 , 83 , 7, 5, 37 ,		0	>
<1627 , 83 , 7, 6, 37 ,		0	>
<1628 , 83 , 7, 7, 37 ,		0	>
<1629 , 83 , 8, 2, 22 ,		0	>
<1630 , 83 , 8, 3, 22 ,		0	>
<1631 , 83 , 8, 4, 22 ,		0	>
<1632 , 83 , 8, 5, 22 ,		0	>
<1633 , 83 , 8, 6, 22 ,		0	>
<1634 , 83 , 8, 7, 22 ,		0	>
<1635 , 84 , 2, 2, 72 ,		0	>
<1636 , 84 , 2, 5, 72 ,		2	>
<1637 , 84 , 2, 7, 72 ,		0	>
<1638 , 84 , 5, 2, 80 ,		0	>
<1639 , 84 , 5, 5, 80 ,		2	>
<1640 , 84 , 5, 7, 80 ,		0	>
<1641 , 84 , 7, 2, 69 ,		0	>
<1642 , 84 , 7, 5, 69 ,		2	>
<1643 , 84 , 7, 7, 69 ,		0	>
<1644 , 84 , 9, 2, 81 ,		0	>
<1645 , 84 , 9, 5, 81 ,		2	>
<1646 , 84 , 9, 7, 81 ,		0	>
<1647 , 84 , 10, 2, 98 ,		0	>
<1648 , 84 , 10, 5, 98 ,		3	>
<1649 , 84 , 10, 7, 98 ,		0	>
<1650 , 85 , 1, 1, 8 ,		0	>
<1651 , 85 , 1, 2, 8 ,		0	>
<1652 , 85 , 1, 3, 8 ,		0	>
<1653 , 85 , 1, 4, 8 ,		0	>
<1654 , 85 , 2, 1, 4 ,		0	>
<1655 , 85 , 2, 2, 4 ,		0	>
<1656 , 85 , 2, 3, 4 ,		0	>
<1657 , 85 , 2, 4, 4 ,		0	>
<1658 , 85 , 3, 1, 9 ,		0	>
<1659 , 85 , 3, 2, 9 ,		0	>
<1660 , 85 , 3, 3, 9 ,		0	>
<1661 , 85 , 3, 4, 9 ,		0	>
<1662 , 85 , 8, 1, 5 ,		0	>
<1663 , 85 , 8, 2, 5 ,		0	>
<1664 , 85 , 8, 3, 5 ,		0	>
<1665 , 85 , 8, 4, 5 ,		0	>
<1666 , 86 , 1, 1, 31 ,		0	>
<1667 , 86 , 1, 4, 31 ,		2	>
<1668 , 86 , 4, 1, 19 ,		0	>
<1669 , 86 , 4, 4, 19 ,		1	>
<1670 , 86 , 9, 1, 23 ,		0	>
<1671 , 86 , 9, 4, 23 ,		1	>
<1672 , 86 , 10, 1, 20 ,		0	>
<1673 , 86 , 10, 4, 20 ,		1	>
<1674 , 87 , 1, 1, 96 ,		0	>
<1675 , 87 , 1, 2, 96 ,		1	>
<1676 , 87 , 1, 5, 96 ,		0	>
<1677 , 87 , 1, 6, 96 ,		1	>
<1678 , 87 , 1, 7, 96 ,		0	>
<1679 , 87 , 2, 1, 89 ,		0	>
<1680 , 87 , 2, 2, 89 ,		1	>
<1681 , 87 , 2, 5, 89 ,		0	>
<1682 , 87 , 2, 6, 89 ,		1	>
<1683 , 87 , 2, 7, 89 ,		0	>
<1684 , 87 , 5, 1, 84 ,		0	>
<1685 , 87 , 5, 2, 84 ,		1	>
<1686 , 87 , 5, 5, 84 ,		0	>
<1687 , 87 , 5, 6, 84 ,		1	>
<1688 , 87 , 5, 7, 84 ,		0	>
<1689 , 87 , 6, 1, 87 ,		0	>
<1690 , 87 , 6, 2, 87 ,		1	>
<1691 , 87 , 6, 5, 87 ,		0	>
<1692 , 87 , 6, 6, 87 ,		1	>
<1693 , 87 , 6, 7, 87 ,		0	>
<1694 , 87 , 7, 1, 89 ,		0	>
<1695 , 87 , 7, 2, 89 ,		1	>
<1696 , 87 , 7, 5, 89 ,		0	>
<1697 , 87 , 7, 6, 89 ,		1	>
<1698 , 87 , 7, 7, 89 ,		0	>
<1699 , 87 , 8, 1, 84 ,		0	>
<1700 , 87 , 8, 2, 84 ,		1	>
<1701 , 87 , 8, 5, 84 ,		0	>
<1702 , 87 , 8, 6, 84 ,		1	>
<1703 , 87 , 8, 7, 84 ,		0	>
<1704 , 87 , 10, 1, 93 ,		0	>
<1705 , 87 , 10, 2, 93 ,		1	>
<1706 , 87 , 10, 5, 93 ,		0	>
<1707 , 87 , 10, 6, 93 ,		1	>
<1708 , 87 , 10, 7, 93 ,		0	>
<1709 , 88 , 1, 1, 13 ,		0	>
<1710 , 88 , 1, 3, 13 ,		0	>
<1711 , 88 , 1, 4, 13 ,		0	>
<1712 , 88 , 1, 7, 13 ,		0	>
<1713 , 88 , 3, 1, 29 ,		0	>
<1714 , 88 , 3, 3, 29 ,		0	>
<1715 , 88 , 3, 4, 29 ,		0	>
<1716 , 88 , 3, 7, 29 ,		0	>
<1717 , 88 , 4, 1, 27 ,		0	>
<1718 , 88 , 4, 3, 27 ,		0	>
<1719 , 88 , 4, 4, 27 ,		0	>
<1720 , 88 , 4, 7, 27 ,		0	>
<1721 , 88 , 7, 1, 13 ,		0	>
<1722 , 88 , 7, 3, 13 ,		0	>
<1723 , 88 , 7, 4, 13 ,		0	>
<1724 , 88 , 7, 7, 13 ,		0	>
<1725 , 88 , 9, 1, 39 ,		0	>
<1726 , 88 , 9, 3, 39 ,		1	>
<1727 , 88 , 9, 4, 39 ,		0	>
<1728 , 88 , 9, 7, 39 ,		1	>
<1729 , 88 , 10, 1, 33 ,		0	>
<1730 , 88 , 10, 3, 33 ,		0	>
<1731 , 88 , 10, 4, 33 ,		0	>
<1732 , 88 , 10, 7, 33 ,		0	>
<1733 , 89 , 1, 1, 82 ,		0	>
<1734 , 89 , 1, 2, 82 ,		1	>
<1735 , 89 , 1, 3, 82 ,		0	>
<1736 , 89 , 1, 6, 82 ,		1	>
<1737 , 89 , 2, 1, 81 ,		0	>
<1738 , 89 , 2, 2, 81 ,		1	>
<1739 , 89 , 2, 3, 81 ,		0	>
<1740 , 89 , 2, 6, 81 ,		1	>
<1741 , 89 , 6, 1, 83 ,		0	>
<1742 , 89 , 6, 2, 83 ,		1	>
<1743 , 89 , 6, 3, 83 ,		0	>
<1744 , 89 , 6, 6, 83 ,		1	>
<1745 , 89 , 8, 1, 81 ,		0	>
<1746 , 89 , 8, 2, 81 ,		1	>
<1747 , 89 , 8, 3, 81 ,		0	>
<1748 , 89 , 8, 6, 81 ,		1	>
<1749 , 90 , 1, 1, 13 ,		0	>
<1750 , 90 , 1, 2, 13 ,		0	>
<1751 , 90 , 1, 5, 13 ,		0	>
<1752 , 90 , 1, 6, 13 ,		0	>
<1753 , 90 , 1, 7, 13 ,		0	>
<1754 , 90 , 2, 1, 24 ,		0	>
<1755 , 90 , 2, 2, 24 ,		0	>
<1756 , 90 , 2, 5, 24 ,		0	>
<1757 , 90 , 2, 6, 24 ,		0	>
<1758 , 90 , 2, 7, 24 ,		0	>
<1759 , 90 , 5, 1, 17 ,		0	>
<1760 , 90 , 5, 2, 17 ,		0	>
<1761 , 90 , 5, 5, 17 ,		0	>
<1762 , 90 , 5, 6, 17 ,		0	>
<1763 , 90 , 5, 7, 17 ,		0	>
<1764 , 90 , 6, 1, 15 ,		0	>
<1765 , 90 , 6, 2, 15 ,		0	>
<1766 , 90 , 6, 5, 15 ,		0	>
<1767 , 90 , 6, 6, 15 ,		0	>
<1768 , 90 , 6, 7, 15 ,		0	>
<1769 , 90 , 7, 1, 19 ,		0	>
<1770 , 90 , 7, 2, 19 ,		0	>
<1771 , 90 , 7, 5, 19 ,		0	>
<1772 , 90 , 7, 6, 19 ,		0	>
<1773 , 90 , 7, 7, 19 ,		0	>
<1774 , 90 , 9, 1, 15 ,		0	>
<1775 , 90 , 9, 2, 15 ,		0	>
<1776 , 90 , 9, 5, 15 ,		0	>
<1777 , 90 , 9, 6, 15 ,		0	>
<1778 , 90 , 9, 7, 15 ,		0	>
<1779 , 90 , 10, 1, 9 ,		0	>
<1780 , 90 , 10, 2, 9 ,		0	>
<1781 , 90 , 10, 5, 9 ,		0	>
<1782 , 90 , 10, 6, 9 ,		0	>
<1783 , 90 , 10, 7, 9 ,		0	>
<1784 , 91 , 3, 3, 81 ,		0	>
<1785 , 91 , 3, 4, 81 ,		1	>
<1786 , 91 , 3, 6, 81 ,		0	>
<1787 , 91 , 3, 7, 81 ,		1	>
<1788 , 91 , 4, 3, 66 ,		0	>
<1789 , 91 , 4, 4, 66 ,		1	>
<1790 , 91 , 4, 6, 66 ,		0	>
<1791 , 91 , 4, 7, 66 ,		1	>
<1792 , 91 , 6, 3, 95 ,		0	>
<1793 , 91 , 6, 4, 95 ,		1	>
<1794 , 91 , 6, 6, 95 ,		0	>
<1795 , 91 , 6, 7, 95 ,		1	>
<1796 , 91 , 7, 3, 75 ,		0	>
<1797 , 91 , 7, 4, 75 ,		1	>
<1798 , 91 , 7, 6, 75 ,		0	>
<1799 , 91 , 7, 7, 75 ,		1	>
<1800 , 91 , 8, 3, 75 ,		0	>
<1801 , 91 , 8, 4, 75 ,		1	>
<1802 , 91 , 8, 6, 75 ,		0	>
<1803 , 91 , 8, 7, 75 ,		1	>
<1804 , 91 , 9, 3, 65 ,		0	>
<1805 , 91 , 9, 4, 65 ,		1	>
<1806 , 91 , 9, 6, 65 ,		0	>
<1807 , 91 , 9, 7, 65 ,		1	>	
};